-7.133320012648456387e-01
-1.262069985103348113e+00
-1.072639566175827674e+00
-7.954722264752918381e-02
6.478137371712839876e-01
2.441208733970582911e-01
-9.536118722798253566e-02
6.838085858645954751e-01
1.664349456936393246e+00
2.045036686110349944e+00
1.712565501758131381e+00
5.275034209550455433e-01
-1.195970209429304321e+00
-2.597760869832126396e+00
-2.730182030057557885e+00
-2.355189311422743792e+00
-1.185017891138615997e+00
-4.264747606649879619e-01
-6.295713900720621981e-01
-1.344286862238147418e+00
-1.739900448771231734e+00
-1.489671971455220900e+00
-9.785094897506437794e-01
-7.054287171592505956e-01
-4.498443248079622703e-01
1.518335449674661775e-01
7.461302339509796600e-01
7.855921746356421265e-01
4.956606350596306498e-01
5.948381042112078632e-01
7.474940651201246178e-01
1.767299276253683216e-01
-5.427688053291309656e-01
-5.439260654892001945e-01
-1.976882274907673098e-01
-2.818535022086952058e-01
-7.659262434213160997e-01
-1.231676169526510822e+00
-1.420583887468158668e+00
-1.241485022883489053e+00
-7.526901677117063816e-01
-8.493988440640797000e-02
5.667479039977439959e-01
8.697452149909363772e-01
6.940520728704628883e-01
2.873672706984002345e-01
-1.112066722331595536e-01
-2.706280851407653620e-01
-1.201213404334195989e-01
-1.536295437105098804e-01
-5.838678658867221261e-01
-6.673989652453578003e-01
3.148958591338858054e-02
7.272913188816986230e-01
1.031917430885642029e+00
1.228099320400054539e+00
6.868864736434356910e-01
-7.094542809445626430e-01
-1.616353330134319144e+00
-1.461965073371481516e+00
-9.355580298558916486e-01
-6.264112157772937506e-01
-4.584228586927068805e-01
9.672597548125622113e-02
1.182312682505915813e+00
1.973473422604950622e+00
1.859420049684476606e+00
1.166256120896452586e+00
2.284955878647813854e-01
-7.009491915243903915e-01
-1.453348618270143389e+00
-2.001578008797796571e+00
-2.142380113702197608e+00
-1.827459989257734563e+00
-1.360768264263001903e+00
-1.160017019270194405e+00
-1.566728984027465410e+00
-2.082001689832620350e+00
-1.698223642059056182e+00
-5.445133793744052486e-01
4.239910852977559208e-01
8.365164101355321291e-01
8.105704621901174134e-01
3.971924687993024228e-01
-1.105814469013437634e-01
-3.810474912197209241e-01
-4.901049734162171156e-01
-3.176062390590013718e-01
3.521407353943343255e-01
1.134219290956504311e+00
1.474040606298182121e+00
1.426364483361513669e+00
1.397663636721247160e+00
1.450493294853496984e+00
1.344930495519230051e+00
1.083781835871070909e+00
8.034436673594445022e-01
4.012388790319261767e-01
-1.813398859497439841e-01
-8.943106738097252872e-01
-1.479086658630193174e+00
-1.461353795089630925e+00
-1.093487229802309502e+00
-1.032124615631279108e+00
-1.345663315471711918e+00
-1.441424719643830787e+00
-6.130205346964291424e-01
6.960124862602542484e-01
1.165707307575726936e+00
7.398759596448656328e-01
2.198767369755228740e-01
-1.845324735492723522e-01
-3.138205354845559070e-01
8.844308143319792176e-03
2.952061443463845913e-01
-3.238176701715846095e-02
-6.054892772202514761e-01
-6.139605839826001166e-01
-1.161688751607430209e-01
8.638459277782294110e-02
1.888155583992529724e-02
3.856507580490462495e-01
1.016717001836845435e+00
1.308556608125427179e+00
1.238349719455539732e+00
1.012551688498143143e+00
6.048520424701480103e-01
1.723139849369916821e-01
1.561342492989783171e-01
6.071399385410718441e-01
1.019170211238404455e+00
9.274343323246502235e-01
3.170065399609269252e-01
-5.511169306493822750e-01
-1.010335617182359647e+00
-5.176432351178583691e-01
3.695810141455915243e-01
9.637098247297364306e-01
1.253333712841907088e+00
1.241605908532357638e+00
8.437940978457346697e-01
4.682219800412293909e-01
8.250179580760236275e-01
1.509981148323318534e+00
1.426443945043217809e+00
9.023935103179954176e-01
7.461102311492676664e-01
8.256228483026868403e-01
7.260782789548515526e-01
1.837096983777015621e-02
-1.295651404008944185e+00
-2.233220059059909168e+00
-1.933802125826243223e+00
-8.406219858840029424e-01
-2.454560172212119640e-01
-4.633613401701054957e-01
-6.076694053763438408e-01
-3.600157648601947646e-01
-1.522737914773381884e-01
-2.584050939256081758e-01
-7.407186581142198856e-01
-1.269190445367445852e+00
-9.638334237947784322e-01
1.114501470666871552e-01
7.776006346647097445e-01
5.379103929167344811e-01
3.106623339473073980e-02
-2.460301350879003923e-01
-4.578086895121931121e-01
-5.301220752008080073e-01
-2.106545941371790187e-01
2.859754016928808817e-01
7.622012227751736591e-01
1.216225573300106610e+00
1.388467314875494685e+00
1.150486877789450579e+00
9.966440647490165672e-01
1.280423165421324283e+00
1.619918285430861804e+00
1.588335639676863531e+00
1.040406559602009118e+00
2.101241187231445984e-01
-2.950573671273594711e-01
-2.579554755491867413e-01
-1.015376813352917990e-01
2.772785008463979906e-01
1.023135409888647818e+00
1.340851973615935666e+00
9.245065643531997779e-01
4.201550435345770551e-01
1.344285639567886215e-01
-2.638287173427316668e-01
-7.915830796890225285e-01
-8.340173601979725682e-01
-2.350692412016437416e-01
5.160287089709677533e-01
9.798566161468760249e-01
1.080867711566258604e+00
1.013325184810748070e+00
7.268209480291280000e-01
-7.477205128285324687e-01
-6.629218647824419719e-01
3.829904475453499990e-01
1.630287912857115051e+00
2.080961968994234468e+00
1.346889446909367516e+00
-6.514461966548440279e-03
-1.107697351831438581e+00
-1.446263130604004798e+00
-9.756372146422009894e-01
-2.073987726391820774e-01
2.236211258454489093e-01
3.358115376853770817e-01
6.894278997653816576e-01
1.356066730539070120e+00
1.755090174138657089e+00
1.348659937184744306e+00
3.596399846454562677e-01
-3.656284230279378544e-01
-5.203903141658565712e-01
-2.768217062053719424e-01
2.551174835230886062e-01
6.096631123329860902e-01
6.043578079968057182e-01
6.880837477087726750e-01
9.624590958480992997e-01
1.392724049114169915e+00
1.863494968046631728e+00
1.955569922791384974e+00
1.546844850568771745e+00
1.044710382566549578e+00
9.097670572430031077e-01
1.144325608327812605e+00
1.137073092834447241e+00
4.682159831409005712e-01
-4.158448639382643086e-01
-8.795289579095630916e-01
-1.048574585869993303e+00
-1.369238256243223040e+00
-1.547381052669330792e+00
-1.395239550712002119e+00
-1.117465077071876589e+00
-4.537544571791323200e-01
4.456354521222866127e-01
1.054459019129247999e+00
1.066837969011065645e+00
4.372469324222381659e-01
-1.461224781944582829e-01
-1.178280161186584241e-01
1.942582681367877595e-01
3.282823646246386118e-01
1.538727706911864890e-01
5.171222579377586330e-03
4.713961595183120412e-01
1.395844286212648111e+00
1.830456636834646433e+00
1.100332966382066680e+00
-2.621743787171489370e-01
-9.162724315491270755e-01
-2.173538930792200119e-01
9.870801364619674612e-01
1.650159862180630821e+00
1.974096706578408744e+00
2.278139985672250400e+00
2.010838533194287514e+00
1.129176002072657781e+00
6.518678581482739709e-01
9.003551361749259074e-01
9.047512035325849800e-01
3.571937163414696248e-01
-1.036896262668607072e-01
-4.431706955919360036e-01
-9.300049092857740618e-01
-1.426566901797317710e+00
-1.723480229256792784e+00
-1.735626426005954182e+00
-1.594153893760812180e+00
-1.521692090100608130e+00
-1.327034171205991209e+00
-9.117924791016334130e-01
-6.612542064034893086e-01
-5.067242742171739200e-01
-2.053210155058683983e-01
2.108619091803617257e-02
-1.102531433736434197e-01
-5.245568514861190801e-01
-8.465506884900053652e-01
-9.790172651404122073e-01
-1.210167942135430108e+00
-1.502283924348350119e+00
-1.614573599337266074e+00
-1.421591531017022181e+00
-8.328312244190213542e-01
-1.839735238755439151e-01
1.633035169491674765e-01
3.762189338508639680e-01
4.455673172505534851e-01
3.085326913915714675e-01
2.986328986883898459e-02
-3.837056578775908111e-01
-4.332660790015894214e-01
2.747356602066425291e-01
1.111997538713505707e+00
1.353556480564761966e+00
1.213994140836763602e+00
1.046453204063512166e+00
4.225224099962069380e-01
-7.769716519463957249e-01
-1.532635393192361528e+00
-1.233123026934980215e+00
-5.456709663076683148e-01
-4.021199038704008077e-01
-1.035000678918870376e+00
-1.686339225054529711e+00
-1.361492031418156223e+00
-2.319679601288403281e-01
5.753640304720202270e-01
5.014555147025940851e-01
3.918084133442154698e-02
-4.233104590195375105e-01
-1.238975176722859395e+00
-2.223626225135128642e+00
-2.349954735106399184e+00
-1.368186465862487156e+00
-4.259582254872807394e-01
-4.260114294482620356e-01
-1.014796361710436523e+00
-1.275447659564582503e+00
-8.038089944059374492e-01
-2.184565883951033322e-02
5.259608898539398503e-01
7.379126262380895085e-01
9.284526935402775960e-01
1.247342552754217015e+00
1.311775487283865393e+00
1.046423039128895338e+00
8.170464554470429075e-01
6.812853383231360915e-01
6.471977703312590258e-01
5.894111490683667798e-01
2.117172126206570970e-01
-3.823271082242760133e-01
-8.004246584205820803e-01
-8.584362592111172141e-01
-6.315669462346715779e-01
-2.472746511906298850e-01
-3.194945819344276183e-02
-1.542099869973004474e-02
2.244419195274054424e-01
6.015267227473169998e-01
7.421988047341182559e-01
6.142179122830587756e-01
3.775768107183483657e-01
3.765211422375414618e-01
6.860990793382480968e-01
9.220625598568684689e-01
9.442256776112490924e-01
8.852102700063848584e-01
8.859972396559441243e-01
9.503380830503437293e-01
1.074915718011395516e+00
1.319408843783749896e+00
1.367992187225381517e+00
7.225438108481855304e-01
-2.406563308425664904e-01
-8.934673922539543289e-01
-1.324490025184190234e+00
-1.299985829490264644e+00
-4.863071550724076819e-01
3.076174914476204614e-01
3.023875510538902578e-01
-2.423477201574923967e-01
-9.979058315227348208e-01
-1.690360355933660408e+00
-1.896194562615711288e+00
-1.695884651217648864e+00
-1.168653449411499956e+00
-5.446457528561968187e-02
1.055301885372683879e+00
1.088583900573211638e+00
3.917258745980134460e-01
5.603825270400203395e-02
-2.753405433121589030e-02
-4.939796206944401247e-01
-1.263298038528875455e+00
-1.714393448425054256e+00
-1.597212190290256295e+00
-1.106084406122983754e+00
-5.930201082123712775e-01
-5.601409930773666446e-01
-9.513528969000656366e-01
-9.754704576359131130e-01
-2.261098011368893324e-01
6.361878964294438443e-01
9.101723295226026300e-01
7.747423666605109949e-01
6.722426168421973269e-01
6.575902609407281441e-01
4.612581198887633627e-01
1.242204849859688265e-01
-1.274895256124324971e+00
-1.451712146125138547e+00
-7.806781050795094101e-01
-3.805487590401465114e-01
-6.825830375922944393e-01
-1.144351127431814774e+00
-1.099214020751547505e+00
-6.860675597893171052e-01
-4.949193777223563906e-01
-7.023928765019661347e-01
-1.072551274667603582e+00
-1.199194872837443304e+00
-8.389940204710628624e-01
-1.495400339030907855e-01
1.143630929019703868e-01
-6.658207368641638757e-01
-1.604446729527362114e+00
-1.645827359497340936e+00
-1.248677426756297226e+00
-1.059686546638626270e+00
-8.140716935954713795e-01
-1.772641474341132284e-01
1.715429015103100974e-01
-4.904691967367666439e-01
-1.417466549886520433e+00
-1.658188482981957312e+00
-1.519036784234882864e+00
-1.562930641763857320e+00
-1.426434606390286852e+00
-7.075909061382348320e-01
-4.010211478696291271e-02
-1.201791966726801532e-02
-2.061723434154148493e-01
-2.550077652668509831e-01
-2.675659814984302498e-01
-4.781149910688704124e-02
4.192566964894819947e-01
4.899411554957006643e-01
-1.426177997005412534e-01
-1.118719550944650809e+00
-1.798617537932256427e+00
-1.524290750748233059e+00
-2.541650195491506059e-01
1.159630031878608136e+00
1.825723199485507431e+00
1.316739961061695441e+00
-1.365339771103072364e-01
-1.370790510131980833e+00
-1.782954563961472561e+00
-1.667117683438276821e+00
-1.031673946483008697e+00
-1.692435690407786963e-01
3.893390980687380654e-01
7.444798661355154223e-01
1.160192755992050406e+00
1.247974598507697763e+00
6.783410336164247267e-01
-2.481445540548011044e-02
-3.074684584318720382e-01
-1.248985623329604278e-01
3.088980028683557255e-01
5.841731990425405030e-01
4.025035427524815690e-01
1.776184483637451017e-01
3.692199478906564303e-01
4.464691204584468887e-01
-2.244267371443077475e-01
-1.244905448832516859e+00
-1.740364627570413436e+00
-1.454768960799365907e+00
-1.018333078793296709e+00
-9.104146061176023874e-01
-5.317127544472584066e-01
4.593855711070256032e-01
1.334450103298656876e+00
1.684280436092264965e+00
1.739979065288311810e+00
1.677710685783966760e+00
1.408461625019252761e+00
8.485260758908153012e-01
1.793080689522357218e-01
-3.265517809339105182e-01
-6.024343816777680827e-01
-8.071950824785140144e-01
-9.926528679121463528e-01
-9.738364720546273112e-01
-6.863281963453040646e-01
-1.464847668664986668e-01
3.716316551600725715e-01
5.421161678210970614e-01
7.017606932408375631e-01
9.066807025573040413e-01
6.452532629705686196e-01
-1.131858981186348832e-02
-6.054061831772957758e-01
-8.231802029663606302e-01
-4.592612240972768212e-01
9.001386405540320879e-02
2.314703564311617612e-01
1.481693085310881175e-01
1.739408289632282389e-01
2.211106318146330574e-01
4.499293002981621936e-01
1.156167198955609043e+00
2.005217693547166835e+00
2.476773625946898427e+00
2.416310745893507139e+00
1.809237121305306673e+00
8.089818280842572262e-01
-1.562236479143942480e-01
-7.211740842685075981e-01
-1.031872902413336623e+00
-1.299871955709203775e+00
-1.247078963171815769e+00
-7.912910420306379367e-01
-3.889076121808678344e-01
-3.349248123292241086e-01
-3.500593164233262722e-01
-1.095004258838572775e-01
1.479620886919850720e-01
-1.290568234386401114e-01
-8.469137862674379624e-01
-1.194414657487423259e+00
-7.673075153195919595e-01
-1.577736041395965683e-01
1.208084198376604551e-01
5.514559829994424289e-01
1.381609039815056672e+00
1.728053684768957821e+00
1.230824877807019213e+00
7.742150879976568145e-01
8.229280962403449085e-01
1.104561744362695386e+00
1.231508033131797575e+00
8.036911774282393672e-01
-1.825830677748926933e-01
-1.030375926854602664e+00
-1.088204829904311888e+00
-4.431872636262117471e-01
3.672632850020937645e-01
9.715661735458321902e-01
1.055929184903702245e+00
2.751147534619592938e-01
-8.130731148066012715e-01
-1.083344517574857058e+00
-7.448951552743079407e-01
-6.670695462982592083e-01
-7.501939323706662277e-01
-7.759088193212311246e-01
-6.382139051035613520e-01
-1.601181545253569094e-01
1.855885698501065217e-01
7.881850251262541296e-02
-5.157631503840241771e-02
-5.968321997230422588e-02
-6.654569635805149784e-03
3.835927306273717585e-01
8.541718353789340412e-01
7.235135520165322243e-01
1.001314178920263420e-01
-2.601420421041765185e-01
8.481511108105015129e-02
6.197045989763100282e-01
7.341341281799751428e-01
5.278332600786433959e-01
2.568041394225054064e-01
4.876696776565479091e-02
-8.816203535006866820e-02
-1.873598693702342166e-01
-4.281489059369388284e-01
-1.139066041333340440e+00
-1.957787107183129205e+00
-2.181115914746404982e+00
-1.924480539709974902e+00
-1.423846176673626562e+00
-6.530813362888852058e-01
1.983714767538476698e-01
7.710093525300292239e-01
8.299827189279356254e-01
7.894826993784004321e-01
9.405850276029873447e-01
1.029847925635809069e+00
1.179158361735455074e+00
1.292361802596324827e+00
9.806859923574703375e-01
6.469625758751991196e-01
9.810876144657030284e-01
1.814770699860712488e+00
2.362669028041062713e+00
2.205975283830690081e+00
1.525382919170268803e+00
9.209632922367293473e-01
7.935502054467370447e-01
9.288717722976732594e-01
1.083372169482626379e+00
1.298199129468988966e+00
1.576026224001180420e+00
1.720015508875524235e+00
1.545545766536502885e+00
9.888404428058402695e-01
2.791435164205449682e-01
-4.843303934891330376e-01
-1.580749862490923086e+00
-2.081223165640530226e+00
-2.018466508677343896e+00
-1.603993519031103432e+00
-7.738803816375797728e-01
2.908706771911174008e-02
3.856338398810492119e-01
4.887890889716377529e-01
3.183700096465639784e-01
-2.591324897129508864e-01
-8.334276556882911358e-01
-8.744740170435874038e-01
-3.463768775991476478e-01
2.870500434886708585e-01
4.628030976139030916e-01
2.976244962161667118e-01
4.244507831991291003e-01
7.540344674649513967e-01
7.113084993610306883e-01
1.985414529631350233e-01
-1.718365179514425300e-01
7.805935653629617055e-02
5.150081239963463231e-01
4.915472466445466315e-01
-8.204486264267638052e-02
-6.352854166380074163e-01
-6.199193602127562874e-01
-1.641681550580119664e-01
2.064494578696797755e-01
3.531759174090329800e-01
6.531891745165629981e-01
9.408962925361483709e-01
7.061249549025142569e-01
3.956742906544044591e-01
5.004620948248617029e-01
4.450449414385624913e-01
-2.065482803883006424e-01
-1.089737607965074684e+00
-1.713171724426061804e+00
-2.061769533584776326e+00
-2.269426317772404111e+00
-2.193128500855692664e+00
-1.856053235516849975e+00
-1.289030402464014458e+00
-5.450091777297032536e-01
-1.648122320169217447e-01
-4.395637866077045097e-01
-1.051853990089880453e+00
-1.585075305395551526e+00
-1.527435476932702763e+00
-6.991843760506297745e-01
3.866055863999385278e-01
1.043447129214723157e+00
9.972340082014901075e-01
4.915995644090839223e-01
-6.460560545480086014e-02
-4.100877581718833653e-01
-3.867802874171440974e-01
-1.308097707984999802e-01
1.380379533363801647e-01
5.787191998739976695e-01
1.330013231051701661e+00
1.753235093988806836e+00
1.179630479881333960e+00
2.740360338221576875e-01
1.008084180063801155e-01
6.861542569881422526e-01
1.057500844333471690e+00
6.823292218513534735e-01
2.054551055591600783e-01
7.734990084770497487e-02
2.505250093663299524e-02
-9.035625564850933988e-02
-1.523497417646838825e-01
-4.553091656422594835e-01
-9.012395286197401045e-01
-5.230002607014038185e-01
8.496847441971556725e-01
2.162790299404124816e+00
2.424373764930972897e+00
1.483739150429983278e+00
-1.044516643936749672e-01
-1.315291897788119835e+00
-1.375457333683119732e+00
-5.013007790042857126e-01
2.913688546447127381e-01
2.018975331154275188e-01
-3.051988609743500613e-01
-1.638739539917231092e-01
6.900068889739311428e-01
1.415080521261685043e+00
1.375269782303297106e+00
6.219437008502544106e-01
-3.546391178739224936e-02
-1.093365617104570392e-01
-2.797446283441770154e-01
-8.045261457275444394e-01
-8.880158844417058717e-01
-2.547124679160409633e-01
6.533843679332843601e-01
1.554647626794805726e+00
2.244825733409101520e+00
2.516951024737708043e+00
2.395864792835780577e+00
1.836329410960076514e+00
7.138502882026959151e-01
-5.452037279599238895e-01
-1.156013336054988683e+00
-9.387646585383527809e-01
-3.612331737669028375e-01
-9.335091569648618429e-03
-1.436138510642531729e-02
-7.927671703843226780e-02
-2.145144520580120617e-01
-4.602833572850063559e-01
-4.317091664332244894e-01
-1.532975817048280731e-01
2.363797623706089257e-01
8.862802030681962151e-01
1.250439910532692434e+00
1.120999683284462867e+00
9.417465515057316106e-01
5.694688273023975622e-01
-3.824045580982653875e-02
-4.739847264519199133e-01
-5.350673770805970397e-01
-5.473441175754254484e-01
-9.140142240010015184e-01
-1.239058646819016785e+00
-9.990006583547511587e-01
-3.317309161750481294e-01
5.514686014101698452e-01
1.359508650373093541e+00
1.355372897046361880e+00
5.150451662761995619e-01
-1.536182312613972034e-01
-2.866162785269272817e-01
-2.547153613414274154e-01
-1.805424919161720820e-01
-8.824157144012195753e-02
-2.188878285913057886e-01
-7.135770836374815129e-01
-1.023094942063535351e+00
-4.068481771293513960e-01
7.708977926856425134e-01
1.492109234379700888e+00
1.342654212942756109e+00
5.930237671891321893e-01
-1.928150981649914275e-01
-4.946498759973779746e-01
-3.040703559736151473e-01
3.426162716775782435e-01
1.534501832460069437e+00
2.417203647543896938e+00
2.402390712291231800e+00
2.140466247397585509e+00
1.783806030776634577e+00
1.239295460231617740e+00
8.403768462101722792e-01
3.906749125708828263e-01
-4.296160334614386178e-01
-1.143330435702814896e+00
-1.096993192337141654e+00
-4.015598003128510451e-01
3.391271281648009506e-01
6.871862724291395441e-01
6.461397331023540636e-01
6.076340647787917826e-01
8.081444296590117871e-01
9.581057315313622480e-01
8.935196910222295008e-01
8.121277813068079610e-01
5.186236378713497963e-01
-6.602933251404814741e-02
-3.958197820620633633e-01
-4.608724123074102175e-01
-5.643417983720057096e-01
-7.640315341423862261e-01
-1.291865875416357889e+00
-1.919798586462472256e+00
-1.932701543559872226e+00
-1.256786056763614656e+00
-5.124682441121366505e-01
-1.175993646221469568e-01
-1.933593474146218794e-01
-9.490875939586383980e-01
-1.950877936093821763e+00
-2.275005274839223990e+00
-1.890890412016004829e+00
-1.367438293639573255e+00
-9.341788205648989818e-01
-7.802019699413844656e-01
-8.668897481190027676e-01
-5.984837506707104682e-01
8.204257571058680421e-02
5.411672939474906352e-01
6.161148288969585662e-01
4.450141826149535684e-01
5.228784866142993648e-01
1.069913051747357624e+00
1.211914409350158595e+00
9.548738566343794032e-01
5.897916211710110268e-01
3.922432492370269558e-02
-7.648347802737475165e-01
-1.336684223688682449e+00
-1.344224210317131574e+00
-1.344423317930213635e+00
-1.672564243016043672e+00
-2.032974161493473542e+00
-2.380156098916935470e+00
-2.584614048313499168e+00
-2.165905566639807933e+00
-1.098134739932908888e+00
4.356938114508230458e-02
4.730310426717780903e-01
-2.415625674925811137e-02
-8.741538498376451027e-01
-1.510526973143132112e+00
-1.744655962310861952e+00
-1.749900414547550742e+00
-1.751020828220706482e+00
-1.728264124992470840e+00
-1.563073199953227022e+00
-1.104243245291575137e+00
-2.472328068741224683e-01
6.708791673821817847e-01
1.069171668655697793e+00
7.567453015579490572e-01
2.030212400494669223e-01
-5.727854700073040789e-02
-3.048630571278270751e-01
-9.372240124227563252e-01
-1.245139577683292087e+00
-3.981674956027291823e-01
1.192196427385205704e+00
2.383855802213306063e+00
2.592231953700065983e+00
2.320998150467239007e+00
1.847101048549838476e+00
1.015584449872634076e+00
2.412344262605627399e-01
-1.018679232209160346e-01
-2.282413677405051022e-01
-4.335176594716639298e-01
-6.953311430091653200e-01
-5.562524660673070498e-01
6.353006784333725676e-02
4.386223605192325903e-01
2.825989493153819865e-01
-6.294454252495766677e-02
-1.065115307009531498e-02
6.577995489953144537e-01
1.031590935927847674e+00
4.035503396458743341e-01
-6.315965274198294122e-01
-1.243406487433709851e+00
-1.320310864360085157e+00
-1.117480966818566790e+00
-8.368032232266683357e-01
-4.850421348824211498e-01
4.704180253283402752e-02
3.983303866414500960e-01
3.078407376503541348e-01
2.097306662551708945e-01
2.973232934506077063e-01
3.952598038846218409e-01
5.923045786690506187e-01
7.513959222011187267e-01
7.242989233692711526e-01
6.807899086939473987e-01
3.182417401483803587e-01
-5.507730440474594147e-01
-1.060057819520516587e+00
-7.801616034836110769e-01
-3.911831384839738468e-01
-2.489968473068310817e-01
-1.851893608217572151e-01
-2.344907812518618739e-01
-3.426609736009151863e-01
-1.620876398800014939e-01
1.935278915836425306e-01
3.509996148837089547e-01
4.469819602739404374e-01
8.208741497284528510e-01
1.272337381814135915e+00
1.393794522692312965e+00
1.212918711524332949e+00
9.092005712884606572e-01
3.786243581425232652e-01
-5.609171771381750160e-01
-1.741175564263986564e+00
-2.518431125406265014e+00
-2.266410729531135537e+00
-1.258714655239477231e+00
-2.918581511369958137e-01
3.593808229450627389e-01
7.073527023693713112e-01
5.827292472048175576e-01
1.626083073931905987e-01
1.640613751711186841e-01
7.615292817892450605e-01
1.259922424768865845e+00
1.322917480006251756e+00
1.332773393831512720e+00
1.613799069627488203e+00
1.904781848682759016e+00
1.448081180442957416e+00
7.691855911676245827e-02
-1.431835104667947611e+00
-2.362655865529915022e+00
-2.187823210153420739e+00
-1.019251487563868297e+00
3.578405409911707830e-02
3.235802720722157910e-01
8.488379809766698203e-02
-3.831447408298325197e-01
-9.600100928012850199e-01
-1.321516353829876644e+00
-7.124403722841246012e-01
7.778410279547705031e-01
1.559584172870107865e+00
7.454350990457412340e-01
-4.003952543015781851e-01
-6.816919310621516459e-01
-5.217972137024956547e-01
-4.212972860570079470e-01
-3.322043835672940926e-01
-4.188725111619222008e-01
-6.030101128449467662e-01
-3.975659712078177255e-01
1.743994364863051330e-02
8.054959301700471974e-02
5.374189296660286663e-02
3.583416429343850296e-01
5.958675072540919881e-01
3.579834825436435386e-01
-1.968511867780123881e-01
-6.199255794219995508e-01
-7.629845184976778993e-01
-8.238096652836772726e-01
-7.253789006994834088e-01
-3.008994059270791444e-01
8.437453662772102791e-02
1.250194852263676604e-01
2.015026306389861299e-01
1.841843388588344510e-01
-1.447747388543237645e-01
-2.505091578973445837e-02
6.927114523519499745e-01
9.836144353982950728e-01
2.485652061898206977e-01
-7.496970632443105131e-01
-7.561118016378777229e-01
1.827834347512252433e-01
6.902766578949784959e-01
1.646964666307138281e-01
-4.361894550395684633e-01
-2.051947394772308253e-01
5.361724762319006743e-01
9.722198464917426453e-01
6.890789895332360970e-01
-3.728103372987406211e-02
-3.722801536475922601e-01
1.255501550594738391e-01
8.217559641487557354e-01
7.533224739587878194e-01
2.464420348770793301e-01
3.375662041327702756e-01
9.459852229309274607e-01
1.283465368497905823e+00
8.983574350753770199e-01
1.675497471624413370e-01
-4.521781062103906457e-02
5.624365393432056992e-01
1.424326565009837564e+00
1.926154678612734816e+00
1.945410231980548410e+00
1.519267543301862755e+00
8.885164913218798199e-01
4.846531657493209355e-01
5.273011203003854508e-01
6.230852874586458867e-01
1.059448787507440842e-01
-1.013804848661790547e+00
-1.780920314976564445e+00
-1.581632732213546388e+00
-1.064811770512188005e+00
-7.163305831396508117e-01
-9.581799367295983083e-02
8.221230930604809251e-01
1.353748860118233477e+00
1.207778932521244686e+00
7.723132222642471456e-01
5.593415351372141853e-01
7.082347766573949821e-01
9.268196256437669645e-01
7.331836882491956642e-01
3.932854712165776423e-01
9.127009697680706912e-01
1.444873830849925822e+00
1.591259220302538413e+00
1.282720346657353350e+00
1.032712857234656001e+00
9.498328095396524340e-01
7.147157215522023099e-01
5.542957143867268677e-01
8.520605962684854040e-01
1.196464011115588644e+00
9.668064532510125542e-01
4.134241799092590597e-01
4.349549197639453885e-02
-4.781332446620482068e-01
-1.564872602592960904e+00
-2.326469039523400895e+00
-1.784501000054953490e+00
-6.364673240877654070e-01
2.477059934642568129e-01
1.255720819426578982e+00
2.408505343283981137e+00
2.738503262695882512e+00
2.738503262695882512e+00
2.010264908562374941e+00
7.611441982981129728e-01
1.115216956990401770e-01
3.617402498363128660e-01
5.854781381847303789e-01
1.928591857372792887e-02
-7.309469647596016362e-01
-9.118015993925729923e-01
-7.168103088019612823e-01
-4.956446885643372990e-01
-2.134325218985249351e-01
1.356076590210851252e-01
5.119760779905809800e-01
7.172083695435527151e-01
5.781409525046217190e-01
4.911483473565019797e-01
5.258621322238695717e-01
2.529770196183211972e-01
-2.766839744550859681e-01
-6.510601202273055277e-01
-6.902549428319799674e-01
-4.949538780905446411e-01
-2.547652582317710412e-01
-5.889372816191837390e-02
5.000894006569366057e-02
-1.971767668041658483e-01
-9.067746477709817121e-01
-1.548605382257200791e+00
-1.411088756209500028e+00
-6.956091877867051076e-01
-2.639948862621775416e-01
-2.543907109076235518e-01
-5.028168324178092785e-01
-1.051249057933763664e+00
-1.418908978500030171e+00
-1.135027952135495344e+00
-4.988275884202026389e-01
-6.830756440483463920e-02
-1.327628559227220055e-02
-6.187162982154973540e-02
-1.095886214130885467e-01
-1.380975339743582830e-01
4.114902504716057285e-02
3.916058001031231250e-01
7.577988354481591804e-01
1.061520159880118275e+00
1.082799298256675424e+00
7.486922281122271317e-01
4.785501831764228942e-01
4.386877031480015399e-01
2.470400163488216672e-01
-1.209928273686071282e-01
-3.839102605040500271e-01
-3.160745840958274488e-01
2.520986070800478873e-01
8.446651748208978683e-01
5.147302728006593053e-01
-7.333038471255828306e-01
-1.649420314104331764e+00
-1.556654567238576758e+00
-1.124927912231295624e+00
-8.144688502715119460e-01
-3.750609859728497031e-01
-1.054787872701539314e-01
-5.529805288373081940e-01
-1.105364319360411240e+00
-8.324908192629701942e-01
9.440138169731374096e-02
8.174139763128969172e-01
9.904111326019023887e-01
1.064333789719853485e+00
1.208661992959115583e+00
1.075891356368722240e+00
5.755268207434444117e-01
-1.454194499948370869e-02
-6.159688305628381322e-01
-1.345161250262679298e+00
-1.831831208559211444e+00
-1.509730253560525037e+00
-6.890569187255850547e-01
-1.298430519232741942e-01
7.624444740157100553e-02
3.234905166431620294e-01
7.686275448092418916e-01
9.712933985451274177e-01
4.101400468591835935e-01
-5.579566338257128111e-01
-1.194344436564449774e+00
-1.440274268932013157e+00
-1.711083615253491841e+00
-1.937639927883437529e+00
-1.633931998187118761e+00
-7.501735696571150136e-01
4.240546723196932377e-01
1.410993490354424340e+00
1.574992088627563014e+00
1.028018434936586623e+00
4.689182410301163673e-01
9.335603528560758313e-02
-2.083989794495353376e-01
-4.933771478271700150e-01
-6.089015990520111332e-01
-3.086194862135087646e-01
1.550041479592859095e-01
2.504143991293812377e-01
-5.799529009445292260e-02
-3.040089715868145026e-01
-3.182575628097312204e-01
-1.593627743096606708e-01
2.375614853984391872e-01
6.552457143694999653e-01
7.394840167470070336e-01
3.840055144015900868e-01
-2.798600905157938579e-01
-5.231712663084957526e-01
1.435887249146209077e-01
1.245695795962480146e+00
2.178267014345790287e+00
2.579467198443055054e+00
2.265163457672613845e+00
1.518033623040394353e+00
6.811244354005833168e-01
-2.823439736000294964e-01
-1.001691633201568843e+00
-8.828822688946698083e-01
-2.680436589118674329e-01
1.254902980290937414e-02
-1.144360642562231578e-01
-3.278785850373783783e-01
-6.581954714284250496e-01
-8.996773342347827995e-01
-3.228061766486797213e-01
9.701150578773816147e-01
1.485476635652387856e+00
6.926882407982166701e-01
-4.208059023014295019e-01
-1.221823739431028066e+00
-1.431374342267846433e+00
-9.358602667378340678e-01
-3.754875572054275912e-01
-2.236876833870974357e-01
-3.757163850609086808e-02
3.071240571248192719e-01
2.345937329097326496e-01
-1.590214931626546535e-01
-2.008465617927061575e-01
1.807701695857476809e-01
4.491489599391735310e-01
5.309638388850446145e-02
-9.986528690504631323e-01
-2.050181511383821320e+00
-2.518019454212597985e+00
-2.268010880479202296e+00
-1.363055349260761551e+00
-5.079026878596329952e-01
-9.292943830156786822e-01
-2.369020290058650335e+00
-2.733897860769939125e+00
-1.417014378177914979e+00
-4.712982284919441101e-02
5.335427168177084845e-01
8.342415403432085208e-01
1.205711303370026188e+00
1.332830619189221411e+00
8.253343441475993192e-01
3.548948520346977276e-01
6.443783140697889600e-01
9.742901268236900947e-01
7.853149549254671014e-01
6.229159084633683063e-01
7.702016990472692060e-01
9.326789896196955310e-01
9.204347423214646051e-01
6.078239645994838458e-01
1.040842344234965133e-01
-1.308166422915251759e-01
3.918103111298829044e-01
2.228885832009831203e-01
-4.929823365590627060e-01
-1.038659411354063478e+00
-1.027340457418451036e+00
-8.441421496829853988e-01
-1.084839020275139454e+00
-1.475922650029425132e+00
-1.361870441857734759e+00
-1.042212026001817282e+00
-6.555264122120839643e-01
1.461932721506796484e-01
9.451636661336469958e-01
1.422745852590790339e+00
1.829486790911846850e+00
1.896300933964982782e+00
1.497815238619491840e+00
9.597484944714159694e-01
4.472572076734431246e-01
1.804970279242150699e-01
1.724601778055414036e-01
2.944893201054497034e-01
5.094648744916050465e-01
5.707693299215442773e-01
3.986329676214499518e-01
1.360626510332449135e-01
-3.291272936452107056e-01
-8.829437851731434250e-01
-8.589262420787858732e-01
-1.075248001901303874e-01
4.015166000634130539e-01
2.381157859612145072e-02
-6.140342537172392978e-01
-4.581380897984023148e-01
7.867524704887980391e-01
2.100474341504078524e+00
2.258357981861058850e+00
1.432115138535067222e+00
5.902660686094693965e-01
-2.023223360544020022e-02
-8.532785803520542833e-01
-1.812609106874321530e+00
-1.943425135176807927e+00
-1.197446494751116974e+00
-5.934909615298683550e-01
-2.990314444706270169e-01
1.769381459844187043e-01
5.129585229956107328e-01
1.824369602984488303e-01
-5.249851266756501156e-01
-1.071151174476122181e+00
-1.108677350513541215e+00
-3.390177752608022343e-01
7.697369330670175147e-01
1.398532792176164330e+00
1.529324467644083585e+00
1.354936260658616387e+00
1.121430119435916417e+00
1.365529809725778421e+00
1.833936481107122818e+00
1.512307327146300562e+00
5.359196801859030801e-01
9.241349820931513137e-02
3.520278945951042515e-01
6.004038359029418848e-01
7.758913938086258177e-01
1.134785676629546325e+00
1.378523613984220741e+00
8.320509240063292955e-01
-5.909569487845476310e-01
-2.089827503984281964e+00
-2.688278825443194187e+00
-1.942515620101506579e+00
-3.903735584027889227e-01
9.340002643657833170e-01
1.346198548555735730e+00
9.851325068366414417e-01
7.942448716225245509e-01
1.058253258830673227e+00
1.081522853106890558e+00
7.044192862661221577e-01
4.696309641311071509e-02
-9.304646925457461526e-01
-1.779132352407816420e+00
-2.083994592280636660e+00
-1.944540791859678430e+00
-1.532767281563418793e+00
-9.193490419279370940e-01
-2.063053593794218765e-01
2.108440766929968457e-01
2.928220741085425516e-01
5.469822409506361893e-01
8.524808583476967128e-01
5.679182719623045994e-01
-3.385590069099693178e-01
-1.118645998024707877e+00
-1.326853537838015740e+00
-1.499404614513264011e+00
-1.672050685627588740e+00
-1.064767660384654313e+00
-8.408349375240724288e-02
-1.495699229574881106e-01
-1.377403271939280360e+00
-2.508715312357554073e+00
-2.719968467748581809e+00
-2.059766090859026288e+00
-7.891479007222511610e-01
2.556515830859203576e-03
-3.976908553764081367e-01
-1.223451172042178792e+00
-1.431943762412722254e+00
-1.155649110907037258e+00
-7.122416332591932076e-01
-9.585635518335373917e-02
4.641472539325497970e-01
6.283040311223435648e-01
3.897688659607950190e-01
1.463514252715329422e-01
1.504582653035451412e-01
8.366724204813204280e-02
-3.047335552154210592e-01
-4.561977208679815488e-01
9.310390808478178487e-03
4.842539704356250696e-01
3.967018143253382423e-01
9.199093223110142714e-02
3.974541847008103979e-01
1.305339212556654083e+00
1.987638929893548623e+00
2.012467740938132188e+00
1.529639388325803040e+00
7.320639964494498608e-01
1.020927082318806023e-01
-5.498292898577768206e-02
-2.061950944682630626e-01
-4.312475218067858274e-01
-2.067497794761036789e-01
2.145709365691530479e-01
3.201303967757772595e-01
1.431133646510179269e-01
-3.072722971631351441e-01
-6.093822043114019982e-01
-1.761613890793734538e-01
3.709683067171542503e-01
2.003329180269720622e-01
-1.140039068006761525e-01
2.643174167933598495e-01
1.010324113568759286e+00
1.310914868145732548e+00
9.792276420837416895e-01
4.011000671981980181e-01
-1.840326015680286698e-01
-6.010578014050059759e-01
-7.080542724763727591e-01
-5.787194637236807715e-01
-2.517727171896796956e-01
4.896996647543139236e-02
-9.503642468615086658e-02
-5.445906033852182526e-01
-6.392626218178664166e-01
-2.933017244789631328e-01
1.884726864845731042e-01
8.155154893398360860e-01
1.427694464929424534e+00
1.550055227346451847e+00
1.094825972203220976e+00
6.972495681873219775e-01
6.823379833669412919e-01
3.584480356132573875e-01
-3.726133243333310530e-01
-7.092504946649387243e-01
-1.815939363344399593e-01
1.073488562753838638e+00
1.927010734730588926e+00
1.260364925775757872e+00
-1.428896297567323892e-01
-7.937626930569169348e-01
-5.481925747579443620e-01
8.967191512636456252e-02
8.203261103638685992e-01
1.036983293988790189e+00
5.850621600131349354e-01
1.699566747265284228e-01
-2.141010567492989680e-01
-9.671288425036913550e-01
-1.622891029601037038e+00
-1.563084663178293532e+00
-1.062908865323844321e+00
-7.742565908687221166e-01
-7.098450628479432423e-01
-5.680463792719917526e-01
-2.827139861766536089e-01
-3.515754216197317789e-02
-1.687211333041039318e-01
-5.458008582195782443e-01
-6.250730994948547892e-01
-1.650079943644350566e-01
6.537471386827776731e-01
1.339433351734818256e+00
1.231835975284577112e+00
1.892329696467436595e-01
-2.024671421479887212e-01
-6.931997155978018021e-01
-5.380367894696821418e-01
-1.019835195213640161e-01
-2.055245844879056705e-01
-6.280232189540001508e-01
-5.675797245370917121e-01
1.244579900656374583e-01
9.279258044088363189e-01
1.322686168159119324e+00
1.159579930001259029e+00
6.329661872742394779e-01
1.889123741199870143e-01
2.244222078675408849e-01
4.149981428033884256e-01
-4.938483647894890277e-02
-8.533960709231608321e-01
-1.041805213864746227e+00
-9.037873194761748552e-01
-1.124914623835750138e+00
-1.494269212697597382e+00
-1.409271430928915603e+00
-5.125486121730077338e-01
6.436787848601340789e-01
8.268483762579708074e-01
-1.837657951802546819e-01
-1.232313365521825688e+00
-1.441987701255347476e+00
-1.052818213405714687e+00
-3.647940651383316246e-01
5.695323767742102028e-01
1.215848681877045756e+00
9.885953241808805858e-01
3.161535165072825726e-01
2.564600698634502893e-02
-2.000083233932153579e-02
-6.070483578300474026e-01
-1.594556314157177690e+00
-1.769986689538552982e+00
-8.197006866074992848e-01
1.705430061768306027e-01
2.836051775882572068e-01
-2.284576509814624512e-01
-3.514684776492948415e-01
3.101905428984354507e-01
1.047415529343122209e+00
9.290678721030791731e-01
1.413084333544711579e-01
-4.960205111220777896e-01
-9.452619833805067096e-01
-1.403650308989493611e+00
-1.685711963897343013e+00
-1.395647580005479504e+00
-5.708408472772955600e-01
-7.337451569455714917e-02
-1.609139986691259516e-01
-2.529021027592066040e-01
-1.392444843509762498e-01
2.491149107666755236e-01
1.133163592048619384e+00
2.114304418296245380e+00
2.202852111376598199e+00
1.106221813563222467e+00
-2.295017559358305259e-01
-4.586175235635938652e-01
2.043413914990976354e-01
1.807365928948818090e-01
-7.197217840903452624e-01
-1.348339583294920541e+00
-1.144064280479354379e+00
-5.800429496026942022e-01
-3.723147346691140780e-01
-6.349308067784813492e-01
-8.439655456017899349e-01
-7.405581550248054867e-01
-4.983436050966982278e-01
-3.131691125144682175e-01
-1.722101505668596766e-01
5.444527737018788754e-02
2.258170205058429858e-01
1.490532904889727561e-01
-5.976897982084618602e-03
1.602553728197715077e-01
7.222731233635681924e-01
1.118896001693424180e+00
1.019890240741628817e+00
9.367874434270131445e-01
9.495982553709505503e-01
5.774103405830858238e-01
-2.604547270558835517e-02
-4.020459300429868321e-01
-3.647813963995998332e-01
6.112481161241411359e-02
4.170559621548582396e-01
3.318137900098934168e-01
-3.423472520248633556e-03
-2.171955874130210018e-01
-5.509939905433784528e-03
4.585176526259186480e-01
6.323693825086661446e-01
3.920774855901142941e-01
2.514377907298542270e-01
7.296192646461373554e-01
1.648772397502157316e+00
2.361833724104256405e+00
2.504631116072957742e+00
2.039477492741269327e+00
9.062621601899601975e-01
-3.277042681533593460e-01
-4.731721835969109891e-01
2.879165594641113213e-01
7.682711421372150351e-01
8.143478302081719189e-01
5.181708279287290386e-01
-5.989919103204659478e-01
-2.195191165241801023e+00
-2.755537745546519979e+00
-1.938284230923786655e+00
-1.100399841218437258e+00
-1.089878294456378294e+00
-1.454145382560658284e+00
-1.637749192549080801e+00
-1.792699007725714999e+00
-1.846520036683706678e+00
-1.040849827307623654e+00
2.392517004990297458e-01
6.686144721869963226e-01
2.308861466637295301e-01
-2.060029303302213233e-01
-3.363000246980940577e-01
-4.407616945192738833e-01
-7.084109223340518957e-01
-7.874692579867310638e-01
-4.560566343969338354e-01
8.469693503069068707e-02
4.806270092455149356e-01
4.406450276174875280e-01
1.469833466631708177e-02
-5.262585395978955916e-01
-9.659379014116016293e-01
-1.129906934307621569e+00
-8.017080492140595815e-01
-9.126279079968716013e-02
4.384665394318474907e-01
5.512575543032294245e-01
4.595353826972122802e-01
1.730484868489626238e-01
1.177688757903251754e-01
9.006109374044889426e-01
1.675134180089858482e+00
1.275694352753084404e+00
3.004094632616289284e-01
1.790796616919900219e-01
9.389990736104910640e-01
1.326136303049668008e+00
1.026899309345082223e+00
6.512170569146056298e-01
4.304809878955751512e-01
5.017116268458758910e-01
8.673300122271709878e-01
9.432983510743760958e-01
4.997282245854796634e-01
-6.915384084359409329e-03
-2.938332879109081253e-01
-7.151504492664176316e-02
8.692387353309485309e-01
1.800462614388737226e+00
1.941164632415523172e+00
1.317244796723066269e+00
1.785848930836494153e-01
-9.602665277101660735e-01
-1.657931059577063770e+00
-2.261929375461922742e+00
-2.755537745546519979e+00
-2.755537745546519979e+00
-2.739430377827245522e+00
-1.405591863096321337e+00
5.115323198554699857e-02
7.774030774511603292e-01
5.386864864174419898e-01
1.733504927464676881e-02
-3.204071197547765926e-01
-5.926732681183234375e-01
-5.405720775222513375e-01
-4.455336933084185630e-02
2.636723608036141697e-01
3.165429978831729163e-01
5.999361865445161923e-01
8.272107216017915432e-01
6.017686777465587333e-01
2.817837942492971703e-01
2.909629466081185556e-01
8.040078315342247262e-01
1.521827772708101323e+00
1.757695375817392547e+00
1.586838118673498332e+00
1.623228451110898307e+00
1.763564409144742440e+00
1.276294999808770703e+00
