-1.892329696467436595e-01
2.024671421479887212e-01
6.931997155978018021e-01
5.380367894696821418e-01
1.019835195213640161e-01
2.055245844879056705e-01
6.280232189540001508e-01
5.675797245370917121e-01
-1.244579900656374583e-01
-9.279258044088363189e-01
-1.322686168159119324e+00
-1.159579930001259029e+00
-6.329661872742394779e-01
-1.889123741199870143e-01
-2.244222078675408849e-01
-4.149981428033884256e-01
4.938483647894890277e-02
8.533960709231608321e-01
1.041805213864746227e+00
9.037873194761748552e-01
1.124914623835750138e+00
1.494269212697597382e+00
1.409271430928915603e+00
5.125486121730077338e-01
-6.436787848601340789e-01
-8.268483762579708074e-01
1.837657951802546819e-01
1.232313365521825688e+00
1.441987701255347476e+00
1.052818213405714687e+00
3.647940651383316246e-01
-5.695323767742102028e-01
-1.215848681877045756e+00
-9.885953241808805858e-01
-3.161535165072825726e-01
-2.564600698634502893e-02
2.000083233932153579e-02
6.070483578300474026e-01
1.594556314157177690e+00
1.769986689538552982e+00
8.197006866074992848e-01
-1.705430061768306027e-01
-2.836051775882572068e-01
2.284576509814624512e-01
3.514684776492948415e-01
-3.101905428984354507e-01
-1.047415529343122209e+00
-9.290678721030791731e-01
-1.413084333544711579e-01
4.960205111220777896e-01
9.452619833805067096e-01
1.403650308989493611e+00
1.685711963897343013e+00
1.395647580005479504e+00
5.708408472772955600e-01
7.337451569455714917e-02
1.609139986691259516e-01
2.529021027592066040e-01
1.392444843509762498e-01
-2.491149107666755236e-01
-1.133163592048619384e+00
-2.114304418296245380e+00
-2.202852111376598199e+00
-1.106221813563222467e+00
2.295017559358305259e-01
4.586175235635938652e-01
-2.043413914990976354e-01
-1.807365928948818090e-01
7.197217840903452624e-01
1.348339583294920541e+00
1.144064280479354379e+00
5.800429496026942022e-01
3.723147346691140780e-01
6.349308067784813492e-01
8.439655456017899349e-01
7.405581550248054867e-01
4.983436050966982278e-01
3.131691125144682175e-01
1.722101505668596766e-01
-5.444527737018788754e-02
-2.258170205058429858e-01
-1.490532904889727561e-01
5.976897982084618602e-03
-1.602553728197715077e-01
-7.222731233635681924e-01
-1.118896001693424180e+00
-1.019890240741628817e+00
-9.367874434270131445e-01
-9.495982553709505503e-01
-5.774103405830858238e-01
2.604547270558835517e-02
4.020459300429868321e-01
3.647813963995998332e-01
-6.112481161241411359e-02
-4.170559621548582396e-01
-3.318137900098934168e-01
3.423472520248633556e-03
2.171955874130210018e-01
5.509939905433784528e-03
-4.585176526259186480e-01
-6.323693825086661446e-01
-3.920774855901142941e-01
-2.514377907298542270e-01
-7.296192646461373554e-01
-1.648772397502157316e+00
-2.361833724104256405e+00
-2.504631116072957742e+00
-2.039477492741269327e+00
-9.062621601899601975e-01
3.277042681533593460e-01
4.731721835969109891e-01
-2.879165594641113213e-01
-7.682711421372150351e-01
-8.143478302081719189e-01
-5.181708279287290386e-01
5.989919103204659478e-01
2.195191165241801023e+00
2.755537745546519979e+00
1.938284230923786655e+00
1.100399841218437258e+00
1.089878294456378294e+00
1.454145382560658284e+00
1.637749192549080801e+00
1.792699007725714999e+00
1.846520036683706678e+00
1.040849827307623654e+00
-2.392517004990297458e-01
-6.686144721869963226e-01
-2.308861466637295301e-01
2.060029303302213233e-01
3.363000246980940577e-01
4.407616945192738833e-01
7.084109223340518957e-01
7.874692579867310638e-01
4.560566343969338354e-01
-8.469693503069068707e-02
-4.806270092455149356e-01
-4.406450276174875280e-01
-1.469833466631708177e-02
5.262585395978955916e-01
9.659379014116016293e-01
1.129906934307621569e+00
8.017080492140595815e-01
9.126279079968716013e-02
-4.384665394318474907e-01
-5.512575543032294245e-01
-4.595353826972122802e-01
-1.730484868489626238e-01
-1.177688757903251754e-01
-9.006109374044889426e-01
-1.675134180089858482e+00
-1.275694352753084404e+00
-3.004094632616289284e-01
-1.790796616919900219e-01
-9.389990736104910640e-01
-1.326136303049668008e+00
-1.026899309345082223e+00
-6.512170569146056298e-01
-4.304809878955751512e-01
-5.017116268458758910e-01
-8.673300122271709878e-01
-9.432983510743760958e-01
-4.997282245854796634e-01
6.915384084359409329e-03
2.938332879109081253e-01
7.151504492664176316e-02
-8.692387353309485309e-01
-1.800462614388737226e+00
-1.941164632415523172e+00
-1.317244796723066269e+00
-1.785848930836494153e-01
9.602665277101660735e-01
1.657931059577063770e+00
2.261929375461922742e+00
2.755537745546519979e+00
2.755537745546519979e+00
2.739430377827245522e+00
1.405591863096321337e+00
-5.115323198554699857e-02
-7.774030774511603292e-01
-5.386864864174419898e-01
-1.733504927464676881e-02
3.204071197547765926e-01
5.926732681183234375e-01
5.405720775222513375e-01
4.455336933084185630e-02
-2.636723608036141697e-01
-3.165429978831729163e-01
-5.999361865445161923e-01
-8.272107216017915432e-01
-6.017686777465587333e-01
-2.817837942492971703e-01
-2.909629466081185556e-01
-8.040078315342247262e-01
-1.521827772708101323e+00
-1.757695375817392547e+00
-1.586838118673498332e+00
-1.623228451110898307e+00
-1.763564409144742440e+00
-1.276294999808770703e+00
3.184402953394556146e-01
6.041624518282275869e-01
8.077797407764386595e-01
9.523755818373180748e-01
9.797845079132977419e-01
7.855047529775995852e-01
4.463956720843992310e-01
3.733889505646813545e-01
6.481475784046066835e-01
7.266131715137378322e-01
2.875506209240113464e-01
-3.236421472953527334e-01
-5.926057263829188626e-01
-3.958762503941155031e-01
1.033019291204527110e-02
4.347901502216047764e-01
8.763733601702958786e-01
1.311256422068170835e+00
1.514231429730339418e+00
1.142431255737530904e+00
4.600301595530320586e-01
1.650428284596623663e-01
1.665556806793110634e-01
-1.118725934624821422e-01
-8.583618263864122300e-01
-1.711103443252104395e+00
-1.851229024141133328e+00
-9.332859040036872722e-01
3.974734709482750650e-01
1.390007500305600052e+00
1.662323408802762970e+00
1.029985554364844624e+00
-2.687050618911652200e-01
-1.253512270347811652e+00
-1.274916228724051415e+00
-7.012465389340916122e-01
4.704857351895525702e-02
7.118015618804256484e-01
1.118512769046758226e+00
1.346752028408371604e+00
1.587573337577708799e+00
1.909484412248364515e+00
2.185395546529835809e+00
2.006717190892201241e+00
1.265829427604369339e+00
4.133607621605044913e-01
-2.807603081324638317e-01
-7.927287659973519807e-01
-8.676547444373213791e-01
-7.386260455350658338e-01
-9.766095771255574043e-01
-1.027908661248433386e+00
-4.679693642558944711e-01
-3.980891504312662060e-02
-9.258103935785109984e-02
-2.295193809886569014e-01
-2.362327983031753398e-02
6.724257765717536195e-01
1.401333417543352944e+00
1.435158366309225553e+00
8.524729449119992086e-01
4.763890274300123240e-01
3.872039778430084178e-01
1.573282310812948726e-01
5.720269478672562746e-02
2.132168269445457454e-01
1.947954363247898502e-01
-1.363577727164018982e-01
-5.322296065516864960e-01
-8.676249199326803163e-01
-1.195241020943136334e+00
-1.463775164732132872e+00
-1.508138166805234714e+00
-1.449633676291246953e+00
-1.548471703195175797e+00
-1.659057341061300983e+00
-1.470256270520905018e+00
-1.109411353132106370e+00
-1.157664881198829265e+00
-1.848300622134450899e+00
-2.647862017034774418e+00
-2.741449403020868036e+00
-2.741449403020868036e+00
-2.201428437977095420e+00
-1.255088426265640988e+00
-4.583991167577179948e-01
3.306422639791961604e-01
8.434930083023406411e-01
7.498231491603438714e-01
5.896393795864411924e-01
9.282529178155799476e-01
1.368044091865193490e+00
1.301690388635077245e+00
8.216520608896437095e-01
4.828647198202421498e-01
4.128266591559292542e-01
1.577754785598214915e-01
-3.615735794588530450e-01
-7.549302390492687032e-01
-8.883594900096161151e-01
-9.346852531265779085e-01
-1.269119937981074919e+00
-1.804072788914300229e+00
-1.402748653950319335e+00
4.081985733129592786e-01
2.081162367471817820e+00
2.063935323952079237e+00
9.059827890164884323e-01
3.664055843811622748e-01
9.835539952530663044e-01
1.371660228198858356e+00
5.650535607419769901e-01
-7.402088950257688094e-01
-1.769318521268734123e+00
-2.012838495554827745e+00
-9.610637964332875427e-01
6.752280566519103244e-01
1.488944657782186098e+00
1.257493898290187540e+00
8.900632893988433825e-01
9.264834731252203914e-01
9.615289689321138145e-01
5.711689023820313293e-01
-1.853948706714987280e-02
-3.587053413453960560e-01
-3.112303183469750656e-01
-9.713899365803398134e-02
-1.028622733644948967e-01
-3.829708520534627625e-01
-6.149994933706118827e-01
-4.658373187783496627e-01
-3.283397179304716005e-03
2.759832710588707161e-01
4.328288369008582714e-01
6.327868618351674135e-01
3.408687659222467414e-01
-3.905836199403086573e-01
-7.929618514737184487e-01
-6.662301753827524209e-01
-2.432944889024850343e-01
2.155668569474561147e-01
4.612355032027308233e-01
3.041579983019950251e-01
-3.661610035942132191e-01
-1.142514714430828304e+00
-1.417250733212816582e+00
-1.108736781877511346e+00
-5.148459106049049216e-01
3.346640241144177574e-02
5.444123094171553490e-01
1.019005090953012393e+00
1.112440087798401978e+00
7.075257252590423374e-01
8.724695392823066109e-02
-2.268859708028805044e-01
-1.047475863964407450e-01
-7.901863087646793238e-02
-2.423520433892111248e-01
-1.627657183107758254e-01
3.301518058942461975e-01
8.075370144162045127e-01
6.419108023021411480e-01
-3.537479488735782024e-02
-5.830952070462283032e-01
-7.488139119217510631e-01
-6.210354995455308336e-01
-2.171354363586821545e-01
4.802079506319545943e-01
1.061013843958721337e+00
1.156331174670734319e+00
9.567003607786542796e-01
4.528834014897430982e-01
-5.238362647879363232e-01
-1.352465135231216253e+00
-1.042148196435011664e+00
5.921885672980234383e-02
6.485517600469282717e-01
3.204659799680024679e-01
-3.450449949897352875e-01
-7.137859127097144762e-01
-6.546055959489118781e-01
-6.566576355855932023e-01
-1.076724353291240277e+00
-1.335131386900520356e+00
-1.029027927234656303e+00
-6.713576968763345088e-01
-3.072774245703476792e-01
4.149306077589940966e-01
1.114706391194771218e+00
1.332916392744127210e+00
1.200948009440928388e+00
8.539918047195603767e-01
6.341804079334291133e-01
1.168313624544881302e+00
1.723308834945387336e+00
1.144561814779576192e+00
1.463351970123110551e-02
-8.780697877646347349e-01
-1.488146029135318571e+00
-1.320977910166733826e+00
-1.059533825212372049e-01
-3.020443928379680232e-01
-4.963604674051951826e-01
-1.528341290434512556e-01
8.538951253873158231e-01
1.796517341229941778e+00
1.742348582752322628e+00
7.638874484753258587e-01
6.505258686586640714e-03
2.044452224062074386e-01
8.866834692451260880e-01
1.248652810935406254e+00
9.020466246251629405e-01
9.281462442747040464e-02
-5.521663516310609809e-01
-8.004092999093478378e-01
-7.378882411602947222e-01
-4.052942776097107624e-01
5.637327692535437987e-03
2.645049716499179304e-01
5.016505312394691218e-01
1.060358538985318511e+00
1.865260329872224565e+00
2.371865739363121950e+00
2.169261903483415299e+00
1.274097268798819238e+00
2.084213632074564948e-01
-3.437736824502572452e-01
-2.727647322769604157e-02
6.552804948389958639e-01
6.389863677875194936e-01
-8.680961344179585759e-02
-7.072025072811360946e-01
-9.268447826273307211e-01
-9.383571154776840784e-01
-8.280071183009960478e-01
-2.290255555807457766e-01
8.238285917759893273e-01
1.627536724613338759e+00
1.962699050527130895e+00
2.108821004807556854e+00
2.388166352642701273e+00
2.705443380178170987e+00
2.341308479719386604e+00
9.901109062894891677e-01
-4.787203185431097574e-01
-1.204666903931549626e+00
-1.300669728092455291e+00
-1.110110509706646154e+00
-7.354486169684070207e-01
-2.633978302633574464e-01
9.011623024065502918e-02
6.443568180141748258e-02
-7.803449282716645730e-02
5.385691330762479301e-02
2.770830686091507178e-01
1.824022487396739778e-01
-3.907472458635298795e-01
-1.316868058853240431e+00
-1.912643045052085267e+00
-1.824517186554897696e+00
-1.741527249860348681e+00
-1.840029707922784086e+00
-1.650458075811540359e+00
-9.573297767425139604e-01
1.218478395148273052e-01
1.075698238128171447e+00
1.480948831933930787e+00
1.284285031926320597e+00
6.257032240108951759e-01
-1.609643267457459836e-01
-4.376084719829013148e-01
5.990732488914576881e-02
6.035093028026130568e-01
6.961366789664078514e-01
6.031054960870650961e-01
5.442079866779059305e-01
5.366759552396838107e-01
4.017890847494848816e-01
3.062303142466293870e-02
-4.459187507795634997e-01
-9.216405960941865816e-01
-1.289175338770900181e+00
-1.406850644716323817e+00
-8.787021050628853747e-01
3.779092599110792650e-01
1.385932659194137662e+00
1.265386013240594076e+00
5.951169816197852125e-01
3.842812856608728289e-01
6.716990897548064110e-01
1.018519594819937035e+00
1.242600263795424542e+00
1.520449659364979000e+00
2.068008816449626419e+00
2.317001498686218408e+00
1.426942531901009392e+00
-1.483443579130234447e-01
-8.518380714801170317e-01
-4.455076229256703102e-01
-3.103250729783713635e-01
-8.394931468391179097e-01
-1.228181199984701433e+00
-1.128500372893951553e+00
-7.783129265032782129e-01
-3.944946276896742487e-01
-2.198240851409128949e-01
-6.047824301356417021e-01
-1.447532808219683442e+00
-2.074176205562932473e+00
-2.213806775938568894e+00
-2.262384806842894225e+00
-2.324989790811497592e+00
-1.905976404622857112e+00
-8.175516128601988397e-01
3.372720315836318372e-01
7.590450603176877031e-01
2.537120646454540385e-01
-5.276059868325191360e-01
-1.109955458794769534e+00
-1.334206009320481723e+00
-1.016753985237470514e+00
-2.553644772256387085e-01
7.169711573250520109e-01
1.302498842251858413e+00
9.329450857822698673e-01
4.318876760060010034e-02
-5.182759827534554331e-01
-5.580215463926599950e-01
-3.590951172998231855e-01
-6.861876916485525058e-02
3.310742209134379666e-01
3.993065432177103080e-01
-1.301239502924608216e-01
-7.838149351883206828e-01
-1.200503170112437790e+00
-1.159331450291247734e+00
-7.769210276249047809e-01
-6.969239122657110430e-01
-9.683469531256687635e-01
-9.548716742445707562e-01
-6.178669851730697049e-01
-3.847834272401589040e-01
-2.274635072375472689e-01
1.411776822648471430e-01
2.358282916165808096e-01
-5.834838244278924835e-01
-1.336846499002330768e+00
-8.885251274404623034e-01
-6.967585465792869651e-03
2.689767121127698002e-01
2.240904227489736444e-01
3.571415421214207964e-01
5.693160277392630420e-01
7.206322968744172108e-01
6.759891271290953130e-01
2.656273227330868680e-01
-2.873728083286831714e-01
-5.566073107649609497e-01
-3.435032630847270618e-01
1.189460452381718852e-01
3.546857336970539176e-01
2.640848004292878914e-01
2.054887766205811539e-01
3.622502213459746212e-01
4.350701502339573978e-01
4.975784603385741828e-02
-5.256902224394504053e-01
-6.337531416197426104e-01
-3.261527529112181467e-01
-1.427687825398209209e-01
-1.738086032246678458e-01
-1.902133067804563371e-01
-2.265522107176386191e-01
-4.321317675089931254e-01
-4.703111076019939607e-01
-5.254651336431846037e-02
2.748685321203463983e-01
6.105528452306942244e-02
-2.160608178910603527e-01
-8.699640490433520335e-02
9.768646344333721532e-02
4.085187308720668597e-01
1.368290964940225951e+00
2.344188548469123834e+00
2.322676706645836475e+00
1.251229683990704444e+00
-1.136550792679953820e-01
-8.740116987730486287e-01
-9.679858343420362221e-01
-8.553633380341904013e-01
-6.224157818217864735e-01
-5.548235010684197110e-01
-1.036032747144914890e+00
-1.259393755167038442e+00
-4.843833071662735912e-01
3.074690526010350200e-01
5.085242426871680044e-01
6.296501620636481000e-01
5.130533055920403207e-01
6.287107242044417399e-01
9.679242101197352843e-01
8.005442751496358866e-01
2.439257765358893992e-01
-1.947326443603920598e-01
-1.452845350443937034e-01
2.070686262974496539e-01
4.234863742423866095e-01
5.807297476167280759e-02
-7.860523892473652019e-01
-1.495356861110410884e+00
-1.608330012346557147e+00
-1.219108116724501034e+00
-5.684907808252068762e-01
1.569759316284249084e-01
4.697487959961499371e-01
1.736614807930812743e-01
-4.522028999884397660e-01
-7.441968542849140000e-01
1.928826985618491358e-03
1.073315787279065514e+00
1.209189160702205390e+00
6.576267672640160322e-01
3.535596124826579922e-01
4.803699502077954375e-01
5.432452941163835591e-01
2.928590080541338958e-01
-4.197892695347037878e-02
-4.291141919966844909e-01
-7.642718285461010952e-01
-8.371232355127280478e-01
-8.597177303668288584e-01
-9.011504273138770671e-01
-7.386926999551122197e-01
-4.092652447578637442e-01
-8.905072479633083238e-02
2.532702892993539123e-01
4.912707364710676150e-01
2.767496155899175636e-01
-1.270668782604696678e-01
-2.217906477757557726e-01
-1.795175646659174784e-01
-8.471367180311675793e-02
4.529726544941298227e-02
4.843927483451930527e-02
7.649773622924836702e-02
-2.140918294689028167e-01
-1.200784201187450329e+00
-2.016707698373850999e+00
-1.886894170854683583e+00
-1.315747908448023251e+00
-8.494432756797656303e-01
-6.140902035849099549e-01
-6.456410267716234941e-01
-5.298651687354951623e-01
-1.878259850730709946e-01
6.114680389846473968e-02
3.277191144626932506e-01
6.874363204094203761e-01
1.041990042943876649e+00
1.305742067098933257e+00
1.190907546968820396e+00
5.471470739002023409e-01
-2.365096060335081796e-01
-8.474953269373399767e-01
-1.340179991793505110e+00
-1.795725707549465922e+00
-2.315958702592477270e+00
-2.649608701973869440e+00
-2.360475309573893732e+00
-1.632835387644124614e+00
-9.960648133718483788e-01
-6.792526085123641311e-01
-4.951117776108221458e-01
-3.991456551677107223e-01
-4.346508955820689302e-01
-6.068347539462011497e-02
7.973536834564284304e-01
1.141257295532955851e+00
5.616210691013030498e-01
-1.652019280745579133e-01
-1.707990576511984049e-01
3.597300045194458673e-01
7.396902630176163118e-01
9.512020801710863172e-01
1.238359252634541718e+00
1.437488982377245872e+00
1.365301348551140714e+00
1.284262467299286170e+00
1.196306667009985336e+00
7.342065160439774640e-01
1.177358837521274570e-01
-8.780664272462743170e-02
1.887442544758301810e-01
5.937065645271624170e-01
8.846124030811581829e-01
1.059735608215086389e+00
1.083546188320210213e+00
8.509809138718610333e-01
6.215944620311635305e-01
8.215185015927816137e-01
9.872573944277924785e-01
4.469972988015326609e-01
-2.722035965943950808e-01
-1.278935606092461708e-01
9.314520248368035604e-01
1.899458831943191317e+00
2.050141869209050061e+00
1.380599520583065454e+00
2.839211549179385674e-01
-7.185354503641309121e-01
-1.538982119894081624e+00
-2.097095978521911430e+00
-2.318949730519819230e+00
-2.416315219564371120e+00
-2.146200070031389906e+00
-1.373035042168916586e+00
-7.004078110128868495e-01
-4.919540396020089523e-01
-5.250126394858318779e-01
-6.599057290116597807e-01
-9.972188489664175481e-01
-1.302471200865026102e+00
-1.142378081963096426e+00
-7.596319992241306052e-01
-7.205809836076817465e-01
-8.377229483165551382e-01
-5.711979764656208713e-01
5.948970012765961851e-02
5.151904046651516467e-01
4.252063739513128882e-01
7.756897386107994979e-03
-2.183400192468134826e-01
1.511049642538257742e-01
9.582068078957441948e-01
1.343136863343008747e+00
8.519950945330976300e-01
1.549428223316326979e-02
-6.327902781518637276e-01
-1.002713248883263741e+00
-1.061104764186384219e+00
-7.606610988221882419e-01
-1.408891605191521235e-01
4.007524630246442898e-01
5.001283573319086351e-01
3.624240838982127344e-01
-1.326582776058429260e-02
-5.921485184596489981e-01
-7.688582502795123785e-01
-4.510695182159823458e-01
-2.366045662191282317e-01
-3.813114550848768491e-01
-5.736172410626558804e-01
-3.263723135629617023e-01
5.236053597128076387e-01
1.219810624757346140e+00
9.626189441741015429e-01
2.424502180010326413e-01
2.755811197647466473e-02
4.009569713717206496e-01
9.056886661972354258e-01
1.533867971145588260e+00
2.169637182454934532e+00
2.125272957091584036e+00
1.513563376325819387e+00
1.303359161640280206e+00
1.500076952722378953e+00
1.554147126417225078e+00
1.716959004744776029e+00
2.041829465643483665e+00
1.874454472266337879e+00
1.209434118888432330e+00
7.210842694752327420e-01
3.798619779958078424e-01
-3.771081565446295358e-01
-1.261275026665070520e+00
-1.608395962916962851e+00
-1.399796622621170217e+00
-7.179344404519748535e-01
3.035365157104696343e-01
1.029816256183212930e+00
9.346558930400999943e-01
3.163603550310423729e-01
3.958147675216296818e-02
4.471946325901259289e-01
9.113316361665111387e-01
8.426311548195062340e-01
9.460328969715343927e-02
-1.078384272690000367e+00
-1.816673845213633731e+00
-1.593258682054328190e+00
-7.677825509777472801e-01
1.555743557800021160e-01
9.492168421322589866e-01
1.524984942991799874e+00
1.594396338879873865e+00
8.033748046029489664e-01
-3.870125232323678999e-01
-9.624380462485240262e-01
-6.956863488392318606e-01
6.476762997693993884e-02
4.974481028778578451e-01
6.850510152801715380e-01
4.870772483489672622e-01
3.647575083058481882e-01
2.493685298176639420e-01
-3.096920470976159967e-01
-1.367151197161558418e+00
-2.129052542353653266e+00
-1.566353331382862590e+00
1.457547228245922311e-01
1.800832709022982314e+00
2.316631464898033066e+00
1.634920325619486192e+00
8.203792206717266389e-01
5.134691855020133699e-01
4.692645023833959539e-01
3.429770360925989969e-01
-6.760146806385747102e-03
-2.035629836367313927e-01
3.150492407474066447e-01
1.238545690617080863e+00
1.433852354357284753e+00
5.485962456209539928e-01
-5.420752720269550462e-01
-9.810950649025987902e-01
-7.234632711889117385e-01
-3.443165928137361664e-01
-1.989431649745354025e-01
8.038865847916958074e-02
7.084047425862100011e-01
1.157117175688279209e+00
1.048120252931791452e+00
6.851984805993396321e-01
2.929227491206025658e-01
-3.333046560383966517e-01
-9.522083229399813664e-01
-1.000572290432918177e+00
-6.257046745973728896e-01
-3.517113152040164392e-01
-4.762421121194670981e-01
-8.314111966127646358e-01
-1.042138298816518649e+00
-1.204816474638171986e+00
-1.424100976599588453e+00
-1.368465045571151339e+00
-1.108235567573073954e+00
-9.690605433650788525e-01
-7.749741062681512194e-01
-3.951333481890666466e-01
-1.689329929024262489e-01
-4.020968485553029770e-01
-9.110386297328005867e-01
-1.194906781625353576e+00
-7.776825748543161332e-01
1.694764626854327605e-01
7.368981928816780158e-01
3.733582449239535306e-01
-5.162252890919328818e-01
-1.283750798821336803e+00
-1.619873704110333046e+00
-1.481529190268844332e+00
-9.559659387705029543e-01
-4.309063523379741967e-01
-3.834392245427485912e-01
-6.168172694580117410e-01
-5.892618072635836812e-01
-2.527106245270315243e-01
5.884035143236214516e-02
5.317209296558438048e-02
-2.339262957145417932e-01
-3.780386999647510904e-01
-1.049462269802805547e-01
4.225042279018163816e-02
-3.216304340987407584e-01
-3.774912670051162045e-01
3.509895884314960801e-01
1.130098507072149205e+00
1.454410099483471219e+00
1.515256178881856153e+00
1.229628541405478392e+00
5.569016090947901398e-01
-1.879367392659457917e-02
-3.735047043491850904e-01
-5.048808048154850292e-01
-3.545981435807822879e-01
-1.533108549897032324e-01
-4.767549655511778978e-02
-7.490586267309326529e-02
-1.634472408400688415e-01
-1.504026764663381199e-02
2.768785072141319303e-01
2.433695379483120369e-01
-1.524931009554275907e-01
-5.372270375583714230e-01
-6.159940585153028669e-01
-5.904114252228395143e-01
-8.066423170592508241e-01
-1.263688734748600107e+00
-1.453040906509804664e+00
-8.814149710043698294e-01
9.179946856330568894e-02
7.019763130071333679e-01
6.781388987799260581e-01
4.186708543304799024e-01
4.701172409557237697e-01
7.480974932460335847e-01
7.538735211915960077e-01
2.682976533070368097e-01
-3.384882652533200975e-01
-5.582936871599591955e-01
-2.437820288085121856e-01
5.082978700911268133e-01
1.271471346062597707e+00
1.705166051014695539e+00
1.805977262408785533e+00
1.451549887863312627e+00
8.182645895311859707e-01
5.041537348489402159e-01
5.428422859635990694e-01
6.149139755777591754e-01
7.867260766507238046e-01
1.005673429071239022e+00
9.439812912139349255e-01
4.500050665912204151e-01
-2.253325420694957948e-01
-7.930328357808885675e-01
-1.347243863080276105e+00
-1.844838490938801367e+00
-1.856579208637453959e+00
-1.150106868418339090e+00
2.805297801700817883e-01
1.735563143673206188e+00
2.058436308665190229e+00
1.292694267685480458e+00
3.412285784541719824e-01
-7.681448903441413789e-02
2.417770560073810304e-01
8.453461987263861666e-01
1.360609790795311191e+00
1.651791872998435773e+00
1.732947237124692785e+00
1.693012964825685973e+00
1.363545900851330872e+00
9.431418884220346133e-01
8.766123695831015139e-01
7.802310677047393783e-01
1.379551646663268460e-01
-4.997966590505379947e-01
-4.685664291351105959e-01
-3.804741234849300380e-01
-9.109269794916518004e-01
-1.479332083494336869e+00
-1.340031780236246917e+00
-4.694909625799418285e-01
2.987532290161970527e-01
9.774242110555511620e-02
-7.948457606974150824e-01
-1.620915865809525069e+00
-1.822812255502069601e+00
-1.356031103400636040e+00
-8.055933568969743108e-01
-2.377830151581968865e-01
6.727628263766881611e-01
1.530093199310593732e+00
1.824035952264096982e+00
1.861168172874757998e+00
1.943234568809877549e+00
1.732771942535981324e+00
9.514896324040854614e-01
-2.022722824498440208e-01
-1.031443384416222964e+00
-9.598167152435285177e-01
-4.058716904335833431e-01
-2.238883874613512709e-02
2.847130749433616215e-01
8.181742767662650850e-01
1.192706765582310480e+00
1.094227758460977640e+00
7.625922044432524860e-01
3.306382000604387028e-01
-2.940415804442714776e-01
-1.037638373432801409e+00
-1.429890334005703645e+00
-1.316831572028219544e+00
-1.186788376802288214e+00
-1.499977322062412632e+00
-2.227696775601090362e+00
-2.622735818309215095e+00
-2.168850017732170343e+00
-1.407530930277691272e+00
-4.879636620004838554e-01
9.964422561046273330e-01
2.152168421348129801e+00
1.735666994810877606e+00
5.018010005154549535e-01
-1.532398791346062938e-01
-9.810481583452207791e-03
3.022429846574472001e-01
2.734188711144177053e-01
3.273789171616539040e-01
8.408300413680469543e-01
9.221169715045463011e-01
5.769599659439972328e-01
1.743724063945283342e-01
-5.458517549799972723e-01
-1.502547297747296007e+00
-1.712733169655975107e+00
-1.130229022720422360e+00
-6.046142846053238484e-01
-3.121391233238290375e-01
-1.274041407610740084e-01
7.655310568131125717e-03
3.313569671309403164e-01
7.532093388273287671e-01
6.678713466690813227e-01
-1.124144533047646277e-01
-7.527482706150838698e-01
-2.983927749231068405e-01
9.556001063334275125e-01
1.910798044545554575e+00
2.077446327193795295e+00
1.561557900245325037e+00
6.848894425251280671e-01
1.113868654825714705e-01
2.492939395922199111e-02
-4.132534981096375876e-02
8.233320075978237118e-02
6.852515969220585035e-01
1.011102173442487873e+00
3.432875019230421931e-01
-7.719170212858668112e-01
-1.192308730480785339e+00
-8.832445706079197212e-01
-8.877456536523252728e-01
-1.241250539647000828e+00
-9.874081852001959092e-01
4.591920852718222451e-02
1.033430732174530409e+00
1.117372133730644590e+00
2.419156681818130095e-01
-7.259109471477459552e-01
-1.173700439951473440e+00
-1.390193202958225127e+00
-1.499491935935046039e+00
-1.181159835214007359e+00
-3.290753334587280809e-01
5.531862305376911149e-01
9.969871811136797879e-01
1.361935227880977539e+00
1.808228410627674698e+00
1.605656861124236112e+00
6.059050681292795781e-01
-2.836552301883772387e-01
-5.056885787656261178e-01
-4.047119685185058824e-01
-4.058226170297803970e-01
-5.192129773337815779e-01
-4.652481255936431470e-01
-2.168248957883969763e-01
-2.912912355820261312e-01
-7.721643371424504743e-01
-9.901296620698993856e-01
-7.220372206485712319e-01
-1.996914602661929994e-01
4.052105835353795316e-01
6.175031711128087242e-01
1.962192785181437471e-01
-1.297631576170155399e-01
2.935336683244353928e-01
1.066535865364032221e+00
1.395899963459532822e+00
1.073647052310854333e+00
6.334731814974035036e-01
6.934570841444220868e-01
9.531674728962861165e-01
7.829891470039075374e-01
4.151657556455140563e-01
1.770184919059033524e-01
1.625658566961709730e-05
-7.981720448087087361e-02
6.733470995397214387e-02
3.422477156783746421e-01
5.208570139841542934e-01
4.455645228479704900e-01
3.453444382929074519e-01
5.119578300226865775e-01
6.328080290445385891e-01
3.759947285734067668e-01
-1.289662114597310005e-01
-5.912555341225719241e-01
-8.844534129669583411e-01
-9.517498952692333702e-01
-7.848190074447806142e-01
-8.278482125118683532e-01
-1.308032241497582682e+00
-1.770244421262759937e+00
-1.803355952978655141e+00
-1.194103419113443643e+00
-4.663599321770205142e-02
1.026435454262745628e+00
1.317347559231458742e+00
6.550430549876798958e-01
-6.875648264764014361e-02
-6.648183086381992402e-02
1.687735981037947475e-01
4.522678116500050000e-02
-3.629685743494609484e-02
4.593635001182526101e-01
1.301600003414385309e+00
1.779396850862774881e+00
1.313312701141652550e+00
3.549177337031506757e-02
-1.037939336494264397e+00
-1.234346631104457748e+00
-1.196043939461508110e+00
-1.425345013364403446e+00
-1.438474181878212521e+00
-9.066432280741637539e-01
-2.311758096718084798e-01
-4.609475997812769593e-02
-5.012250962739100979e-01
-1.056842909221224591e+00
-1.230368334530139274e+00
-8.208823048647786447e-01
1.851626587490273201e-01
9.640119736459528132e-01
7.785126449928353454e-01
1.749284229160065762e-01
-5.657717508089220582e-01
-1.678627887019302545e+00
-2.549607819810257858e+00
-2.619675325039837688e+00
-2.173372272860642607e+00
-1.758779284790758402e+00
-1.548713220079432462e+00
-1.447645691434896298e+00
-1.425332412076210309e+00
-1.247912019274026063e+00
-7.791260756454723158e-01
-2.076910528205968831e-01
1.082867692698047390e-01
-4.346500879617398033e-02
-3.290812111292004682e-01
-4.919440595374917624e-01
-7.547317361151021364e-01
-1.130256062830032215e+00
-1.178809819725356700e+00
-6.236758514597734449e-01
2.017117226336815061e-01
8.900247236311871202e-01
1.538542408171655884e+00
2.076571680095218753e+00
2.161328343379824712e+00
1.640969353834078159e+00
8.901535954704757891e-01
6.602393120034358853e-01
8.769272669886236660e-01
8.738132518458634479e-01
6.942951369991104960e-01
8.696580120095218636e-01
1.335609760349184105e+00
1.245736954748481784e+00
3.830378147811122624e-01
-4.421437358280350116e-01
-7.333118813496510846e-01
-6.839439403743269308e-01
-5.641421199889711247e-01
-4.258359388494439290e-01
-2.540947174887333571e-01
3.706601510916386621e-02
6.024135507304343440e-01
1.137383214188802505e+00
1.364495931938639606e+00
1.760820894893134980e+00
2.123344022051353530e+00
1.536512471951181347e+00
2.354770637642664977e-01
-6.794436834711515827e-01
-8.619062477872895256e-01
-9.084809690020366757e-01
-1.099548351502135590e+00
-1.175937352359837096e+00
-1.206943971906039081e+00
-1.383040248339829414e+00
-1.368713693945372567e+00
-7.984302751449336988e-01
2.007011571318924048e-01
9.276969567416366580e-01
9.639718614700343302e-01
9.806157985669287092e-01
1.466840704534284834e+00
1.913249977775458133e+00
1.890611397818154238e+00
1.471914446592600623e+00
8.908422855431193943e-01
3.629787631583015206e-01
5.371451097707586469e-02
6.683576631492149644e-02
1.125650392570809039e-01
1.472143012186785151e-02
6.895138846677489886e-01
1.505166062296695140e+00
1.941576550470047735e+00
2.162497509542292029e+00
2.179126155650375374e+00
1.665447076890231193e+00
1.025529262048687995e+00
8.795649444263029526e-01
8.792343435902134630e-01
7.618367872390815476e-01
9.455396452299865695e-01
1.200522988988448780e+00
1.267387705990590030e+00
1.650852372549802549e+00
2.267522460504081128e+00
2.359761585379228421e+00
1.882087876738055776e+00
1.050690173820266748e+00
-3.531741912662406287e-03
-6.892757870695978006e-01
-6.951079468406453632e-01
-4.664211686735963425e-01
-5.249253548709126305e-01
-6.839590951212023429e-01
-5.683079117486520282e-01
-2.316917996992031992e-01
2.704319032833479852e-01
5.366433681456885818e-01
-2.369932167031217791e-03
-8.785601124912506554e-01
-1.158767701830080377e+00
-8.372634288056223228e-01
-5.458875494936653583e-01
-6.177605609380451002e-01
-5.386794365810360086e-01
3.325215027926518574e-01
1.176279216132192662e+00
7.491102933836386590e-01
-6.936699313708868386e-01
-2.007234398472664605e+00
-2.280944114692021518e+00
-1.291569745852731543e+00
2.595355768478423975e-01
1.316302217103594074e+00
1.489487710687992461e+00
1.048873530338972904e+00
2.898761314739692341e-01
-4.495056062583845935e-01
-7.117381452138610287e-01
-4.537642505377656454e-01
-4.784836723950972592e-01
-1.079388427120958172e+00
-1.492705961280444527e+00
-1.108527295023072456e+00
-4.441173966261216521e-02
1.077326405231779471e+00
1.644638214368197016e+00
1.310622469590521311e+00
2.504315741647603066e-01
-8.055194811931406518e-01
-1.195948537116792387e+00
-1.031297978161636930e+00
-8.383875037843839806e-01
-1.079554445407879593e+00
-1.771151537601653558e+00
-2.153590595198891400e+00
-1.522630874768751363e+00
-3.389866291902425832e-01
5.222138979086230481e-01
8.821038591741084955e-01
9.639708335783783166e-01
1.027013547594178400e+00
1.083731897322142590e+00
7.922314287071705596e-01
9.520553818153362768e-02
-4.648834885264294114e-01
-3.987592086820527237e-01
1.316551948880740480e-02
2.167534065579087843e-01
6.497009115121524236e-02
-3.641437360926237377e-01
-9.056543312774104626e-01
-1.285241025098405654e+00
-1.117041436541481358e+00
-4.134716737351867288e-01
4.841906827055118129e-02
-2.739630757454038570e-02
-2.372468908919505570e-01
-4.836518625195835863e-01
-7.132245117805965373e-01
-7.679315609730613668e-01
-4.105683618082792696e-01
3.903884113239730058e-01
1.133732378441487221e+00
1.313031594499778354e+00
1.037612967807465925e+00
6.517961835617652744e-01
1.424781024744318503e-01
-3.044756280623545641e-01
-6.332017838640735530e-02
8.759878847558225656e-01
1.679347830328679736e+00
1.828002568951460072e+00
1.603142758139800783e+00
1.349829526354791920e+00
1.152660309733308353e+00
1.013114570242952928e+00
7.711603661055000947e-01
6.499151951999589949e-01
8.651988756160776672e-01
6.529702370168668502e-01
-4.503745796122443634e-01
-1.448536684293001420e+00
-1.522653110639266227e+00
-1.036734262107267490e+00
-4.229191665128917421e-01
-1.221929913094765840e-01
-4.298878251187805422e-01
-1.020763401152417149e+00
-1.420431967246028826e+00
-1.450785794459208633e+00
-1.250586051753146410e+00
-6.939855230633419358e-01
2.658300862178437085e-01
9.333901675552531696e-01
1.158332951340731221e+00
1.215347407772473742e+00
7.822960386491658591e-01
1.146953457653135389e-01
3.062634568084686079e-02
3.941893813463994700e-01
5.745923648029944708e-01
6.255667409790687250e-01
9.840501285646694463e-01
1.434210690200012017e+00
1.087423544538122178e+00
-2.942103765354447953e-01
-1.737407837435092972e+00
-2.154615271433489632e+00
-1.521325341150830734e+00
-6.938641922079663571e-01
-3.209814450381823780e-01
-4.145366049890211180e-01
-5.663138992369401992e-01
-7.475769064611192949e-01
-1.184583878433420612e+00
-1.246156932320976907e+00
-3.460129213068123821e-01
6.918282745858969074e-01
7.817440153364816346e-01
1.105807456938133065e-01
-2.970750571700124798e-01
-1.759993867589380590e-01
-3.067504611680659798e-01
-9.602108171361494193e-01
-1.589773392306991218e+00
-1.821219457432181166e+00
-1.609471217760511497e+00
-9.616142075579674486e-01
-1.852067744773935876e-01
-6.944231608433121955e-03
-5.176881560786069647e-01
-9.038005853573334303e-01
-6.698984467260415965e-01
-9.574008011384808198e-03
6.043311867607867871e-01
8.256626078960200843e-01
9.529425737989434264e-01
1.108362823149197984e+00
1.047676183750166468e+00
1.125986529556351812e+00
1.074227117641324725e+00
1.109029628426046188e-01
-1.119732823881489869e+00
-1.553849315796744124e+00
-1.236772444048325648e+00
-5.839535943118268069e-01
1.927252560258304881e-01
5.500302206808596051e-01
8.022111317317531798e-02
-7.162640024118565041e-01
-1.086095697532262205e+00
-6.672672096321398127e-01
6.359533588036379859e-02
3.062525113001922095e-01
2.422287711375246122e-01
4.596106856687579567e-01
8.739872671832019657e-01
8.561324549922528782e-01
2.063729676950792902e-01
-2.964725447055763241e-01
-2.324058777261020503e-01
-1.615152266695877026e-01
-6.191155335619776823e-01
-1.300639992614143425e+00
-1.480202908950760898e+00
-8.209717887164000860e-01
2.482367758875323183e-01
6.014553721958676435e-01
1.085891561955054208e+00
1.654768827232868889e+00
1.438384520558873003e+00
9.288601125874446085e-01
4.606134906769739357e-01
-1.812786686908469599e-03
-3.117536725615299154e-01
-4.145498006286394560e-02
6.465476533472791498e-01
8.696538551841899167e-01
3.616741633444008897e-01
-3.447302803377849667e-01
-6.979392076149834034e-01
-6.915927384160319713e-01
-7.700285912221541684e-01
-9.674214897787060119e-01
-7.842887480757687602e-01
-1.884427683579648072e-01
2.549054019937004312e-01
3.968997999652806863e-01
5.954310947145495803e-01
1.087823696646603722e+00
1.526840249620481149e+00
1.206114519489872139e+00
3.527928520064339546e-01
6.849599410250443998e-02
5.916033461287801831e-01
1.024042164985188519e+00
5.114606570693616128e-01
-7.091737492254337472e-01
-1.681128515834132919e+00
-2.184932163275135952e+00
-2.641046377387754163e+00
-2.729430310774567658e+00
-2.132049061184061234e+00
-7.920359768222220431e-01
1.237094687582460661e-01
3.267359048264335541e-01
2.350765306158252022e-01
1.268982651869012546e-01
4.960127287986422218e-01
1.614266852780786854e+00
2.496725824457400655e+00
2.045535622657462138e+00
6.778880518792764764e-01
-1.164965444593305394e-01
3.338051590551137093e-01
1.176104951262190390e+00
1.436631556808964927e+00
9.548995670875005670e-01
1.316253225037870289e-01
-2.891238172397143091e-01
2.993557576577971988e-02
8.519050084100786291e-02
-1.097654712349944717e+00
-2.346430425093604999e+00
-2.061126548839364414e+00
-6.718804492389691685e-01
4.784661788135960991e-01
1.092573402310613728e+00
1.416122424750088094e+00
1.306727900146939847e+00
6.774017866849623148e-01
-3.615068474497958734e-02
-2.328379401384002290e-01
2.154534263388684923e-01
8.519291292954856987e-01
9.964411003391585586e-01
4.553965883191083419e-01
-1.466494563399946272e-01
-2.204146193797054953e-01
-4.104755139469878217e-02
1.994640277630020664e-02
2.902169747310681669e-01
8.141335798451453387e-01
1.269189054243971215e+00
1.550503631420958373e+00
1.361747681565672607e+00
9.389913096170207085e-01
1.008933103971435097e+00
1.389489921305858466e+00
1.655036512448968100e+00
1.668645604009320715e+00
1.104871051794806602e+00
1.241155353244632747e-01
-4.661421963568732618e-01
-2.352441289291034021e-01
3.352444220964533872e-01
6.510828935746707513e-01
7.582753297948687798e-01
7.201949592802395772e-01
4.963198726010019657e-01
3.272272412534444341e-01
1.645500829280949207e-01
-3.120698531291025146e-01
-1.010757964059377567e+00
-1.576129002910195975e+00
-1.802939471096198565e+00
-1.381265863626584212e+00
-3.754687317354715725e-01
2.151744472111106754e-01
-1.019163669584830650e-01
-4.873480480511609425e-01
-2.960657678224457023e-01
2.024110011518008290e-01
5.916599481614680522e-01
6.962480098287975316e-01
6.220785295486601640e-01
8.012438476775459728e-01
1.333441049708780080e+00
1.568962371532065969e+00
1.248911381761643957e+00
9.510523898365259576e-01
6.072988946515822661e-01
-8.408657024609339503e-02
-5.360590566974894333e-01
-3.097596383567412515e-01
1.328732049013359728e-01
3.084465567016564935e-01
1.826149678499618401e-01
-1.947009187105768202e-01
-6.920653890491145210e-01
-1.272005693016895700e+00
-1.720726693423403342e+00
-1.623261246543654890e+00
-1.276558456161517086e+00
-1.269007062117055940e+00
-1.397630055893684053e+00
-1.050489322847801610e+00
-3.696320427104755058e-01
-3.088672245230058566e-01
-1.367748656154723408e+00
-2.325628873811306452e+00
-1.829605891980792487e+00
-8.499724284300891330e-01
-6.980251288032085499e-01
-8.368694855061974414e-01
-5.840524619954819974e-01
-3.245366259020518451e-01
-4.586908568705391209e-01
-7.100184600815480085e-01
-7.665572250341625704e-01
-7.389383314673415581e-01
-7.177591175411470736e-01
-5.749206226987394475e-01
-3.522791266132934695e-01
-1.083713901000276647e-01
3.264831334961829090e-01
8.268302026452519771e-01
8.052910526854736295e-01
1.595679872180864323e-01
-4.960191598567385562e-01
-6.087252484409378939e-01
-2.742189528188770931e-01
1.371534826634667747e-01
5.783273227832126384e-01
8.852784276436150845e-01
8.873781786005423555e-01
8.417402390240555921e-01
7.871299757274725639e-01
6.126899387340569714e-01
4.639690394700184406e-01
1.021177682621288441e-01
-8.297240213356795735e-01
-1.734076381211685725e+00
-1.714276799298125376e+00
-1.040339909085522541e+00
-7.458690347831379297e-01
-5.398282669845162474e-01
5.168808934072882666e-01
2.033197602551628957e+00
2.730178402540036853e+00
2.344460370371889812e+00
6.359639758195704262e-01
-9.256204834773379408e-01
-1.650600583346847117e+00
-1.573648159038067762e+00
-1.162875540936704422e+00
-1.022145256126802071e+00
-9.356600370829312174e-01
-4.858820928128914640e-01
3.977325275860017773e-02
2.648921367698831575e-01
3.026984153935490252e-01
4.263173023422207608e-01
6.058202376792356514e-01
5.120179534661427612e-01
-8.200474017196125731e-02
-8.323454350857582007e-01
-1.058748432596647193e+00
-7.019307755620399769e-01
-2.823381838632572083e-01
2.081156014361564346e-02
2.757558046851044109e-01
1.430727907857781145e-01
-5.363739599462572505e-01
-1.023405173738525464e+00
-7.241157573644753098e-01
-8.139579753248511740e-02
1.641268026292835025e-01
