-6.172878885401575921e-01
-6.276015336009824752e-01
6.836640543861545460e-02
8.465771025597125243e-01
8.097722138421389326e-01
2.382783730960798263e-01
-1.016490498164359796e-01
4.226893531609673266e-02
7.628012139429726224e-01
1.725850717961423975e+00
2.220079689332817185e+00
1.945230569071688009e+00
1.169567161154471790e+00
4.355462012707513875e-01
1.066471948932086189e-01
5.962329878500606528e-02
6.328140057927024442e-02
6.928778673748545169e-02
1.647705608859552640e-01
3.066747285367434905e-01
6.214405140553978107e-02
-3.815888067123031080e-01
-1.222625778111838535e-01
8.478287273257840706e-01
1.683050635925230409e+00
2.044757661223504108e+00
2.197988416948977619e+00
1.988803457512676953e+00
1.009268652368058072e+00
-1.956481934470269135e-01
-8.011353034010159080e-01
-1.103201047588674211e+00
-1.388019256228950393e+00
-9.890228090229790103e-01
9.125788666610884503e-02
7.617487318418464382e-01
5.936454483745093880e-01
2.541674954846549483e-01
2.871993713778281943e-01
5.628027956894482431e-01
6.022997493317606699e-01
3.243804168101994678e-01
3.151368566836162954e-01
8.239220485199761912e-01
1.245096801828918576e+00
1.313095926090199983e+00
1.497075251276411167e+00
1.759199103205203452e+00
1.534100132711665010e+00
7.874315311430749587e-01
-2.267003366805474263e-01
-1.276093422457135418e+00
-1.866950659046669569e+00
-1.761839557801171186e+00
-1.282908882101746251e+00
-4.780267610620996255e-01
8.452722946919467573e-01
1.946021808916904794e+00
1.796879488029367034e+00
9.014535613259823110e-01
3.757852252197341758e-01
3.445753374410225889e-01
1.728117814513049078e-01
-7.104367751447998591e-01
-1.876251166586371921e+00
-2.297864739492636144e+00
-2.045261861789223090e+00
-1.706031254827955479e+00
-1.081101068243194074e+00
-1.065963195028169080e-01
5.236874468229663071e-01
3.949461948483483642e-01
-1.535776981365549465e-01
-4.950821668003477227e-01
-7.355566989774037223e-02
6.875848950678382643e-01
7.094170603464517999e-01
-6.986351925354092329e-02
-6.067693952844819272e-01
-4.071015541892378797e-01
-6.523636607542000754e-02
-2.225121009970132402e-03
-1.487080604029273889e-01
-4.832048596242380367e-01
-6.919384708317709576e-01
-2.600877672494901760e-01
5.970321473121036338e-01
1.072144562115668665e+00
9.695110360341140376e-01
6.116106687787092877e-01
1.171787829377776424e-01
-4.386190887643419134e-01
-9.092784227814927345e-01
-1.098452511466792902e+00
-9.445855842789139256e-01
-3.162690096928144068e-01
5.306361345339776214e-01
7.185145238191184003e-01
5.387136742196509120e-02
-7.003842201024895742e-01
-6.647886594099450264e-01
1.714135590123496700e-01
9.001693495596693184e-01
8.653137977863912811e-01
3.848834885224041713e-01
-1.675811503968759608e-01
-8.946430774623908011e-01
-1.262203999238229679e+00
-6.020989317132311447e-01
3.698869234004857898e-01
5.531921923775356964e-01
1.493436507890198162e-01
1.766975478785555720e-01
7.507140645616457997e-01
1.046861725125991072e+00
7.974091024588302323e-01
4.894144608468920521e-01
5.878248571399732336e-01
1.030411616031780220e+00
1.186108073895488113e+00
6.239148473280400342e-01
-5.068693111101900683e-01
-1.739798356476768282e+00
-2.230117459688964132e+00
-1.764353649539482483e+00
-1.015452258169194710e+00
-9.320004388157729358e-02
1.126355633532216016e+00
1.692978617654449458e+00
9.197793484076647319e-01
-1.884026374406616300e-01
-5.216025619362073540e-01
-2.153656399673882782e-01
2.225597102323529919e-01
4.047167544760476576e-01
1.613823621069555847e-01
1.988501313461472561e-02
1.323080500344467891e-01
-1.113237817783473138e-01
-7.011709126501733946e-01
-1.061524364393672926e+00
-8.961262370348530570e-01
-2.865729875434974150e-01
6.278071278141256206e-01
1.571934933196843076e+00
1.489606430565672213e+00
-1.084527734977327740e-01
-1.928881032096606551e+00
-2.719917513347330118e+00
-2.691054915409621273e+00
-2.072969142504474505e+00
-9.933981889431550139e-01
-9.801954767868580054e-02
4.487448687593239074e-03
-2.308023691929587118e-01
-2.052032781391865957e-01
2.077536482469646006e-01
6.514854888843950587e-01
3.827812770885039018e-01
-3.432866470765347233e-01
-4.275481830188359034e-01
2.658551878294101445e-01
8.724752299681748369e-01
9.091186114663629692e-01
1.049858005799458205e+00
1.738163676373326805e+00
1.919954470287571269e+00
1.125048890137763991e+00
3.554156083844223768e-01
6.580530983807494905e-02
-2.377255670411892660e-02
-1.146453640358178205e-01
-6.111240314096193504e-01
-1.652943924318263980e+00
-2.523121321601839995e+00
-2.515194602568694204e+00
-1.746515929062330441e+00
-1.036693443049392371e+00
-9.170566288384842668e-01
-9.762903882905281661e-01
-8.131637609708686210e-01
-6.994494571077487510e-01
-8.977155244471294315e-01
-1.219739111201427084e+00
-1.159425769719354182e+00
-5.218685368791948775e-01
1.500583457266132514e-01
3.475558596207027340e-01
1.923700845006067195e-01
4.427916799576418067e-02
6.280139538396375953e-02
3.342539795900500987e-02
-1.372666457887647129e-01
-1.869618143615427164e-01
9.576605712561782335e-03
2.527802729383322733e-01
3.410598527314510631e-01
5.420257731193407758e-02
-4.788620431316690240e-01
-5.961854500361161158e-01
8.951545116694050730e-01
1.406250199136381607e+00
1.348222920688344040e+00
1.058954905757802711e+00
7.542889876918036363e-01
4.508626838233544820e-01
9.186664875636105232e-02
-2.976012743725838239e-01
-7.048933299497048832e-01
-9.075876994925811125e-01
-5.652987167945046076e-01
-5.285093443549705033e-02
2.517794582779067300e-02
-1.656878311182939656e-01
-1.331000070964326876e-01
1.139211626822434972e-02
-1.529709291694465179e-01
-4.692384472096627901e-01
-3.809382664516265948e-01
1.782580535097224583e-01
6.624358868541124767e-01
4.447060148753297359e-01
-4.217592992890054626e-01
-1.146858160912773705e+00
-1.293922601710783660e+00
-1.358046634904965355e+00
-1.610335766509459310e+00
-1.659756161194269053e+00
-1.372658823278461560e+00
-9.751438057204964149e-01
-8.391429063791151499e-01
-1.029554258960229340e+00
-8.645446123506437264e-01
-4.717553551062202838e-02
4.822879838524435914e-01
2.418565726336267818e-01
-4.839367829697839574e-02
-5.294624395452607324e-02
-3.430369852715577789e-02
-4.527944016052135728e-02
-1.625818556701946194e-01
-4.365254158714798050e-01
-5.038056604425262819e-01
-1.970798059242010736e-01
2.197133446842951809e-01
2.863340409950284604e-01
-1.692852771456070105e-01
-5.605315412690710097e-01
-4.378175432185461013e-01
-3.508109057989996504e-01
-8.905883636885774113e-01
-1.414391297621624410e+00
-1.130306561118971542e+00
-3.858717721769747144e-01
1.412941497921688661e-01
1.243452474488898618e-01
-2.974832920432748939e-01
-4.768118246860098552e-01
-8.626970717094582797e-03
7.316252546330810347e-01
1.096139543721999621e+00
9.206306935771545463e-01
4.399978083682033470e-01
-1.589300918494163106e-01
-1.017877925131616124e+00
-2.220957834351998450e+00
-2.722888518441594741e+00
-2.188591743237622289e+00
-1.130880061943596360e+00
-3.446824913946261448e-01
2.839750503535419246e-01
7.523760230565527118e-01
8.347060614843070381e-01
5.967594240765198288e-01
5.676883231152929365e-01
1.028182935646443363e+00
1.637253542554205854e+00
1.993521834187299557e+00
1.747250758246720936e+00
1.053101483933528648e+00
7.908247588336503320e-01
8.996147764846285089e-01
4.501226259683379083e-01
-2.287700338332950278e-01
-3.021368508411865217e-01
-1.365095535107973754e-02
1.714402144287112129e-01
2.376516271496847410e-01
3.214678623520895728e-01
6.205265739837562133e-01
1.008944521370006120e+00
1.172905721396517054e+00
8.532630800597224008e-01
-1.846144026099002800e-01
-1.545202866612801706e+00
-2.233117264916510081e+00
-1.812386736912218188e+00
-8.846428539664215052e-01
-7.087819447042971455e-02
4.054258701622600602e-01
3.582769609344465533e-01
-2.101636336114960091e-01
-6.799226591726262869e-01
-5.296251061478727262e-01
-2.058599935311251905e-01
-1.646439575998503990e-01
-1.944682559307301106e-01
-8.699326795257139588e-02
-2.988991288967042248e-01
-1.119574214942987256e+00
-1.851575678286188076e+00
-1.799917909097172863e+00
-9.904886503991241486e-01
1.751941797433112236e-01
1.139983584271823558e+00
1.383422135823733079e+00
1.059162931238901706e+00
6.224955351114093149e-01
1.714069164630250761e-02
-6.429909019438462270e-01
-1.044199053297192537e+00
-1.273092687841740345e+00
-1.175147562464893491e+00
-2.949406116755780016e-01
1.034650605608055551e+00
2.063933724341410425e+00
2.536528705522430815e+00
2.423539711011367004e+00
1.777821618745169641e+00
1.037219542710164255e+00
5.770290988963447942e-01
6.062419197861264319e-02
-5.091649790641401552e-01
-3.947138631052941604e-01
1.312498415579559097e-01
-1.013777333220168414e-01
-1.173104388608336546e+00
-1.511394370269303122e+00
-1.426059405508142974e-01
1.237310194086923332e+00
1.057609593489123201e+00
5.236935075369645448e-02
-6.695084343186189502e-01
-8.259820016403285337e-01
-6.289327099068091620e-01
-2.987837882824983526e-01
8.142530509123103305e-03
6.219240223279252217e-02
3.089161611407932259e-02
1.131812070574390594e-01
-1.107149668731687159e-01
-9.515758258734140496e-01
-1.960405263887463168e+00
-2.405850445223135736e+00
-1.973046149004164640e+00
-9.656517281464708224e-01
-2.048521477067953567e-02
4.862264979702524692e-01
6.451056748090864268e-01
5.850455926696058739e-01
3.618972413145799538e-01
4.122800457208124492e-01
1.115763050396212153e+00
1.881826066815625254e+00
2.002517840878274225e+00
1.661871551700973448e+00
1.190355073536562447e+00
6.929223588331331340e-01
3.182513065450358059e-01
6.993801122331230746e-02
7.544518851725033615e-02
4.747317767445841108e-01
8.658866627053847242e-01
5.997360680832870550e-01
-3.249744554829014920e-01
-1.347248438148846095e+00
-2.134806787786095672e+00
-2.223235048167915284e+00
-1.377662333480708767e+00
-4.982106405911675417e-01
-3.394756913695800016e-01
-5.062527484710916958e-01
-4.315299864675493091e-01
1.185203116011453173e-01
9.648147520296360691e-01
1.678455090712730247e+00
1.790468940990274982e+00
1.130956636556828876e+00
3.600867304010786363e-01
3.811681262704794126e-01
1.052857198666834471e+00
1.198145240736078421e+00
4.549035601236958715e-01
-9.257681459389292822e-02
2.655843829607333895e-01
9.804833787873022954e-01
1.375592603244725654e+00
1.501478082977245831e+00
1.498002892731403080e+00
1.004403523157831435e+00
-3.785385705911543663e-01
-8.421790833249248598e-01
-1.043509255892514531e+00
-6.217365327131544328e-01
1.102542159659813774e-02
2.090428864096526840e-01
-2.183278258565466978e-01
-8.961242294506149841e-01
-1.394606852833425226e+00
-1.703756233641843032e+00
-1.663217937370911281e+00
-1.111539515035927961e+00
-4.815512950835565409e-01
9.186666970298359991e-02
8.034603126696809872e-01
1.220524749305456735e+00
1.111573908679448275e+00
9.789273340576452043e-01
6.935489646145517328e-01
-1.069625825019094451e-01
-4.118431398604052718e-01
4.956750170481419304e-01
1.463323235036782188e+00
1.329667450327325584e+00
4.500760158914645648e-01
-1.654775278658824345e-01
-9.889361330000075168e-02
4.410835378109788651e-01
1.023333873677050532e+00
1.246275752722429520e+00
7.280541105545781377e-01
-4.901539335615803794e-01
-1.379858658208845679e+00
-1.198976006452725729e+00
-5.029687879721187471e-01
-7.238852953934639400e-02
-1.213217171756499208e-01
-4.290494455067637714e-01
-6.217831322418260198e-01
-5.127207555107972103e-01
-2.966242256445734693e-01
-4.063710883959797404e-01
-7.936919064618367381e-01
-8.987488314950484725e-01
-5.906699936054099487e-01
-2.743822941381998670e-01
1.711634853157371350e-01
8.599663656254460387e-01
1.007936441093473245e+00
4.514467175691653789e-01
-1.376812885013680710e-01
-6.765581026103777429e-01
-1.285135387925297357e+00
-1.332804052267275274e+00
-3.133244197730454261e-01
1.087972272986907685e+00
1.708123819468424953e+00
1.171675293831801357e+00
2.442703458428332475e-01
-1.383317426137858908e-01
-4.376777845169128878e-02
-1.754464466843985160e-01
-8.315099037022373185e-01
-1.556935778444662244e+00
-1.574549999042034409e+00
-6.479000833835180106e-01
8.413513907491613208e-01
2.131652563213656926e+00
2.664604679138199206e+00
2.691307542160056521e+00
2.695983541997803989e+00
2.326071303984377003e+00
9.088277242784298382e-01
-1.035968441470347390e+00
-2.026619353135896251e+00
-1.518882910797746399e+00
-5.815834675987585634e-01
-1.037953716714167668e-01
2.764608697736989362e-01
1.177637932307436186e+00
1.976242634567956458e+00
1.737805260306542809e+00
8.950997942777630945e-01
1.763285624100933979e-01
-1.460103865477961615e-01
5.352233950020316572e-02
2.485310942807974210e-01
-2.015659307873680917e-01
-7.466927157434001261e-01
-6.344205806822319493e-01
-1.892565707912545470e-01
-6.355820896849534440e-02
-4.604529884979009502e-01
-1.079166893704662344e+00
-1.234377494111044804e+00
-9.245421577340484642e-01
-9.893326394873194207e-01
-1.422331773733468196e+00
-1.373069130709041907e+00
-7.066041680840113859e-01
-1.331922151712591484e-01
2.578938894149593319e-02
1.660489676306747264e-01
4.630170003327989114e-01
3.704606501140975672e-01
-3.222819376085969689e-01
-6.953365423673103507e-01
-3.763227795830608180e-01
-1.435787129998105094e-01
-2.347580210712277016e-01
-4.348767562753292903e-01
-9.996232536302033234e-01
-1.796444083073347464e+00
-1.970543950467827266e+00
-1.191020528511183008e+00
-1.344354481455774519e-01
3.386568996085227434e-01
-5.918538157371827473e-03
-5.989867395654276949e-01
-5.960152373532228154e-01
-1.735087585415670264e-01
-2.147640198052937488e-01
-4.955292102359182826e-01
-7.908999022756466046e-02
7.465366966820711214e-01
9.003556405191294187e-01
4.007845802865191431e-01
-1.195351263955673760e-01
-3.486292597142181537e-01
-2.123608693753206156e-01
3.563510716885258112e-01
1.252841630310008281e+00
1.639363200078764349e+00
7.791589603628649163e-01
-6.129789782757386618e-01
-1.435839350044983309e+00
-1.520517846067118706e+00
-1.045967837229054398e+00
-2.759054946508792128e-01
3.422943027482188705e-01
7.200491830373172419e-01
7.298508149122148181e-01
2.420700210081518644e-01
-2.255817370334686489e-01
-1.977657355435853692e-01
8.166143366355931021e-02
3.021983149649108413e-01
5.235085315820168228e-01
4.998544981225716555e-01
7.821770968451979833e-02
-2.861700249195056611e-01
-5.263383846695818269e-01
-9.213542774298884019e-01
-1.281325868404865620e+00
-1.284506244853591772e+00
-1.032942631538591005e+00
-6.988218206791553255e-01
4.045529613440869421e-02
1.002870199010783558e+00
1.568012431380646055e+00
2.011255245727032293e+00
2.480250037467365498e+00
2.357586622552345634e+00
1.552071582121385074e+00
7.713805668096946899e-01
5.424560780702124552e-01
5.890876560399802564e-01
5.404666297812409370e-01
5.819208015583628990e-01
7.199292248896692614e-01
5.417182329792394890e-01
-1.429276098192040767e-01
-9.003148778338110336e-01
-9.115167789089864137e-01
-7.260818242048711069e-02
1.015451015246898292e+00
1.983292663816898393e+00
2.540124636056257934e+00
2.125075099218185493e+00
7.085355655219779392e-01
-5.390574957227203257e-01
-6.360221846871813023e-01
-3.183926327011413898e-02
2.389970962514649522e-01
8.028236513916187089e-02
1.393798576116955512e-01
6.869490587310039809e-01
1.276834409915593049e+00
1.289185441639458141e+00
6.484678541542436836e-01
-3.705858452718097662e-01
-1.284985094198523470e+00
-1.492558488715102216e+00
-1.174876100386912148e+00
-1.084040675190264036e+00
-1.247350724587423576e+00
-1.135371084176857170e+00
-6.904393149838859989e-01
-3.533572481434606449e-01
-2.217775320665635874e-01
2.294451807503112839e-01
2.705335586757279809e-01
4.248783995505190925e-01
7.527066748959496678e-01
7.786171150443602640e-01
4.665532326231738858e-01
3.202591864017338419e-01
4.715631569967181913e-01
7.467401706544213313e-01
8.500369252548969357e-01
2.358710657408792100e-01
-7.371579435783900403e-01
-7.059585414162519168e-01
2.093711911767926481e-01
8.616612740453686303e-01
1.145181356459423094e+00
1.518134295684738566e+00
1.766951404847020513e+00
1.601795728169998378e+00
1.391670019885250742e+00
1.145208103727184179e+00
6.083449895493786563e-01
1.254852653827389364e-01
-6.598769542459918813e-02
-5.216723158919350789e-02
1.292893979663936044e-01
5.283222268856190285e-01
1.119870833339611016e+00
1.386947621328732394e+00
1.016811923979434429e+00
6.546275245620928329e-01
9.852450895781896811e-01
1.597266331966558095e+00
1.605474064347642615e+00
1.122421222801111895e+00
8.055695729877575539e-01
8.455287022026952704e-01
1.175139827344796162e+00
1.599768513892504407e+00
1.576403985181864531e+00
7.704507297519460618e-01
-3.211097093082830312e-01
-1.064550003572377834e+00
-1.001218442835915878e+00
-2.818312277317460701e-01
7.368839088824613581e-02
-1.310198995797094146e-01
2.017253521359987922e-01
1.213007730658593575e+00
1.600468226526341242e+00
8.287327585255368501e-01
-2.206187678578711009e-01
-7.361694336799793348e-01
-8.244631333899041792e-01
-6.891250029402163912e-01
-3.078181017509369344e-01
-1.491573135107908121e-01
-4.227970417660193436e-01
-4.199368617665917292e-01
3.057762053393207613e-01
1.161538761757678451e+00
1.361522821419234752e+00
1.041295521044684369e+00
6.151542557746653150e-01
-7.997685314278310531e-02
-8.533384197210206468e-01
-1.067317955520902695e+00
-8.695309898374619095e-01
-8.274225029682689136e-01
-8.887312240608040703e-01
-6.825811573238917962e-01
-2.326272371914930026e-01
7.407504410915403958e-02
2.351761496511630203e-02
-1.852234460614328726e-01
-2.185198924789812924e-01
-9.674208572976742554e-03
1.570291518239876893e-01
-8.120109519137597848e-03
-2.714472247203543187e-01
-3.219293457664514913e-01
-5.278636578183426575e-01
-1.095295666477245078e+00
-1.413797052497877349e+00
-8.614921582531195332e-01
3.696814723261485081e-01
1.163473362326969296e+00
6.154069082769798582e-01
-8.821036009149477719e-01
-2.141566867621905512e+00
-2.574631915913904834e+00
-2.439150172985020681e+00
-1.875351493012858528e+00
-1.076278867153271479e+00
-6.521833929840429311e-01
-7.369272305992992100e-01
-8.281280652784882568e-01
-8.170604711323778968e-01
-9.222794492141871414e-01
-9.274719614976756343e-01
-5.466229222550135214e-01
-9.730128499005981368e-02
1.643492561292645149e-01
4.611287336334873310e-01
6.777687157046846655e-01
5.427430026592159340e-01
2.507127301635552197e-01
1.500711996034069240e-01
7.218923042588164252e-02
-2.017540078473867848e-01
-1.699420985520480043e-01
2.803832959083844556e-01
5.969669528487957511e-01
6.028183864015297377e-01
4.239362409810643606e-01
3.661073806842236045e-01
8.142650704746722257e-01
1.445187697910991886e+00
1.488942328518300107e+00
9.007715272308493004e-01
2.051611445428258018e-01
-1.968712484259586004e-01
-1.017408233265302969e-01
1.246268727760072997e-01
-1.091572119007676450e-01
-5.280880817121448301e-01
-3.858141298894178783e-01
2.316383117164851901e-01
4.581392700354550152e-01
-1.978962858535744940e-01
-1.162955974504018997e+00
-1.456964680464029049e+00
-9.900605590291191582e-01
-1.065732790066022534e-01
1.011966180585411657e+00
1.801295738367137078e+00
1.782667578547468823e+00
1.112783485198791666e+00
1.969092943023765252e-01
-5.199258968629771882e-01
-5.516674178262049866e-01
-1.276770675131321531e-01
-1.856793912740316299e-01
-9.302396146851804604e-01
-1.671692899238756969e+00
-1.815271815473070927e+00
-1.446450710243840643e+00
-1.208779381760269223e+00
-1.375197285677620007e+00
-1.578955789860679415e+00
-1.282061038871620040e+00
-5.720705030672613711e-01
-3.914918983365447414e-01
-7.732540270846706143e-01
-5.946401681469021261e-01
9.538574883263357951e-02
3.652793832392092210e-01
1.302523147242988788e-01
-2.960618317245060638e-01
-6.928843784789241456e-01
-7.837924000384201006e-01
-2.786090370676184147e-01
7.353154361625621194e-01
1.488535472704536788e+00
1.072101712373984883e+00
-4.781135568897855737e-01
-1.704559510465928573e+00
-1.306478356228798487e+00
-5.926295282091398331e-02
6.102244968475594167e-01
7.149829702371478524e-01
7.534159960880234541e-01
8.312967288172169456e-01
9.358962895052477249e-01
9.951327132575654710e-01
1.192917401071794670e+00
1.466142719444626152e+00
1.179340929506538238e+00
2.656081705868627019e-01
-4.102073543196776972e-01
-1.373753686988145595e-01
7.451150284886882691e-01
1.565654123717309387e+00
1.920005480424651800e+00
1.566558894969377613e+00
7.323564697685367442e-01
-5.051178181989332550e-02
-3.025316413265132787e-01
3.100017056335774290e-02
4.173162096096542650e-01
3.018424296394601747e-01
-5.546452014617857529e-01
-1.796595093826383716e+00
-2.643334907797033395e+00
-2.722014392849602338e+00
-2.464962168953964916e+00
-2.138576680763097482e+00
-2.229855935401551914e+00
-2.053899475191355073e+00
-1.121267895720000629e+00
-5.371453826231362694e-01
-4.726213312217155682e-01
-3.942507996344352811e-02
-6.584457456227458746e-03
-3.024448001918612627e-01
-5.337122003927953218e-01
-7.237236438682493889e-01
-6.739976712188193719e-01
-4.188290598411841259e-01
-2.722524522964125948e-01
-3.207243701116736512e-01
-7.025037341132686075e-01
-1.275304486597212961e+00
-1.294757192407100188e+00
-5.994940429376081070e-01
-2.286770158700983657e-01
-6.560806129530069031e-01
-1.209749203463284850e+00
-1.191296664135318428e+00
-4.881919857811062302e-01
4.079683319219069570e-01
8.200105298684039479e-01
5.751963169386472563e-01
-2.064102681168170431e-02
-5.890563300276506764e-01
-7.655217710089892158e-01
-3.713656331509786468e-01
3.494972957388999268e-01
7.376506962736816275e-01
-1.467234659539880595e-02
-1.632943372823412620e+00
-2.454070795273409988e+00
-1.759312228464908978e+00
-8.856138340117390984e-01
-1.056206052810120477e+00
-1.567107027212953252e+00
-1.357481481073770091e+00
-8.598368819547527186e-01
-9.739394173407351918e-01
-1.476953367992690502e+00
-1.374073425147450234e+00
-3.154259512625754991e-01
1.088489964316005087e+00
2.038621259733243818e+00
2.072633334719339526e+00
1.329901336195357553e+00
5.726151708968806320e-01
5.503022496213780812e-01
1.006236215411684398e+00
1.132560216341371495e+00
8.805868550496624980e-01
4.856385679222302576e-01
-1.589370513363323190e-01
-8.248402750091111679e-01
-1.314285427201886236e+00
-1.882139009741702118e+00
-2.245561184371168473e+00
-1.870618144662180793e+00
-9.011260171539139385e-01
4.309506234464665492e-02
7.337965163577988559e-01
1.638884475533231688e+00
2.542815502649648618e+00
2.410809557215450649e+00
1.204461801404719479e+00
1.457950179309074334e-01
1.263265641483885815e-01
8.272623177495694868e-01
1.418556741053139891e+00
1.381356854538960954e+00
9.204596841175149979e-01
4.122726396475451249e-01
-1.096984712665853984e-01
-5.980155664253410386e-01
-9.619290808812639426e-01
-1.169979117472010666e+00
-1.265767104210914651e+00
-1.148198311419548201e+00
-6.853484957542894662e-01
-1.743633615095242506e-01
4.695915256862640691e-02
2.926833952343462983e-02
-2.453861953845634103e-01
-7.092885064147446128e-01
-8.610575596247566077e-01
-7.477884383156931936e-01
-9.065745741108752753e-01
-1.080599963990951373e+00
-7.030220594463471029e-01
-5.278607045731143615e-02
2.674512376998540164e-01
2.831695798243098472e-01
2.164217110374654918e-01
1.124164797083150036e-01
1.837774309788005322e-01
3.048572572668078462e-01
-3.456775827038582188e-02
-6.016138816408165280e-01
-7.040944299212579249e-01
-4.028992077264228477e-01
-1.855713866985043703e-01
-1.717159936775859985e-01
-8.851950082447618273e-02
3.110156783780999024e-01
7.019786564270201756e-01
4.828739164068145961e-01
-4.338755913395256902e-01
-1.187430865234468058e+00
-8.054396696295175184e-01
2.911049938310171226e-01
1.050686644111483270e+00
1.404297959122293049e+00
1.642628365556104697e+00
1.702006871425793433e+00
1.258388389064880375e+00
2.727146448872705409e-01
-6.450174024860487743e-01
-8.555844158541094924e-01
-3.697273064301205281e-01
3.479929987066081032e-01
1.026941681579235821e+00
1.509588196962604600e+00
1.611760301255107830e+00
1.193989895785440014e+00
7.418367644115169135e-01
8.524118708243465514e-01
9.170174651574687363e-01
3.265746239539198958e-01
-4.372316151160012820e-01
-8.469364691679422963e-01
-9.836219413134636991e-01
-1.236260910404076041e+00
-1.694021543430164645e+00
-1.803506227952377028e+00
-1.143313202071120749e+00
-1.277571601218721598e-01
5.631915739017636646e-01
5.628561823992351831e-01
-3.256018974245501463e-01
-1.436606133083219383e+00
-1.351679259329988669e+00
-2.074473368929710404e-01
5.473868703210349462e-01
6.423592101991457692e-01
5.881109467605870611e-01
5.383191649905400000e-01
7.075492849285385244e-01
1.202603594959910538e+00
1.672182766554902056e+00
1.632976272487968394e+00
9.858455468913720487e-01
2.633804845977741893e-01
7.284686680923903486e-03
1.171723742258222595e-01
1.447687182022899255e-01
-3.592238023431910954e-02
-2.291487111513592148e-02
2.946391277531585917e-01
5.452772390780172840e-01
4.386789769340715961e-01
1.981385103084444266e-01
3.895207050846519192e-01
7.790685522332183588e-01
5.233849245973595243e-01
-3.864999582199664108e-01
-1.244359335330110783e+00
-1.668353695558655980e+00
-1.657645671870852988e+00
-1.235565930088367237e+00
-6.657996713636449293e-01
-5.267334114357518082e-01
-1.009571855955750053e+00
-1.340599813122754114e+00
-5.330924393620991575e-01
1.030888928005138316e+00
2.085570739749254443e+00
2.294126810938641015e+00
2.193475886913216044e+00
1.794435991235276751e+00
9.342545011300763536e-01
4.994241553390389998e-01
8.223510788559185158e-01
7.646789802621283272e-01
6.944752969408331256e-02
-4.138944895920799727e-01
-4.219844832488451325e-01
-5.020870494578064808e-02
5.151207539136990476e-01
8.931346657392114086e-01
1.070762027537889294e+00
1.291119046671206361e+00
1.489530468340743097e+00
1.439938470046891350e+00
1.188139750511802317e+00
8.669925972471453912e-01
4.109500481061791888e-01
-3.323746671980959411e-01
-1.015841350937449983e+00
-9.280241862462625946e-01
-3.344959879884557563e-01
4.753997742858481756e-01
3.908901466293215887e-01
-2.483408742982999573e-02
-6.384964236949112193e-01
-1.059655030471056358e+00
-5.360088282238169022e-01
6.063658056060622359e-01
1.129598117314992489e+00
7.777718946547206302e-01
2.887259744169921594e-01
-1.197806773423136378e-01
-6.562113946062618774e-01
-7.518690585452371122e-01
2.734538404530635902e-01
1.853117170656294332e+00
2.628201866588630864e+00
2.012827375610708014e+00
8.312797004594543182e-01
1.678352705591482641e-01
1.994320472077552309e-01
2.082562654078339293e-01
-1.776018171894561473e-02
6.487338568623271517e-02
2.916995866999382292e-01
2.754925119195264505e-02
-5.585654340289197828e-01
-7.075825731487799253e-01
-2.475631112308138149e-01
1.072849802497810173e-01
-7.363867666370668696e-02
-3.309573850475978629e-01
-2.215694566014165812e-01
8.074444590977529479e-02
2.825827069105155687e-01
4.742483419966437297e-01
7.111470047088761515e-01
7.216332293975120660e-01
3.878567120776641453e-01
1.172665429683824451e-02
-7.358147814817177224e-02
9.782474066760256382e-02
1.917940772938876437e-01
1.431575662027565754e-01
5.047853168020974834e-01
1.524005454914265201e+00
2.389290787168880215e+00
2.224561978468172718e+00
1.210836807361699519e+00
2.273740321947350096e-01
-1.502572093344176907e-01
-4.993587795489200232e-02
1.777035215185749362e-01
3.370144305107614646e-01
3.744484065233208425e-01
2.002289870837458963e-01
-4.015926872504924083e-01
-1.339945594744060164e+00
-2.098384549573095725e+00
-2.049171177902882501e+00
-1.293518281252651114e+00
-9.602461497103383925e-01
-1.690574503729971312e+00
-2.492500202816370081e+00
-2.239755965295816775e+00
-1.358775661587614092e+00
-9.074453276384816247e-01
-7.314991547418533413e-01
-2.623691422867089895e-01
6.297614201365370201e-02
-4.638003717523403457e-02
-2.230538276909528606e-01
-5.947045728024462352e-02
5.110894144222644098e-01
1.013552377860708731e+00
9.821998913148539678e-01
4.619031203165127053e-01
4.542098017790974912e-02
2.373956980979600451e-01
6.588815520664850212e-01
8.630770629208308620e-01
9.383136508246574525e-01
8.953976891366253188e-01
8.974462595952847899e-01
1.088453734190428568e+00
9.552328980185579299e-01
4.464178788661276043e-01
4.683917368511537060e-01
1.326592496442552394e+00
2.009555432819673637e+00
1.755168662465252938e+00
1.061663798295135575e+00
4.598850190281300043e-01
-8.229511244078256682e-02
-3.358935414929924423e-01
-1.572502900617158417e-01
-1.605093505529963382e-01
-5.190022493128110259e-01
-3.437590964805913307e-01
4.966475506755586022e-01
1.006979948268992953e+00
8.353553267162758811e-01
4.351948996767022737e-01
3.892936046268820061e-01
9.484810547436638428e-01
1.583650295369766869e+00
1.476507649223022911e+00
6.740509234325009480e-01
-2.900960381748295819e-02
-4.620985312164238579e-01
-8.018582787539852985e-01
-5.378546262711144665e-01
2.577038360235328063e-01
6.596230037356960452e-01
5.972618892373148247e-01
3.559556372421907589e-01
3.910419574528473802e-02
4.039321514978887195e-02
1.437435736663608132e-01
-2.279399381903572663e-01
-4.987928320009748506e-01
-1.907482872796196771e-01
4.646462225763371701e-02
3.010447507922105279e-03
-1.075363159405958238e-02
-1.189928294808081932e-01
-5.935581825656897070e-01
-1.198349002378689354e+00
-1.328148223377159542e+00
-7.140653339562528235e-01
1.760279129858728364e-01
4.061851212783363918e-01
-2.961199659202947143e-01
-9.148110981479624648e-01
-3.951032659590651974e-01
9.890763632148712459e-01
2.298284456561419109e+00
2.719846482408990074e+00
2.004319235856009129e+00
6.026641622528028375e-01
-3.784514279273987758e-01
-8.274120288414316127e-01
-1.439188494454010536e+00
-2.018777498629376055e+00
-2.037488368845916220e+00
-1.569373573023208124e+00
-8.671223391970580563e-01
-6.270500484341172687e-01
-1.060848011822984605e+00
-1.146220266087576212e+00
-5.459612444617041316e-01
-1.290987131849369134e-02
9.303532682840441603e-02
-1.748822608129572131e-01
-5.260471889175561966e-01
-4.417170402172103105e-01
8.895388761979247660e-02
7.663964733433212828e-01
1.410296551843639667e+00
1.712180851875001464e+00
1.693932314289456675e+00
1.665835964025634386e+00
1.410027485705510619e+00
5.949916338316085795e-01
-5.607816149875912703e-01
-1.520318614156940473e+00
-2.049142367834657197e+00
-2.110699649122896648e+00
-1.588516772881591876e+00
-7.410269152201135467e-01
-3.212040520107581898e-01
-6.488339191376463200e-01
-9.174627854729754395e-01
-3.134386552415568405e-01
7.331495916285183378e-01
1.330609985351212110e+00
1.335972854642127894e+00
1.057025309519012524e+00
4.900725795937186935e-01
-2.332539842287903731e-01
-7.219113410349589088e-01
-8.976078539842260451e-01
-1.080734640007529057e+00
-1.266787963417717489e+00
-8.448960252507691226e-01
1.201138348047498666e-01
6.651158013645624978e-01
3.825115365722603356e-01
-4.692178055519544144e-01
-1.637694453126098848e+00
-2.386039748624059431e+00
-1.802359587993701995e+00
-4.992200984011767040e-01
-5.709968720736924297e-02
-7.464618847230979348e-01
-1.413686573536535152e+00
-1.441276360408558110e+00
-1.183832540965397362e+00
-8.082467896614989877e-01
-3.050386043280258197e-01
4.751328552113524145e-02
5.443504551120026402e-01
4.261738596059363449e-01
4.859165406396392384e-01
1.036105183955053910e+00
1.454170673147963555e+00
1.343999854752501166e+00
8.410902766136577613e-01
2.247104382478470608e-01
-3.509495028121984994e-01
-6.149078383664999814e-01
-4.476507166007653860e-01
-2.176192806711614580e-01
-8.940024877793781299e-02
-1.285763899611965522e-01
-4.741943009089594208e-01
-6.549610388607440825e-01
-2.774289254617726685e-01
7.205036016820441647e-02
-1.648904456196377821e-01
-5.801603126001104727e-01
-3.817210373624851938e-01
3.794734642944878056e-01
8.557076971084101036e-01
5.612519498742037927e-01
-2.661680412786364136e-01
-8.236279182034673685e-01
-5.853672862089898121e-01
-2.437967670053357849e-01
-4.304651177005658358e-01
-6.354089380135733434e-01
-5.950350021081951546e-01
-8.249836892520959752e-01
-1.266594796173903692e+00
-1.326463458282484131e+00
-9.465737516541506968e-01
-3.483413264784959162e-01
1.689884548996231084e-01
8.735642086744911661e-02
-3.613756265933769085e-01
-3.810019754745299081e-01
-2.140816012233292751e-02
8.110766906603640580e-02
-3.397972571461073676e-01
-1.069565492175294175e+00
-1.610881651829906724e+00
-1.419945849591076614e+00
-4.952982807343020988e-01
2.630407470571333173e-01
1.777845230504961904e-01
-2.725389176500109256e-01
-5.739214958400560285e-01
-8.684141371114864061e-01
-1.008518982610034476e+00
-4.697439990558126000e-01
4.600315068962515519e-01
7.082316160499266822e-01
2.272136722129381170e-01
2.583786176266523668e-02
4.060663422261310274e-01
8.390220358659296052e-01
1.040775891045673029e+00
1.099205627509445948e+00
9.522523380798709747e-01
5.892665496009273918e-01
2.581067682736757907e-01
2.947853835329777850e-01
6.270535501796491440e-01
6.120860713215182658e-01
5.330662514645368999e-01
1.210015914705770301e+00
1.941239471300845842e+00
1.944222690598186531e+00
1.707258723113861176e+00
1.570387100279251769e+00
1.525959452139810324e+00
1.525957493639479523e+00
1.534875485387714678e+00
1.704244849423451669e+00
1.717085066230226387e+00
1.163872760132226958e+00
5.320727136896344911e-01
5.189207934333798233e-01
9.219313173455575550e-01
1.214230915341576678e+00
1.193943114965247521e+00
7.078248806230627022e-01
-1.292245870348016912e-01
-7.138108820709209157e-01
-5.837195962047017073e-01
-7.290107772673103115e-02
1.183391429310171744e-01
-3.673666918794472602e-01
-1.291328685303216872e+00
-1.941026845197362904e+00
-1.921961964837912484e+00
-1.573532939451361523e+00
-1.279488924646258408e+00
-9.289779783295335491e-01
-3.926460273314837102e-02
1.287655284464733763e+00
2.055221118653110857e+00
1.762443839621995245e+00
8.708043720158157308e-01
1.898274083208929819e-01
1.926492995669111530e-02
-7.880673527098617723e-03
-7.575617272040449657e-02
-1.984024292487394370e-01
-3.602357958446081865e-01
-4.417417437757114596e-01
-5.150652021235546663e-01
-7.726527862356084020e-01
-9.318289452669215045e-01
-6.463893214144592614e-01
-1.680023216701487798e-01
1.883107475272443598e-01
4.814306105763836441e-01
9.682553482868573314e-01
1.679154401679815445e+00
2.228571421052082613e+00
2.064374353398886086e+00
9.717920255685894571e-01
-3.177761368030793121e-01
-9.450299708170184498e-01
-1.054042145653022899e+00
-1.214897637598346902e+00
-1.308783502056547254e+00
-8.442575136127354885e-01
7.842305467796269192e-02
8.654159229993189095e-01
1.059864209165932936e+00
8.158779388169042912e-01
4.589944973773502079e-01
-8.772225459255870994e-02
-5.698615316875470516e-01
-4.969277599401981660e-01
1.332047466212854525e-01
8.888391296104042327e-01
1.074567881030179528e+00
4.815557441114598491e-01
-1.719168482895419015e-01
-3.823446009898985865e-01
-3.122715934761112200e-01
1.238318702774581920e-01
9.971428533829683749e-01
1.507942662016691138e+00
9.705623345288113546e-01
-1.504323829210123531e-01
-9.671590127555461658e-01
-1.150146970048375739e+00
-1.179959356029450124e+00
-1.375543893536161466e+00
-1.554988663167235829e+00
-1.602964055204688654e+00
-1.494353453667958131e+00
-1.162750038427748045e+00
-7.766067455732619251e-01
-6.678195211261150899e-01
-8.411007816407839455e-01
-1.073189378390188464e+00
-1.201296886161031807e+00
-9.445159580131555765e-01
-2.317917033648860536e-01
5.722068452326365406e-01
1.375105268256904711e+00
2.137304442749595967e+00
2.642332704408464572e+00
2.720550522432235052e+00
2.386768070239882800e+00
1.567336371354860702e+00
7.166442971063581302e-01
1.673337756839211876e-01
5.951546564762046770e-02
8.751763387859400056e-02
-2.265728321318242477e-01
-8.488812845055387912e-01
-1.475198721482416486e+00
-1.908626338821311608e+00
-2.130482898674865400e+00
-2.215956304176887048e+00
-2.056284930194126392e+00
-1.660418827998689117e+00
-1.285774104394028505e+00
-6.960454629063762555e-01
6.450553600739775129e-02
1.282703691031055193e-01
-4.249134088410422283e-01
-5.586256979542214562e-01
-2.445917413431460130e-01
-2.288348436422829035e-01
-4.805433371116006880e-01
-5.388171944594801754e-01
-4.386604456364666671e-01
-4.451684815886248203e-01
-5.273897011273737112e-01
-5.123755675678838273e-01
-2.897473860374109034e-01
7.825436243593367203e-02
2.623540348440226433e-01
1.846276047957234323e-01
1.004722202680727650e+00
1.434807817640025407e+00
1.577003580943372674e+00
2.032328989743285241e+00
2.584352892698238424e+00
2.288784381445140514e+00
1.206200652773290694e+00
5.464225862262844791e-01
6.274854550690938115e-01
4.986339471148134583e-01
-4.106590812031873372e-01
-1.602540310835399273e+00
-2.134913736683305974e+00
-1.617797053054281564e+00
-4.685931456469504264e-01
6.398968964361613221e-01
1.141858990657317330e+00
1.074017135022248048e+00
9.199502607002169041e-01
7.879735152047920854e-01
7.010047289301798434e-01
6.862564739160837979e-01
6.594353501004943663e-01
5.237017975492433974e-01
-3.061379638482399079e-02
-7.335926087767875581e-01
-9.527634424646520550e-01
-8.270419192702462841e-01
-8.944412428619190614e-01
-1.275403630702102387e+00
-1.463922315223139758e+00
-1.200307306542702346e+00
-7.456894946145823377e-01
-2.234052232991359521e-01
1.985441497911663855e-01
3.082647971939111442e-01
3.315376144557400512e-02
-4.550986240091269286e-01
-7.354772675378278279e-01
-6.466967974421105048e-01
-3.064183022812139723e-01
1.910740833031218944e-01
5.990298152541025933e-01
5.241852321777644708e-01
-5.376958828974990473e-02
-5.539120828720158762e-01
-5.252772486404171381e-01
-2.952232598204787561e-01
-4.497469596407944192e-01
-1.146569848168307537e+00
-1.608914933903363931e+00
-1.090959927790041251e+00
-8.403075044878366429e-02
4.225843789465302813e-01
3.138163777080366784e-02
-6.415306753640243054e-01
-6.142565581071136593e-01
1.068173891982148738e-01
5.843852840708183560e-01
3.071790457903558202e-01
-4.904209359065928031e-01
-1.198613751610093203e+00
-1.429780033896219660e+00
-1.262809057996361783e+00
-7.962431789853324782e-01
-3.143028625672789622e-01
4.363802949610410403e-02
6.946684998344032635e-01
1.420878010582581563e+00
1.369145414361419233e+00
4.197722204513105182e-01
-7.524998752993690143e-01
-1.304185926867288847e+00
-9.526848793332016729e-01
-2.290860494152415217e-01
2.852723636016125663e-01
6.024111407781755911e-01
6.207270385834157134e-01
2.285138505477967430e-01
1.312372350073888194e-01
6.527792778211389813e-01
1.008850019793187336e+00
7.931752189568362921e-01
6.071672837647648091e-01
8.829199743047601023e-01
1.100638017109625499e+00
4.487803291346609824e-01
-8.441667840268733958e-01
-1.488728955857866465e+00
-7.906360254046773672e-01
6.101898207770881655e-01
1.645965313440986177e+00
1.684388011002883712e+00
9.078253114686316572e-01
8.760260086411815472e-02
-2.666194575227607833e-01
1.657290140021143443e-01
1.120668840546547695e+00
1.586560056672212449e+00
1.175243537600140664e+00
3.300974907089479493e-01
-3.239349579012938407e-01
-7.644669414977091071e-01
-1.377118781248799051e+00
-1.703399627534381455e+00
-1.163079626657500976e+00
-3.345874618917443755e-01
1.395606049361917678e-01
4.892597420298813726e-01
1.026872132987427522e+00
1.349692274344914233e+00
9.554015889874597489e-01
2.227349118466975253e-01
2.920782722589909328e-02
3.345583194032821783e-01
3.876108669562345344e-01
1.504589046293883792e-01
6.660718597986772446e-03
-1.499452609495265099e-01
-3.544110379443790593e-01
-1.698107978603496937e-01
4.092298023426452214e-01
5.756205028577522365e-01
-2.214228680285646594e-02
-7.000710043510841585e-01
-8.790893648958504336e-01
-6.346421763875217392e-01
-1.356068590627058923e-01
3.586116629589032878e-01
6.290808416664369629e-01
9.354868463530310319e-01
1.244000038956184495e+00
1.057241122828252333e+00
4.791740786194502166e-01
-6.841317768836420454e-02
-4.416704193112088728e-01
-1.999028509738279835e-01
6.685365519380985777e-01
1.217664316944157221e+00
9.935946726212273594e-01
5.191824075028024232e-01
1.964833063805061231e-01
-1.864935665950085975e-01
-5.775265260958478697e-01
-6.014288965143063104e-01
-5.321032160786659526e-01
-8.380794669403327513e-01
-1.222425918445251725e+00
-1.092688814729341429e+00
-5.655173170292754348e-01
-1.320552492392643995e-01
-8.343322194598405683e-02
-6.637606249919260071e-01
-1.685260653161497979e+00
-2.441428205325399503e+00
-2.473029353736686975e+00
-1.954148650334991189e+00
-1.285553390223596271e+00
-7.988451945349186456e-01
-4.772211103236341789e-01
-4.394727627698233330e-01
-1.129667756301744097e+00
-1.968002254764534831e+00
-1.889470949651888887e+00
-1.055025968205377751e+00
-3.085932760009456599e-01
5.828401018899973668e-02
2.926896967400375305e-01
7.686137666234919008e-01
1.346265241843447091e+00
1.567616755054621169e+00
1.786759695317968299e+00
2.117983929495670381e+00
1.738443938831770952e+00
6.196927032702331806e-01
-2.748127310015033853e-01
-3.863839339680725793e-01
3.652950296963110993e-02
2.790947346171986920e-01
-1.877633301811992284e-01
-1.207465483194125833e+00
-1.884825317728457295e+00
-1.865784286605325137e+00
-1.773630572496919688e+00
-1.537513855037971888e+00
-7.967131204827572200e-01
-2.017267140126037250e-01
-2.315346460256726135e-01
-3.422584314944744910e-01
-2.278359624631269287e-01
-1.430236756721450508e-01
4.508057202100285155e-02
7.567024601106615567e-01
1.856227013760031408e+00
2.372058464960581148e+00
1.881073680855827046e+00
1.201355533314984791e+00
9.638593366955803265e-01
1.039549375985329371e+00
8.250563362533372969e-01
