-3.184402953394556146e-01
-6.041624518282275869e-01
-8.077797407764386595e-01
-9.523755818373180748e-01
-9.797845079132977419e-01
-7.855047529775995852e-01
-4.463956720843992310e-01
-3.733889505646813545e-01
-6.481475784046066835e-01
-7.266131715137378322e-01
-2.875506209240113464e-01
3.236421472953527334e-01
5.926057263829188626e-01
3.958762503941155031e-01
-1.033019291204527110e-02
-4.347901502216047764e-01
-8.763733601702958786e-01
-1.311256422068170835e+00
-1.514231429730339418e+00
-1.142431255737530904e+00
-4.600301595530320586e-01
-1.650428284596623663e-01
-1.665556806793110634e-01
1.118725934624821422e-01
8.583618263864122300e-01
1.711103443252104395e+00
1.851229024141133328e+00
9.332859040036872722e-01
-3.974734709482750650e-01
-1.390007500305600052e+00
-1.662323408802762970e+00
-1.029985554364844624e+00
2.687050618911652200e-01
1.253512270347811652e+00
1.274916228724051415e+00
7.012465389340916122e-01
-4.704857351895525702e-02
-7.118015618804256484e-01
-1.118512769046758226e+00
-1.346752028408371604e+00
-1.587573337577708799e+00
-1.909484412248364515e+00
-2.185395546529835809e+00
-2.006717190892201241e+00
-1.265829427604369339e+00
-4.133607621605044913e-01
2.807603081324638317e-01
7.927287659973519807e-01
8.676547444373213791e-01
7.386260455350658338e-01
9.766095771255574043e-01
1.027908661248433386e+00
4.679693642558944711e-01
3.980891504312662060e-02
9.258103935785109984e-02
2.295193809886569014e-01
2.362327983031753398e-02
-6.724257765717536195e-01
-1.401333417543352944e+00
-1.435158366309225553e+00
-8.524729449119992086e-01
-4.763890274300123240e-01
-3.872039778430084178e-01
-1.573282310812948726e-01
-5.720269478672562746e-02
-2.132168269445457454e-01
-1.947954363247898502e-01
1.363577727164018982e-01
5.322296065516864960e-01
8.676249199326803163e-01
1.195241020943136334e+00
1.463775164732132872e+00
1.508138166805234714e+00
1.449633676291246953e+00
1.548471703195175797e+00
1.659057341061300983e+00
1.470256270520905018e+00
1.109411353132106370e+00
1.157664881198829265e+00
1.848300622134450899e+00
2.647862017034774418e+00
2.741449403020868036e+00
2.741449403020868036e+00
2.201428437977095420e+00
1.255088426265640988e+00
4.583991167577179948e-01
-3.306422639791961604e-01
-8.434930083023406411e-01
-7.498231491603438714e-01
-5.896393795864411924e-01
-9.282529178155799476e-01
-1.368044091865193490e+00
-1.301690388635077245e+00
-8.216520608896437095e-01
-4.828647198202421498e-01
-4.128266591559292542e-01
-1.577754785598214915e-01
3.615735794588530450e-01
7.549302390492687032e-01
8.883594900096161151e-01
9.346852531265779085e-01
1.269119937981074919e+00
1.804072788914300229e+00
1.402748653950319335e+00
-4.081985733129592786e-01
-2.081162367471817820e+00
-2.063935323952079237e+00
-9.059827890164884323e-01
-3.664055843811622748e-01
-9.835539952530663044e-01
-1.371660228198858356e+00
-5.650535607419769901e-01
7.402088950257688094e-01
1.769318521268734123e+00
2.012838495554827745e+00
9.610637964332875427e-01
-6.752280566519103244e-01
-1.488944657782186098e+00
-1.257493898290187540e+00
-8.900632893988433825e-01
-9.264834731252203914e-01
-9.615289689321138145e-01
-5.711689023820313293e-01
1.853948706714987280e-02
3.587053413453960560e-01
3.112303183469750656e-01
9.713899365803398134e-02
1.028622733644948967e-01
3.829708520534627625e-01
6.149994933706118827e-01
4.658373187783496627e-01
3.283397179304716005e-03
-2.759832710588707161e-01
-4.328288369008582714e-01
-6.327868618351674135e-01
-3.408687659222467414e-01
3.905836199403086573e-01
7.929618514737184487e-01
6.662301753827524209e-01
2.432944889024850343e-01
-2.155668569474561147e-01
-4.612355032027308233e-01
-3.041579983019950251e-01
3.661610035942132191e-01
1.142514714430828304e+00
1.417250733212816582e+00
1.108736781877511346e+00
5.148459106049049216e-01
-3.346640241144177574e-02
-5.444123094171553490e-01
-1.019005090953012393e+00
-1.112440087798401978e+00
-7.075257252590423374e-01
-8.724695392823066109e-02
2.268859708028805044e-01
1.047475863964407450e-01
7.901863087646793238e-02
2.423520433892111248e-01
1.627657183107758254e-01
-3.301518058942461975e-01
-8.075370144162045127e-01
-6.419108023021411480e-01
3.537479488735782024e-02
5.830952070462283032e-01
7.488139119217510631e-01
6.210354995455308336e-01
2.171354363586821545e-01
-4.802079506319545943e-01
-1.061013843958721337e+00
-1.156331174670734319e+00
-9.567003607786542796e-01
-4.528834014897430982e-01
5.238362647879363232e-01
1.352465135231216253e+00
1.042148196435011664e+00
-5.921885672980234383e-02
-6.485517600469282717e-01
-3.204659799680024679e-01
3.450449949897352875e-01
7.137859127097144762e-01
6.546055959489118781e-01
6.566576355855932023e-01
1.076724353291240277e+00
1.335131386900520356e+00
1.029027927234656303e+00
6.713576968763345088e-01
3.072774245703476792e-01
-4.149306077589940966e-01
-1.114706391194771218e+00
-1.332916392744127210e+00
-1.200948009440928388e+00
-8.539918047195603767e-01
-6.341804079334291133e-01
-1.168313624544881302e+00
-1.723308834945387336e+00
-1.144561814779576192e+00
-1.463351970123110551e-02
8.780697877646347349e-01
1.488146029135318571e+00
1.320977910166733826e+00
4.561223787094731974e-01
4.231204245786610585e-01
-1.105529671456451785e-02
-3.338859204304061024e-01
-2.669760766256298878e-01
-7.596305724016433336e-02
2.307892915986394788e-01
7.679263883119745726e-01
1.025064369724323798e+00
3.566346196633467525e-01
-1.007712180042133587e+00
-1.988224162370923587e+00
-1.815111412374568634e+00
-8.995852256990689577e-01
-3.549712327516486021e-01
-4.525255464799749494e-01
-2.079358894692238113e-01
6.197207208525776778e-01
1.302228079309566189e+00
1.748694245591012608e+00
2.210451446066746595e+00
2.506199748141506145e+00
2.512823552878011846e+00
2.150467393335823818e+00
1.297202823771003599e+00
4.122360369308443739e-01
-1.617371724518961232e-02
-9.047675427744431009e-02
-2.348810481355002588e-01
-4.585722550092881100e-01
-3.156497377998038201e-01
2.090946166271246409e-01
6.436585925730554658e-01
5.870631604291712824e-01
4.476704940466518234e-01
8.621865576000331544e-01
1.019673050978526563e+00
-1.644989304538345062e-02
-1.285201419233965137e+00
-1.660699914658701815e+00
-1.059573500222492193e+00
4.519310575543246666e-01
2.089167466686870256e+00
2.498652738505340754e+00
1.892357447588624231e+00
1.424035466557999063e+00
1.220699695599859469e+00
1.010166968863066783e+00
7.047237003351293216e-01
1.759805717058662844e-01
-5.869633246798525716e-01
-1.437527601916015474e+00
-2.112837315851193054e+00
-2.424156704096692927e+00
-2.545523287170579518e+00
-2.465055506408615038e+00
-1.859720204068198823e+00
-9.076667607297880247e-01
-3.214622464252986367e-01
-6.282114502195211836e-01
-1.467876395525591127e+00
-1.879001008355353441e+00
-1.689739991364700211e+00
-1.162882378007077389e+00
-2.531257085133012952e-01
6.082050075246632215e-01
8.000737104014770118e-01
5.977968938296954748e-01
7.040747337927445448e-01
9.679324261031938548e-01
9.456654963400537017e-01
9.255380228098770701e-01
9.535453359983566690e-01
5.138577416138114806e-01
-2.923054396215138406e-01
-8.106368715505782863e-01
-7.181928880398877890e-01
-2.795596671998998861e-01
-1.198238058566355596e-01
-5.806722579220507940e-01
-1.032227941888290479e+00
-6.841250547535994153e-01
2.637224903580093760e-01
7.297139186376105924e-01
2.758451526856843805e-01
-2.673053262025638088e-01
-3.345805279030487078e-01
-3.231402943978249898e-01
-4.576585334109085079e-01
-3.483160333089568295e-01
2.203091503930086903e-01
7.418948819187243249e-01
5.859584792245826623e-01
1.556814894797599325e-01
1.823736482230172429e-01
3.232035903333669302e-01
2.517518990532611745e-01
4.615426289528293258e-01
1.240236147409550460e+00
1.877940768043904196e+00
1.811535431641622784e+00
1.540797237933631214e+00
1.372352201240625291e+00
1.072060823988672640e+00
5.388508914239423797e-01
-2.463229793812710677e-01
-9.375292107866667335e-01
-9.099119101958093037e-01
-2.597034015914776450e-01
3.464752901647725758e-01
5.374161204110060597e-01
3.531358366151222672e-01
-2.306920037221749376e-01
-1.123438179429253614e+00
-1.626823844740159952e+00
-1.393997904408720290e+00
-1.148148995407048067e+00
-1.336418265504561109e+00
-1.492499434306772121e+00
-1.287882075192193110e+00
-8.725976689412906495e-01
-2.321461685915969242e-01
5.421453961325698456e-01
7.959680308837292495e-01
6.018335972986380566e-01
6.026509002958707617e-01
5.650550578911323063e-01
3.315635881328121704e-01
2.387825800940541476e-01
8.615394607906219637e-02
-4.599931470601297256e-01
-1.040032281377946566e+00
-8.573922287072501813e-01
2.337201955905656992e-01
1.136156475180184922e+00
9.212749547527462335e-01
1.936075519888137975e-01
7.078405098374881445e-03
4.897971495562859490e-01
1.124925346974164908e+00
1.405644069127490514e+00
1.141066753641171605e+00
7.600934078378898118e-01
7.806527877005069449e-01
7.012432797733779699e-01
1.256458603151329239e-03
-8.460366555300214975e-01
-1.455287177785333119e+00
-1.774529063287813235e+00
-1.667021215397910483e+00
-1.278368561759416711e+00
-7.901498367578215776e-01
-2.685370079978082747e-01
-7.666159860090705769e-02
-3.715247520599566089e-01
-6.009235970487011302e-01
-1.105970025210376989e-01
6.765896535417932345e-01
8.112030804710793630e-01
5.138588825497463208e-01
4.648363161763451878e-01
3.977919448603391417e-01
-5.777505137489356152e-02
-4.585767075297207396e-01
-3.925923287268093254e-01
9.446369372829936661e-02
6.628002616185171281e-01
7.828241704493523745e-01
2.734437923359470668e-01
-4.086948594820612457e-01
-6.510715275317531248e-01
-4.281315483800087751e-01
-4.229709479852237775e-01
-1.003492546725641477e+00
-1.381430733898487917e+00
-7.598943728436121647e-01
4.661548993677034347e-01
1.120504233405664074e+00
7.127039240788795027e-01
-1.677324026194587925e-01
-1.058738931711268094e+00
-1.646793451054943125e+00
-1.600118193398853306e+00
-1.236402865654400163e+00
-1.043493110104944055e+00
-7.752373232490872290e-01
3.452844707064346014e-02
8.324424817995356163e-01
6.635664489948358558e-01
-6.301710415154684886e-02
-4.253210202123623440e-01
-4.312332590437756297e-01
-2.516315944566231977e-01
-4.487247442314135776e-02
-5.722071382035306270e-02
-7.670447319594797184e-03
4.630596097495231489e-01
1.045492444286580946e+00
1.264595827524959137e+00
9.134378526991469016e-01
-6.287107242044417399e-01
-9.679242101197352843e-01
-8.005442751496358866e-01
-2.439257765358893992e-01
1.947326443603920598e-01
1.452845350443937034e-01
-2.070686262974496539e-01
-4.234863742423866095e-01
-5.807297476167280759e-02
7.860523892473652019e-01
1.495356861110410884e+00
1.608330012346557147e+00
1.219108116724501034e+00
5.684907808252068762e-01
-1.569759316284249084e-01
-4.697487959961499371e-01
-1.736614807930812743e-01
4.522028999884397660e-01
7.441968542849140000e-01
-1.928826985618491358e-03
-1.073315787279065514e+00
-1.209189160702205390e+00
-6.576267672640160322e-01
-3.535596124826579922e-01
-4.803699502077954375e-01
-5.432452941163835591e-01
-2.928590080541338958e-01
4.197892695347037878e-02
4.291141919966844909e-01
7.642718285461010952e-01
8.371232355127280478e-01
8.597177303668288584e-01
9.011504273138770671e-01
7.386926999551122197e-01
4.092652447578637442e-01
8.905072479633083238e-02
-2.532702892993539123e-01
-4.912707364710676150e-01
-2.767496155899175636e-01
1.270668782604696678e-01
2.217906477757557726e-01
1.795175646659174784e-01
8.471367180311675793e-02
-4.529726544941298227e-02
-4.843927483451930527e-02
-7.649773622924836702e-02
2.140918294689028167e-01
1.200784201187450329e+00
2.016707698373850999e+00
1.886894170854683583e+00
1.315747908448023251e+00
8.494432756797656303e-01
6.140902035849099549e-01
6.456410267716234941e-01
5.298651687354951623e-01
1.878259850730709946e-01
-6.114680389846473968e-02
-3.277191144626932506e-01
-6.874363204094203761e-01
-1.041990042943876649e+00
-1.305742067098933257e+00
-1.190907546968820396e+00
-5.471470739002023409e-01
2.365096060335081796e-01
8.474953269373399767e-01
1.340179991793505110e+00
1.795725707549465922e+00
2.315958702592477270e+00
2.649608701973869440e+00
2.360475309573893732e+00
1.632835387644124614e+00
9.960648133718483788e-01
6.792526085123641311e-01
4.951117776108221458e-01
3.991456551677107223e-01
4.346508955820689302e-01
6.068347539462011497e-02
-7.973536834564284304e-01
-1.141257295532955851e+00
-5.616210691013030498e-01
1.652019280745579133e-01
1.707990576511984049e-01
-3.597300045194458673e-01
-7.396902630176163118e-01
-9.512020801710863172e-01
-1.238359252634541718e+00
-1.437488982377245872e+00
-1.365301348551140714e+00
-1.284262467299286170e+00
-1.196306667009985336e+00
-7.342065160439774640e-01
-1.177358837521274570e-01
8.780664272462743170e-02
-1.887442544758301810e-01
-5.937065645271624170e-01
-8.846124030811581829e-01
-1.059735608215086389e+00
-1.083546188320210213e+00
-8.509809138718610333e-01
-6.215944620311635305e-01
-8.215185015927816137e-01
-9.872573944277924785e-01
-4.469972988015326609e-01
2.722035965943950808e-01
1.278935606092461708e-01
-9.314520248368035604e-01
-1.899458831943191317e+00
-2.050141869209050061e+00
-1.380599520583065454e+00
-2.839211549179385674e-01
7.185354503641309121e-01
1.538982119894081624e+00
2.097095978521911430e+00
2.318949730519819230e+00
2.416315219564371120e+00
2.146200070031389906e+00
1.373035042168916586e+00
7.004078110128868495e-01
4.919540396020089523e-01
5.250126394858318779e-01
6.599057290116597807e-01
9.972188489664175481e-01
1.302471200865026102e+00
1.142378081963096426e+00
7.596319992241306052e-01
7.205809836076817465e-01
8.377229483165551382e-01
5.711979764656208713e-01
-5.948970012765961851e-02
-5.151904046651516467e-01
-4.252063739513128882e-01
-7.756897386107994979e-03
2.183400192468134826e-01
-1.511049642538257742e-01
-9.582068078957441948e-01
-1.343136863343008747e+00
-8.519950945330976300e-01
-1.549428223316326979e-02
6.327902781518637276e-01
1.002713248883263741e+00
1.061104764186384219e+00
7.606610988221882419e-01
1.408891605191521235e-01
-4.007524630246442898e-01
-5.001283573319086351e-01
-3.624240838982127344e-01
1.326582776058429260e-02
5.921485184596489981e-01
7.688582502795123785e-01
4.510695182159823458e-01
2.366045662191282317e-01
3.813114550848768491e-01
5.736172410626558804e-01
3.263723135629617023e-01
-5.236053597128076387e-01
-1.219810624757346140e+00
-9.626189441741015429e-01
-2.424502180010326413e-01
-2.755811197647466473e-02
-4.009569713717206496e-01
-9.056886661972354258e-01
-1.533867971145588260e+00
-2.169637182454934532e+00
-2.125272957091584036e+00
-1.513563376325819387e+00
-1.303359161640280206e+00
-1.500076952722378953e+00
-1.554147126417225078e+00
-1.716959004744776029e+00
-2.041829465643483665e+00
-1.874454472266337879e+00
-1.209434118888432330e+00
-7.210842694752327420e-01
-3.798619779958078424e-01
3.771081565446295358e-01
1.261275026665070520e+00
1.608395962916962851e+00
1.399796622621170217e+00
7.179344404519748535e-01
-3.035365157104696343e-01
-1.029816256183212930e+00
-9.346558930400999943e-01
-3.163603550310423729e-01
-3.958147675216296818e-02
-4.471946325901259289e-01
-9.113316361665111387e-01
-8.426311548195062340e-01
-9.460328969715343927e-02
1.078384272690000367e+00
1.816673845213633731e+00
1.593258682054328190e+00
7.677825509777472801e-01
-1.555743557800021160e-01
-9.492168421322589866e-01
-1.524984942991799874e+00
-1.594396338879873865e+00
-8.033748046029489664e-01
3.870125232323678999e-01
9.624380462485240262e-01
6.956863488392318606e-01
-5.196054820346162062e-01
-2.269615005966443277e-01
7.880276324821751111e-01
1.668123175652161283e+00
1.933874299112853246e+00
1.732789323967655282e+00
1.168625613712784617e+00
3.798561688556952309e-01
-1.089621872932169111e-01
-2.049445750138774447e-01
-1.776539490372276708e-01
1.994202104175280543e-01
7.228003541354965922e-01
4.574211519221423328e-01
-3.197102351853399749e-01
-1.407817370682127867e-01
6.293562373691184986e-01
3.444725953048615730e-01
-8.388845007008003396e-01
-1.572296239812077223e+00
-1.030292915046143953e+00
3.917875331293805830e-01
1.471930031922847437e+00
1.616568767242246185e+00
1.047767071761306346e+00
1.020827605591938525e-01
-9.083857660825988001e-01
-1.333049398686304787e+00
-8.229229830300134330e-01
-8.590313870743013225e-02
1.231451464944176843e-01
-6.172018302111170751e-02
3.994980900995709350e-02
8.024494287245722557e-01
1.782263533985601667e+00
2.013788725799404045e+00
9.230172820128228484e-01
-6.533061036090721529e-01
-1.439346928918489699e+00
-1.333849177141765541e+00
-1.157284668746524137e+00
-1.300058605362728992e+00
-1.187330378853390433e+00
-2.408855563030346814e-01
8.211598483506431512e-01
1.071338319516088156e+00
9.394968266177505800e-01
8.655323055449567482e-01
7.293482098705390548e-01
7.139092888273929072e-01
7.994148506707851043e-01
4.440947754777511136e-01
-5.549409142072234680e-01
-1.751820834306282437e+00
-2.670076368112241916e+00
-2.760208575450849633e+00
-2.760208575450849633e+00
-2.633807965557644515e+00
-1.738071938349576406e+00
-1.021176323532992480e+00
-3.604147483728867285e-01
1.066953029841886946e-02
-3.599780124389621028e-01
-1.050226147688678502e+00
-1.248105260466255917e+00
-8.984414069901200950e-01
-5.278383337790353291e-01
-4.589317540784493832e-01
-4.881741515191087011e-01
-4.922254196640740709e-01
-7.222552134873458929e-01
-9.759784855964317440e-01
-5.942652243139466828e-01
3.706362149691567742e-01
9.882944348573636795e-01
9.424991453697506572e-01
9.249528944322868984e-01
1.282652094701990153e+00
1.328584603530962749e+00
4.488503651081371948e-01
-8.986186049649284024e-01
-1.895732370156378188e+00
-2.219199876595767673e+00
-1.936699959335434817e+00
-1.277819988650665373e+00
-4.366573050301417180e-01
4.404487293716654039e-01
1.074420648352395258e+00
1.217573362611586774e+00
9.504761917485513578e-01
5.247421222890874537e-01
2.358815736813119346e-01
3.322931075004613710e-01
5.103752189425947439e-01
3.509664541058750142e-01
5.294070901636458576e-02
1.806233399913401982e-01
8.059095536716159858e-01
1.198328211913816554e+00
7.557575765842846627e-01
-2.249905145808424323e-01
-9.111216696319113240e-01
-9.373096367059511325e-01
-4.659442760882232526e-01
2.331118021304882659e-01
7.967167625700523059e-01
1.011374770211916907e+00
9.559521367969485706e-01
8.799987837851117600e-01
7.273917277511385837e-01
1.839264598759152991e-01
-3.104802754044426183e-01
-1.596153955584633521e-01
4.315533146260632780e-01
8.191723735738294376e-01
8.859169543786885592e-01
1.249093114738186294e+00
1.906715723147873742e+00
2.047719546688984149e+00
1.557427973425947965e+00
9.779674926790582479e-01
4.927717253803922670e-01
-4.758944096549229397e-02
-5.058529462749238315e-01
-5.025038361752826033e-01
-1.015644057901619740e-01
3.713575436522039142e-01
6.517740185075266979e-01
7.193480915271093235e-01
9.300934413711778870e-01
1.065687607545827698e+00
4.346476308084561424e-01
-4.919850444951527901e-01
-8.051320719606125387e-01
-7.494130161803057577e-01
-9.681837768824250734e-01
-1.329718010237795678e+00
-1.122063373166642508e+00
-2.018090403667866517e-01
5.793218536284462372e-01
6.178203536250095329e-01
2.944710704200502738e-01
1.192171642302766038e-01
1.125453752459002060e-01
1.817346024839050223e-01
4.606952358494256772e-01
8.079491088004641108e-01
7.631480986506562481e-01
5.250925330102476085e-01
5.326235510435595177e-01
4.140867298538140062e-01
-1.090039561983301153e-01
-5.624003983804628515e-01
-3.305017861004249102e-01
6.191090749315010244e-01
1.317114156527347202e+00
8.832259048365130871e-01
-2.179428091554576896e-01
-1.006906367592539597e+00
-1.227152770039244167e+00
-1.118080136784520562e+00
-7.680272761806908877e-01
-5.990238240411046265e-04
1.051205202772071967e+00
1.764830767818195589e+00
1.633473367081299088e+00
6.911982421297896417e-01
-5.017927275817186672e-01
-1.261811281126004936e+00
-1.284119940380322955e+00
-1.043981412095820405e+00
-1.038691122524741717e+00
-1.079264214256096865e+00
-9.413761200321575373e-01
-8.876031731089921717e-01
-8.724985249443969471e-01
-5.340040962196270780e-01
-3.348079854847578751e-01
-8.367412847662418773e-01
-1.600327224063453624e+00
-1.781151193415604350e+00
-1.082478375847700347e+00
-7.940727526195766328e-02
6.276873687479888053e-01
7.963451693447084478e-01
1.523270095079393704e-01
-8.508446442974400004e-01
-9.520659667346361710e-01
1.507472298411925149e-01
1.172576592154615627e+00
1.348688247596852019e+00
1.254902818405981169e+00
1.096627861012849925e+00
3.134326731138232236e-01
-9.084146890264143126e-01
-1.301800904145229421e+00
-4.641883828566295556e-01
4.704393890649333221e-01
8.145862515131419013e-01
6.606424013234259984e-01
-3.273789171616539040e-01
-8.408300413680469543e-01
-9.221169715045463011e-01
-5.769599659439972328e-01
-1.743724063945283342e-01
5.458517549799972723e-01
1.502547297747296007e+00
1.712733169655975107e+00
1.130229022720422360e+00
6.046142846053238484e-01
3.121391233238290375e-01
1.274041407610740084e-01
-7.655310568131125717e-03
-3.313569671309403164e-01
-7.532093388273287671e-01
-6.678713466690813227e-01
1.124144533047646277e-01
7.527482706150838698e-01
2.983927749231068405e-01
-9.556001063334275125e-01
-1.910798044545554575e+00
-2.077446327193795295e+00
-1.561557900245325037e+00
-6.848894425251280671e-01
-1.113868654825714705e-01
-2.492939395922199111e-02
4.132534981096375876e-02
-8.233320075978237118e-02
-6.852515969220585035e-01
-1.011102173442487873e+00
-3.432875019230421931e-01
7.719170212858668112e-01
1.192308730480785339e+00
8.832445706079197212e-01
8.877456536523252728e-01
1.241250539647000828e+00
9.874081852001959092e-01
-4.591920852718222451e-02
-1.033430732174530409e+00
-1.117372133730644590e+00
-2.419156681818130095e-01
7.259109471477459552e-01
1.173700439951473440e+00
1.390193202958225127e+00
1.499491935935046039e+00
1.181159835214007359e+00
3.290753334587280809e-01
-5.531862305376911149e-01
-9.969871811136797879e-01
-1.361935227880977539e+00
-1.808228410627674698e+00
-1.605656861124236112e+00
-6.059050681292795781e-01
2.836552301883772387e-01
5.056885787656261178e-01
4.047119685185058824e-01
4.058226170297803970e-01
5.192129773337815779e-01
4.652481255936431470e-01
2.168248957883969763e-01
2.912912355820261312e-01
7.721643371424504743e-01
9.901296620698993856e-01
7.220372206485712319e-01
1.996914602661929994e-01
-4.052105835353795316e-01
-6.175031711128087242e-01
-1.962192785181437471e-01
1.297631576170155399e-01
-2.935336683244353928e-01
-1.066535865364032221e+00
-1.395899963459532822e+00
-1.073647052310854333e+00
-6.334731814974035036e-01
-6.934570841444220868e-01
-9.531674728962861165e-01
-7.829891470039075374e-01
-4.151657556455140563e-01
-1.770184919059033524e-01
-1.625658566961709730e-05
7.981720448087087361e-02
-6.733470995397214387e-02
-3.422477156783746421e-01
-5.208570139841542934e-01
-4.455645228479704900e-01
-3.453444382929074519e-01
-5.119578300226865775e-01
-6.328080290445385891e-01
-3.759947285734067668e-01
1.289662114597310005e-01
5.912555341225719241e-01
8.844534129669583411e-01
9.517498952692333702e-01
7.848190074447806142e-01
8.278482125118683532e-01
1.308032241497582682e+00
1.770244421262759937e+00
1.803355952978655141e+00
1.194103419113443643e+00
4.663599321770205142e-02
-1.026435454262745628e+00
-1.317347559231458742e+00
-6.550430549876798958e-01
6.875648264764014361e-02
6.648183086381992402e-02
-1.687735981037947475e-01
-4.522678116500050000e-02
3.629685743494609484e-02
-4.593635001182526101e-01
-1.301600003414385309e+00
-1.779396850862774881e+00
-1.313312701141652550e+00
-3.549177337031506757e-02
1.037939336494264397e+00
1.234346631104457748e+00
1.196043939461508110e+00
1.425345013364403446e+00
1.438474181878212521e+00
9.066432280741637539e-01
2.311758096718084798e-01
4.609475997812769593e-02
5.012250962739100979e-01
1.056842909221224591e+00
1.230368334530139274e+00
8.208823048647786447e-01
-1.851626587490273201e-01
-9.640119736459528132e-01
-7.785126449928353454e-01
-1.749284229160065762e-01
5.657717508089220582e-01
1.678627887019302545e+00
2.549607819810257858e+00
2.619675325039837688e+00
2.173372272860642607e+00
1.758779284790758402e+00
1.548713220079432462e+00
1.447645691434896298e+00
1.425332412076210309e+00
1.247912019274026063e+00
7.791260756454723158e-01
2.076910528205968831e-01
-1.082867692698047390e-01
4.346500879617398033e-02
3.290812111292004682e-01
4.919440595374917624e-01
7.547317361151021364e-01
1.130256062830032215e+00
1.178809819725356700e+00
6.236758514597734449e-01
-2.017117226336815061e-01
-8.900247236311871202e-01
-1.538542408171655884e+00
-2.076571680095218753e+00
-2.161328343379824712e+00
-1.640969353834078159e+00
-8.901535954704757891e-01
-6.602393120034358853e-01
-8.769272669886236660e-01
-8.738132518458634479e-01
-6.942951369991104960e-01
-8.696580120095218636e-01
-1.335609760349184105e+00
-1.245736954748481784e+00
-3.830378147811122624e-01
4.421437358280350116e-01
7.333118813496510846e-01
6.839439403743269308e-01
5.641421199889711247e-01
4.258359388494439290e-01
2.540947174887333571e-01
-3.706601510916386621e-02
-6.024135507304343440e-01
-1.137383214188802505e+00
-1.364495931938639606e+00
-1.760820894893134980e+00
-2.123344022051353530e+00
-1.536512471951181347e+00
-2.354770637642664977e-01
6.794436834711515827e-01
8.619062477872895256e-01
9.084809690020366757e-01
1.099548351502135590e+00
1.175937352359837096e+00
1.206943971906039081e+00
1.383040248339829414e+00
1.368713693945372567e+00
7.984302751449336988e-01
-2.007011571318924048e-01
-9.276969567416366580e-01
-9.639718614700343302e-01
-9.806157985669287092e-01
-1.466840704534284834e+00
-1.913249977775458133e+00
-1.890611397818154238e+00
-1.471914446592600623e+00
-8.908422855431193943e-01
-3.629787631583015206e-01
-5.371451097707586469e-02
-6.683576631492149644e-02
-1.125650392570809039e-01
4.661121758938232551e-01
6.965098168232126685e-01
7.832563020811315058e-01
9.028950560727436736e-01
7.424323141201819576e-01
2.082695388274947157e-01
-3.927953243844146264e-02
3.470347538761286380e-03
-2.344518675373385638e-02
1.220536176243239845e-01
3.298751275315858211e-01
1.173316277679251340e-01
-3.347963814227444823e-01
-5.619675051652950337e-01
-6.261007303161331139e-01
-7.672504639301600537e-01
-9.442509138848861339e-01
-1.131185886444044941e+00
-1.127155106827427478e+00
-4.246462156255464415e-01
4.396663898465723030e-01
5.523854157241062657e-01
3.671038638259857545e-01
5.775187579365398394e-01
1.042035886526660571e+00
1.291505911301488840e+00
1.015446419319617544e+00
3.682254740288058992e-01
-1.954498666534549844e-01
-7.325615946816774748e-01
-1.163278001335790179e+00
-9.602601002174918632e-01
-3.605742586232251745e-01
9.663886008279566620e-02
3.317115153911979752e-01
4.534756301145140833e-01
5.384774832753813634e-01
5.335368617321341045e-01
4.562317213305466246e-01
4.641239374102376081e-01
5.153510626639375980e-01
4.145001987912388386e-01
-3.019904470341005717e-02
-6.218375294088934746e-01
-7.937300946054473005e-01
-7.477541153766357196e-01
-7.888951324117496888e-01
-5.221622949272803904e-01
-1.054533551786186046e-01
7.558843357597989920e-02
3.286666079971872767e-01
7.595655471383225832e-01
8.931641816752028395e-01
3.908862767981157171e-01
-4.138507895084789778e-01
-7.628208711920737572e-01
-2.656266769460463584e-01
7.081455326133406780e-01
1.423292114713315959e+00
1.495864135682724694e+00
1.076768566529976878e+00
5.367374663791130152e-01
-4.831725243495837985e-02
-7.395095031637596295e-01
-7.882856721787265819e-01
4.838878046616558737e-01
1.851507580045586243e+00
1.700599266115812247e+00
5.153531759477548713e-01
-1.977259738217983509e-01
-3.457641854186198627e-01
-8.082065899648487317e-01
-1.397846992371521768e+00
-1.257335637605834222e+00
-5.259324749441117719e-01
9.963013203638083903e-02
4.656784186494984934e-01
5.510743860232018010e-01
1.656452354170963315e-01
-3.533955192497599263e-01
-2.947192646765323665e-01
2.688577619582663281e-01
5.514092982933911369e-01
3.315549603460777317e-01
8.211563400259577761e-02
-1.694993077661636482e-01
-7.151838408700338379e-01
-1.268438476316738894e+00
-9.980166530722782703e-01
3.381877680275423570e-01
1.656670140149949288e+00
2.101842270885167174e+00
2.017477750958498905e+00
1.850515727249992359e+00
1.528703188814171110e+00
7.200281767287510792e-01
-5.979911594575181288e-01
-1.713518765648402775e+00
-1.894545693979615031e+00
-1.500068672706792894e+00
-1.304380684103043198e+00
-1.168851883096557298e+00
-8.979644736487339962e-01
-6.402704472285850601e-01
-2.783584899033030857e-01
1.256704621056109750e-01
1.376133137072456936e-01
-4.484249541905085401e-01
-1.207098559865085186e+00
-1.390909452759026443e+00
-7.743350625244980190e-01
3.051761864093455734e-01
1.514048902960331677e+00
2.247457469680619990e+00
1.950126697637947215e+00
1.151176575208858521e+00
7.949944512885179781e-01
9.443941125673859238e-01
9.438451842713961870e-01
5.717705353427255943e-01
1.858329878649090661e-01
-5.102398295392236022e-02
9.893457702819752342e-02
8.680537235977606736e-01
1.808166472929386037e+00
2.007513375766763808e+00
1.346600690882149953e+00
6.595720589595339689e-01
4.153069887130675375e-01
7.769337083927441157e-01
1.530191025156067974e+00
1.570776445621325124e+00
3.193833844660916021e-01
-1.305277603234696215e+00
-2.084656662134322769e+00
-1.622401644024457523e+00
-3.142647598334861736e-01
1.069477505105692838e+00
1.842757975393384484e+00
1.737266539945984123e+00
1.024933815801106318e+00
3.848379895772446879e-01
1.792002512924531221e-01
1.918742951706789990e-01
2.872763076945383798e-01
5.013989899627054880e-01
5.865392112886576026e-01
3.100896006271661731e-01
-3.104940993778612102e-01
-1.250240511585152925e+00
-2.061251461411068853e+00
-1.819846600276823434e+00
-5.094688250547254604e-01
4.965406725452329861e-01
2.556563260069338317e-01
-4.873727834503737144e-01
-7.654633684733875842e-01
-7.836334616780775697e-01
-1.046950508075429331e+00
-1.624029211954903795e+00
-2.028441047339109904e+00
-1.960252949689646806e+00
-2.043029195495531969e+00
-2.526100891091731526e+00
-2.594674264463094904e+00
-1.947173600229261670e+00
-1.336964811315205504e+00
-9.700976494384633275e-01
-3.880695594613309818e-01
1.904607340215572209e-01
3.072936359534360617e-01
2.460418445251697506e-01
3.894029164036640345e-01
6.492587091361176066e-01
7.836073612546091693e-01
7.317769408591504599e-01
7.089224530178739325e-01
6.339346686008167087e-01
1.124242976697832908e-01
-8.432511223661263156e-01
-1.668733361166928830e+00
-1.765199849886869954e+00
-1.202531961729644827e+00
-7.346330656670370107e-01
-9.103956215650775841e-01
-1.353623892702889409e+00
-1.201734736265833936e+00
-3.949006527636793606e-01
3.142023860722383821e-01
4.786426463743836957e-01
4.816542406411530863e-01
6.902903716927314415e-01
6.600235047121456589e-01
3.734254723476460730e-02
-6.086278125932760297e-01
-5.457918722052201854e-01
2.873859834363053922e-01
1.216086480972490502e+00
1.453830233547477979e+00
9.165010724074406090e-01
-1.085891561955054208e+00
-1.654768827232868889e+00
-1.438384520558873003e+00
-9.288601125874446085e-01
-4.606134906769739357e-01
1.812786686908469599e-03
3.117536725615299154e-01
4.145498006286394560e-02
-6.465476533472791498e-01
-8.696538551841899167e-01
-3.616741633444008897e-01
3.447302803377849667e-01
6.979392076149834034e-01
6.915927384160319713e-01
7.700285912221541684e-01
9.674214897787060119e-01
7.842887480757687602e-01
1.884427683579648072e-01
-2.549054019937004312e-01
-3.968997999652806863e-01
-5.954310947145495803e-01
-1.087823696646603722e+00
-1.526840249620481149e+00
-1.206114519489872139e+00
-3.527928520064339546e-01
-6.849599410250443998e-02
-5.916033461287801831e-01
-1.024042164985188519e+00
-5.114606570693616128e-01
7.091737492254337472e-01
1.681128515834132919e+00
2.184932163275135952e+00
2.641046377387754163e+00
2.729430310774567658e+00
2.132049061184061234e+00
7.920359768222220431e-01
-1.237094687582460661e-01
-3.267359048264335541e-01
-2.350765306158252022e-01
-1.268982651869012546e-01
-4.960127287986422218e-01
-1.614266852780786854e+00
-2.496725824457400655e+00
-2.045535622657462138e+00
-6.778880518792764764e-01
1.164965444593305394e-01
-3.338051590551137093e-01
-1.176104951262190390e+00
-1.436631556808964927e+00
-9.548995670875005670e-01
-1.316253225037870289e-01
2.891238172397143091e-01
-2.993557576577971988e-02
-8.519050084100786291e-02
1.097654712349944717e+00
2.346430425093604999e+00
2.061126548839364414e+00
6.718804492389691685e-01
-4.784661788135960991e-01
-1.092573402310613728e+00
-1.416122424750088094e+00
-1.306727900146939847e+00
-6.774017866849623148e-01
3.615068474497958734e-02
2.328379401384002290e-01
-2.154534263388684923e-01
-8.519291292954856987e-01
-9.964411003391585586e-01
-4.553965883191083419e-01
1.466494563399946272e-01
2.204146193797054953e-01
4.104755139469878217e-02
-1.994640277630020664e-02
-2.902169747310681669e-01
-8.141335798451453387e-01
-1.269189054243971215e+00
-1.550503631420958373e+00
-1.361747681565672607e+00
-9.389913096170207085e-01
-1.008933103971435097e+00
-1.389489921305858466e+00
-1.655036512448968100e+00
-1.668645604009320715e+00
-1.104871051794806602e+00
-1.241155353244632747e-01
4.661421963568732618e-01
2.352441289291034021e-01
-3.352444220964533872e-01
-6.510828935746707513e-01
-7.582753297948687798e-01
-7.201949592802395772e-01
-4.963198726010019657e-01
-3.272272412534444341e-01
-1.645500829280949207e-01
3.120698531291025146e-01
1.010757964059377567e+00
1.576129002910195975e+00
1.802939471096198565e+00
1.381265863626584212e+00
3.754687317354715725e-01
-2.151744472111106754e-01
1.019163669584830650e-01
4.873480480511609425e-01
2.960657678224457023e-01
-2.024110011518008290e-01
-5.916599481614680522e-01
-6.962480098287975316e-01
-6.220785295486601640e-01
-8.012438476775459728e-01
-1.333441049708780080e+00
-1.568962371532065969e+00
-1.248911381761643957e+00
-9.510523898365259576e-01
-6.072988946515822661e-01
8.408657024609339503e-02
5.360590566974894333e-01
3.097596383567412515e-01
-1.328732049013359728e-01
-3.084465567016564935e-01
-1.826149678499618401e-01
1.947009187105768202e-01
6.920653890491145210e-01
1.272005693016895700e+00
1.720726693423403342e+00
1.623261246543654890e+00
1.276558456161517086e+00
1.269007062117055940e+00
1.397630055893684053e+00
1.050489322847801610e+00
3.696320427104755058e-01
3.088672245230058566e-01
1.367748656154723408e+00
2.325628873811306452e+00
1.829605891980792487e+00
8.499724284300891330e-01
6.980251288032085499e-01
8.368694855061974414e-01
5.840524619954819974e-01
3.245366259020518451e-01
4.586908568705391209e-01
7.100184600815480085e-01
7.665572250341625704e-01
7.389383314673415581e-01
7.177591175411470736e-01
5.749206226987394475e-01
3.522791266132934695e-01
1.083713901000276647e-01
-3.264831334961829090e-01
-8.268302026452519771e-01
-8.052910526854736295e-01
-1.595679872180864323e-01
4.960191598567385562e-01
6.087252484409378939e-01
2.742189528188770931e-01
-1.371534826634667747e-01
-5.783273227832126384e-01
-8.852784276436150845e-01
-8.873781786005423555e-01
-8.417402390240555921e-01
-7.871299757274725639e-01
-6.126899387340569714e-01
-4.639690394700184406e-01
-1.021177682621288441e-01
8.297240213356795735e-01
1.734076381211685725e+00
1.714276799298125376e+00
1.040339909085522541e+00
7.458690347831379297e-01
5.398282669845162474e-01
-5.168808934072882666e-01
-2.033197602551628957e+00
-2.730178402540036853e+00
-2.344460370371889812e+00
-6.359639758195704262e-01
9.256204834773379408e-01
1.650600583346847117e+00
1.573648159038067762e+00
1.162875540936704422e+00
1.022145256126802071e+00
9.356600370829312174e-01
4.858820928128914640e-01
-3.977325275860017773e-02
-2.648921367698831575e-01
-3.026984153935490252e-01
-4.263173023422207608e-01
-6.058202376792356514e-01
-5.120179534661427612e-01
8.200474017196125731e-02
8.323454350857582007e-01
1.058748432596647193e+00
7.019307755620399769e-01
2.823381838632572083e-01
-2.081156014361564346e-02
-2.757558046851044109e-01
-1.430727907857781145e-01
5.363739599462572505e-01
1.023405173738525464e+00
7.241157573644753098e-01
8.139579753248511740e-02
-1.641268026292835025e-01
-6.769954016294776888e-01
-6.471832464714758482e-01
-2.550691389209522320e-01
-8.012929205313681913e-02
-2.645100575722182656e-02
2.223933296278134686e-01
6.079351708425991818e-01
8.413801581013288233e-01
8.051810467936105775e-01
8.227207373304931126e-01
9.360850170303487428e-01
5.273360108357002529e-01
-8.324320628321990601e-01
-2.467626081868019128e+00
-2.730315587165595304e+00
-1.908752055375928069e+00
-8.989977436631062524e-01
-7.556639485528718891e-01
-7.689048182303329648e-01
-4.283223634416070957e-02
1.097684595661063911e+00
1.453912980154826506e+00
4.585499443879121895e-01
-8.789870518494712348e-01
-1.310528051312061404e+00
-6.682295401216000741e-01
5.625391617147030843e-01
1.544489595481917332e+00
1.583415034345575734e+00
1.027647710706514728e+00
6.097670648202196952e-01
3.174903428567254493e-01
-1.533501846953034264e-01
-6.296345783271802832e-01
-7.512703703095160446e-01
-7.547922870792169725e-01
-1.125763068711269188e+00
-1.573098318311348054e+00
-1.609719957342456986e+00
-1.388546257588766375e+00
-1.344923742214016782e+00
-1.471708021518404186e+00
-1.308552568905895663e+00
-8.117620618569215685e-01
-5.192680547732444474e-01
-6.963484018006469434e-01
-1.035853830319742208e+00
-1.059133451555959837e+00
-6.278064466029135149e-01
-2.395834933310598269e-01
-3.505531459688671636e-01
-6.955681211123404539e-01
-9.246278854062179864e-01
-8.759759175463571745e-01
-4.474235928461660072e-01
3.394977640761549093e-02
1.259905011532644059e-01
-9.954032290547781825e-02
-5.501890898012424813e-01
-1.077480610596333710e+00
-1.217871419157273705e+00
-1.161123734523167084e+00
-1.163746720472145668e+00
-9.024062958790664002e-01
-6.073207528349194861e-01
-9.145522168776097915e-01
-1.496011329914414434e+00
-1.426208519526939611e+00
-8.675072987124294865e-01
-4.824369699726415162e-01
-1.262887095107026458e-01
5.165936490046360019e-01
1.171493463444109873e+00
1.309074044153771821e+00
1.066520352573894437e+00
9.811108932492959012e-01
1.065203403919640524e+00
1.409730100743250780e+00
1.976849736812258840e+00
1.969355706040803122e+00
1.162704546812056483e+00
4.122917553161975501e-01
3.715867111831295810e-01
9.065439115308286944e-01
1.621899393240623821e+00
1.884576811856587097e+00
1.199405719503897405e+00
4.264419567336841244e-01
6.810821277173135790e-01
1.369313556402667054e+00
1.584959916650923173e+00
1.511128977331419154e+00
1.118190224967125390e+00
2.635315390055496532e-01
-5.052668911798663398e-01
-9.308579086867915242e-01
-1.189513336095622709e+00
-1.148262897750629286e+00
-8.287474253143517489e-01
-6.016562581925684050e-01
-7.548936301550336347e-01
-9.609517615593168305e-01
-5.978046187974545012e-01
1.473316959691312600e-01
7.130724338783868133e-01
8.060515422929963592e-01
3.893081493917421310e-01
-1.261347545637926393e-01
-2.637028777409074487e-01
-3.209486321451644475e-01
-3.836606195672664366e-01
-1.949570582521615303e-01
1.707926565680840392e-01
5.825885075653768341e-01
4.904859781761098381e-01
-4.187199753404449720e-01
-1.181061756339689239e+00
-8.712678636502799723e-01
-7.677098368169819886e-02
3.193421878946032244e-01
5.683860567275550446e-01
1.025607095173194372e+00
1.250570186946962759e+00
8.822297005978463336e-01
2.685922797974579779e-01
-1.431438760727201387e-01
-4.634633013628546849e-01
-7.005946642789303569e-01
-5.617890178958159231e-01
-3.692162211956065421e-01
-4.907353324388650795e-01
-6.500701615789939991e-01
-7.002636480996614621e-01
-8.332813856572337530e-01
-1.022462680357747677e+00
-8.655680851856872859e-01
-2.314626724059982710e-01
4.963290365049219388e-01
1.030820977225614943e+00
1.140447393304495849e+00
6.472061526423812383e-01
-2.059857461914071583e-02
-4.556681932360766574e-01
-7.196583020301792200e-01
-7.923570240544902665e-01
-7.048605943368451143e-01
-6.268633117188584514e-01
-6.490044916422125221e-01
-6.251374129107337696e-01
-3.856469926555901040e-01
-2.717175051184594903e-01
-6.387661839271048247e-01
-1.160218083542069678e+00
-1.124687017699997682e+00
-4.788696573835860004e-01
1.374119581445643890e-01
5.169534246980549419e-01
6.676497846828891580e-01
2.353707219322829780e-01
-3.495915968143916142e-01
-2.714877404552631379e-01
4.487301148420585334e-02
5.776826396442179962e-02
-1.151966367082989107e-02
4.720182816879163468e-02
2.904886186844742313e-01
6.270083189710826677e-01
7.586275240543010057e-01
5.360709285366521692e-01
3.253180836252101416e-01
4.251007186836143203e-01
3.667001180588039255e-01
-2.091258659929981223e-01
-9.840660902645977925e-01
-1.708957645018601257e+00
-2.261355646651737494e+00
-2.027858960057236537e+00
-7.913280435029275139e-01
3.983202190720099289e-01
8.712512720766609764e-01
1.044566806816708882e+00
9.163901568991962288e-01
3.289813514139514061e-01
1.028415885900116171e-02
7.036272782261673298e-01
2.065667702030993258e+00
2.729852547631376414e+00
2.511829031660848255e+00
1.851180559873965681e+00
1.550546300153677448e+00
1.289648693412897007e+00
9.426505210562695636e-01
8.668616435507107143e-01
9.337563723387969361e-01
8.103367657509996658e-01
6.795952394621754822e-01
1.051266277519427694e+00
1.939098678364622019e+00
2.421822867807810642e+00
1.652323449032490510e+00
