-8.295957893630142577e-01
-1.263474790251426061e+00
-1.655662493653678569e+00
-2.133994227309640390e+00
-2.282215889228137229e+00
-2.183980994730612135e+00
-2.284511659380394910e+00
-2.342441017632306277e+00
-2.132522886225808101e+00
-2.174398096659470703e+00
-2.652394141916500026e+00
-2.721313912067686136e+00
-1.989453898588285030e+00
-8.237766074268175753e-01
-1.160700686206433407e-01
4.095538775394602649e-01
1.333666139442263976e+00
2.204049592930938939e+00
2.044103974005546664e+00
8.806589207775609163e-01
-1.983331731801726561e-01
-5.185195257464750851e-01
-4.243369121959953971e-01
-4.163739040816832881e-01
-5.120903230977230658e-01
-3.277286478732564512e-01
1.344486041225077810e-01
4.554643958987727448e-01
5.615287559237585047e-01
5.811149025885445907e-01
6.238995348737320645e-01
6.901702391774745537e-01
3.713990262983987711e-01
-4.227448800188721711e-01
-1.104804566273630106e+00
-1.177338348949033220e+00
-5.952002947643532105e-01
2.351975678182551821e-01
7.302497326643114794e-01
6.396867885299859502e-01
2.815628088366421977e-01
1.699352607097996404e-01
3.498589658119255486e-01
5.892328004036999634e-01
8.223060288038539500e-01
7.678161859788000809e-01
3.205098810777320256e-02
-8.619522885447160609e-01
-8.449884800928848527e-01
-1.727759359914267934e-01
-1.507460200808923290e-01
-7.785977327735670306e-01
-1.095917962299779225e+00
-9.361563949385024452e-01
-7.720250687180865157e-01
-8.544728258573355273e-01
-9.554562560286743444e-01
-7.590259843570796860e-01
-4.357613755595070582e-01
-4.930970828990984822e-01
-1.031941936434073170e+00
-1.690306768340794186e+00
-1.895921427590204322e+00
-1.382278430416398418e+00
-5.550156189053840894e-01
7.860104596695507984e-02
3.592883937177701048e-01
2.225585409754504695e-01
-5.683741763576236755e-02
1.438609622301399438e-01
8.710718167789690547e-01
1.558383313405025117e+00
1.592511936989832844e+00
9.686012001611343791e-01
4.131692545182577003e-01
1.312914110814288604e-01
-4.514565600117423916e-01
-1.038585159212717324e+00
-7.530723382721050685e-01
-2.556534969981128034e-03
2.172320137305834009e-01
2.236095773299884293e-02
3.387581601172708762e-02
2.384688256376198690e-01
9.529462369206978534e-02
-3.396196297292791155e-01
-1.867620262228985029e-01
6.502689115343602833e-01
1.320223686100674643e+00
1.535188077417895203e+00
1.584435051608814149e+00
1.528081322101409789e+00
1.567504478296755543e+00
1.929841343855664526e+00
1.970644649627689704e+00
9.358103978196652406e-01
-5.859442865474135953e-01
-1.320430242158510792e+00
-8.162786628838917258e-01
3.988509232018904727e-01
1.354011137979360679e+00
1.338296909615508179e+00
7.183411003575336240e-01
2.777505408560538291e-01
1.140069285340385291e-01
2.252581341106137669e-01
6.520113789980916952e-01
1.009212842544064737e+00
1.199101299693325018e+00
1.511818770324115491e+00
1.828916333382231585e+00
1.796922506544575970e+00
1.387096839314542418e+00
7.241750453699101753e-01
-8.216543197128159393e-02
-6.678979071407460388e-01
-8.036470611773254280e-01
-5.241611056853634487e-01
-1.328741096490196061e-01
-4.017951997881701737e-02
-2.443426349221427540e-01
-4.772701415877222964e-01
-6.928590293852150417e-01
-9.494522958112620037e-01
-8.654044730548980935e-01
-1.352521493213452441e-01
8.743935787628194234e-01
1.299642962091685394e+00
8.675906183311613562e-01
4.133706770879616021e-01
3.178070578009764002e-01
3.486000097756269955e-02
-4.903708019363909321e-01
-5.307897964699642701e-01
1.741106481134511164e-01
6.893341597964072198e-01
1.294333015608667148e-01
-9.828988383997906420e-01
-1.383524923921561456e+00
-5.745253239323832029e-01
7.461478798199951967e-01
1.492654448234140174e+00
1.268083315403740752e+00
6.082739063742875762e-01
-1.624852342778613234e-01
-1.083474731855063489e+00
-1.946473730643848654e+00
-2.368716943364229000e+00
-1.877092196280581771e+00
-6.422309261561250926e-01
5.530674089887983591e-01
1.101530028574657205e+00
9.486281299979189008e-01
6.505777764910685157e-01
5.700807457398956446e-01
4.375155576811943781e-01
-6.764265640850850025e-02
-7.514007746372899366e-01
-1.003302720782151880e+00
-5.348833768244612985e-01
1.131004375684921959e-01
4.254512494254272803e-01
4.725763921053169336e-01
3.241208651546751973e-01
3.706508594589268124e-02
-3.130143236695492881e-01
-5.870096191636797744e-01
-3.559012918256942437e-01
1.727625556915735328e-01
2.178371889623718083e-01
-2.492366338017113214e-01
-6.069746689351183111e-01
-2.315726182033881475e-01
7.263396799313641683e-01
1.236465059055844584e+00
1.120717460100056684e+00
1.099221701915105598e+00
9.614681729315120995e-01
3.020159225600518305e-01
-4.152285709996406671e-01
-8.945226448423997390e-01
-1.086941418160954687e+00
-6.390954937654513834e-01
2.209179087339957215e-01
7.596627893472387427e-01
8.034659593117102760e-01
7.439769260670313633e-01
8.780271645394979174e-01
8.927591792410268789e-01
6.444927496980352721e-01
5.234039207607915634e-01
5.102070963280793681e-01
5.378038143561809648e-01
7.665321387324208757e-01
8.321832833122566608e-01
4.322072714783578573e-01
1.174527461751091462e-01
3.358610570746881074e-01
6.224112810888881020e-01
4.761705431669210342e-01
-9.322967025235740293e-03
3.301244357058408241e-01
3.947260839994469195e-01
-6.761052440561818311e-02
-7.305476779407957810e-01
-1.030396642806940877e+00
-8.076565801296134994e-01
-5.698746389358445574e-01
-4.303761746772660213e-01
2.773784106103963643e-01
1.618402936988898144e+00
2.540164016170656236e+00
2.167072289220103531e+00
1.162455542538229247e+00
7.130256942392928510e-01
6.840365072881154918e-01
1.816193368892970728e-01
-7.471505980407394665e-01
-1.425075355738342209e+00
-1.652972520228740860e+00
-1.552019607877490381e+00
-9.674237501592996002e-01
3.924614090032454428e-01
1.674465639117377336e+00
1.583192778440947412e+00
3.976019372291839105e-01
-5.962853684561648659e-01
-8.923285137201045769e-01
-8.370176996134457426e-01
-8.839553307776633062e-01
-1.089935242467571008e+00
-1.183394209092519356e+00
-1.125943132942476943e+00
-1.068510721332397884e+00
-1.020245264710262223e+00
-7.807915955472132241e-01
-5.063674901515503590e-01
-4.877430115651247289e-01
-3.311360129799456598e-01
1.187199981544868194e-01
4.691312825798356623e-01
5.100068256315732906e-01
4.117673868806495108e-01
5.116217028119462995e-01
6.913672986778882645e-01
5.542161234253503155e-01
1.397694674171354456e-01
9.990611623388298557e-02
6.219794333736993197e-01
1.062162181268788252e+00
1.081326395510264105e+00
8.651069201340012560e-01
4.771508280146067871e-01
2.824271349799970313e-02
-7.887718638326287821e-03
4.785738111700947872e-01
9.511897183848637694e-01
9.281548171663516200e-01
2.924897035464621986e-01
-6.677203924615339181e-01
-1.184701048691782388e+00
-8.670214806564107146e-01
-4.636194079445085103e-01
-4.161046582850614350e-01
-1.756642853566340312e-01
1.614511013442541665e-01
1.427243768843900196e-01
5.678957960629168328e-02
7.195968123553179996e-02
6.653870538930138634e-02
1.905186309914428111e-01
4.899886262333853493e-01
6.063377276346112454e-01
1.980541284387013212e-01
-4.778686772076176648e-01
-9.476700175759927847e-01
-1.206279008327879820e+00
-1.086378560150312200e+00
-4.106708751552777259e-01
3.302677159039071886e-01
9.752756035113876454e-01
1.465365308792912158e+00
1.434780145827924791e+00
1.006091089428540863e+00
3.934616781187845747e-01
-6.983809919619025086e-01
-1.884508971848314118e+00
-1.934550862283560546e+00
-7.822606271662595478e-01
2.763118540176426330e-01
3.624912939509395970e-01
-9.689517387440301985e-03
-1.114402800371576824e-01
-1.661796743678557176e-01
-6.302880069989352796e-01
-1.119273538718158489e+00
-7.942536812303857552e-01
2.075622197605475616e-01
9.261310734126558808e-01
1.207413428071203887e+00
1.397676485781401912e+00
1.066353130426219487e+00
-4.790500936264508597e-02
-9.124662444280532414e-01
-7.591084075307650281e-01
-2.095854155033200494e-01
3.042848328927143520e-01
9.602848191489562479e-01
1.419959654094432144e+00
1.122643252431202665e+00
3.959355195764068247e-01
1.873774023961790047e-01
7.783396946610786626e-01
1.531761650306545208e+00
1.865319840430715859e+00
1.720037281418248742e+00
1.125949355510368788e+00
3.808589377185037650e-01
-1.196036398729546368e-01
-2.030465101806731287e-01
2.870369904934464977e-01
8.314452438969833770e-01
5.748727437212042268e-01
-3.316885010641325016e-01
-1.200437193778606915e+00
-1.556408475362930144e+00
-1.424988428789718320e+00
-1.260045871702222708e+00
-1.182161455863780297e+00
-9.729752492841761136e-01
-6.580654349512267132e-01
-3.457206163236619112e-01
-4.600217865505412326e-03
1.033644619018299349e-01
-3.742557415987077807e-01
-9.732892789663448729e-01
-9.789463456919821338e-01
-6.436738664643648633e-01
-6.703879003651490587e-01
-1.214360895053731015e+00
-2.011190671066850122e+00
-2.454181587499856487e+00
-2.196115767449701384e+00
-1.421085466036382305e+00
-1.972193900676517397e-01
9.523999730587813239e-01
1.113894968548703401e+00
5.123776044441815669e-01
1.125325494713082797e-01
3.771625915955825192e-01
9.578558563632033618e-01
8.532285843282212401e-01
-1.510123957749066603e-01
-1.123899729285674276e+00
-1.694927321346205273e+00
-2.097197495075012519e+00
-2.122116952510280985e+00
-1.710112853873833938e+00
-1.543142660416267020e+00
-2.028592924765430183e+00
-2.478775076475529637e+00
-1.822024414916352031e+00
-2.362159463359514711e-01
9.243278791201656741e-01
1.110427091835189062e+00
8.768172419629549630e-01
7.113614328837248868e-01
8.856129646187822502e-01
1.368185559904033344e+00
1.629393954602145200e+00
1.554971748298312306e+00
1.466058180909151298e+00
1.356318848767925633e+00
1.221826277785504899e+00
9.316765967200363319e-01
6.379887231048121388e-01
9.539868605612685792e-01
1.248358536891623460e+00
3.904921512645960213e-01
-8.192648632413402909e-01
-7.955418598293382271e-01
1.196579533550567037e-01
6.518695665527526328e-01
5.211295963995674629e-01
-5.098340490304890948e-02
-5.932800688240038589e-01
-5.924178085775521074e-01
-2.543998065813565246e-01
-5.571625631666983491e-02
1.844940982741999705e-02
3.866764590380993294e-01
1.186521888110183109e+00
1.572619589147072450e+00
8.272048034410874884e-01
-3.031531374024094005e-01
-5.615361273207650772e-01
1.986667604004036247e-01
1.048858298470087380e+00
1.423016406160257041e+00
1.059765685046806016e+00
-4.561223787094731974e-01
-4.231204245786610585e-01
1.105529671456451785e-02
3.338859204304061024e-01
2.669760766256298878e-01
7.596305724016433336e-02
-2.307892915986394788e-01
-7.679263883119745726e-01
-1.025064369724323798e+00
-3.566346196633467525e-01
1.007712180042133587e+00
1.988224162370923587e+00
1.815111412374568634e+00
8.995852256990689577e-01
3.549712327516486021e-01
4.525255464799749494e-01
2.079358894692238113e-01
-6.197207208525776778e-01
-1.302228079309566189e+00
-1.748694245591012608e+00
-2.210451446066746595e+00
-2.506199748141506145e+00
-2.512823552878011846e+00
-2.150467393335823818e+00
-1.297202823771003599e+00
-4.122360369308443739e-01
1.617371724518961232e-02
9.047675427744431009e-02
2.348810481355002588e-01
4.585722550092881100e-01
3.156497377998038201e-01
-2.090946166271246409e-01
-6.436585925730554658e-01
-5.870631604291712824e-01
-4.476704940466518234e-01
-8.621865576000331544e-01
-1.019673050978526563e+00
1.644989304538345062e-02
1.285201419233965137e+00
1.660699914658701815e+00
1.059573500222492193e+00
-4.519310575543246666e-01
-2.089167466686870256e+00
-2.498652738505340754e+00
-1.892357447588624231e+00
-1.424035466557999063e+00
-1.220699695599859469e+00
-1.010166968863066783e+00
-7.047237003351293216e-01
-1.759805717058662844e-01
5.869633246798525716e-01
1.437527601916015474e+00
2.112837315851193054e+00
2.424156704096692927e+00
2.545523287170579518e+00
2.465055506408615038e+00
1.859720204068198823e+00
9.076667607297880247e-01
3.214622464252986367e-01
6.282114502195211836e-01
1.467876395525591127e+00
1.879001008355353441e+00
1.689739991364700211e+00
1.162882378007077389e+00
2.531257085133012952e-01
-6.082050075246632215e-01
-8.000737104014770118e-01
-5.977968938296954748e-01
-7.040747337927445448e-01
-9.679324261031938548e-01
-9.456654963400537017e-01
-9.255380228098770701e-01
-9.535453359983566690e-01
-5.138577416138114806e-01
2.923054396215138406e-01
8.106368715505782863e-01
7.181928880398877890e-01
2.795596671998998861e-01
1.198238058566355596e-01
5.806722579220507940e-01
1.032227941888290479e+00
6.841250547535994153e-01
-2.637224903580093760e-01
-7.297139186376105924e-01
-2.758451526856843805e-01
2.673053262025638088e-01
3.345805279030487078e-01
3.231402943978249898e-01
4.576585334109085079e-01
3.483160333089568295e-01
-2.203091503930086903e-01
-7.418948819187243249e-01
-5.859584792245826623e-01
-1.556814894797599325e-01
-1.823736482230172429e-01
-3.232035903333669302e-01
-2.517518990532611745e-01
-4.615426289528293258e-01
-1.240236147409550460e+00
-1.877940768043904196e+00
-1.811535431641622784e+00
-1.540797237933631214e+00
-1.372352201240625291e+00
-1.072060823988672640e+00
-5.388508914239423797e-01
2.463229793812710677e-01
9.375292107866667335e-01
9.099119101958093037e-01
2.597034015914776450e-01
-3.464752901647725758e-01
-5.374161204110060597e-01
-3.531358366151222672e-01
2.306920037221749376e-01
1.123438179429253614e+00
1.626823844740159952e+00
1.393997904408720290e+00
1.148148995407048067e+00
1.336418265504561109e+00
1.492499434306772121e+00
1.287882075192193110e+00
8.725976689412906495e-01
2.321461685915969242e-01
-5.421453961325698456e-01
-7.959680308837292495e-01
-6.018335972986380566e-01
-6.026509002958707617e-01
-5.650550578911323063e-01
-3.315635881328121704e-01
-2.387825800940541476e-01
-8.615394607906219637e-02
4.599931470601297256e-01
1.040032281377946566e+00
8.573922287072501813e-01
-2.337201955905656992e-01
-1.136156475180184922e+00
-9.212749547527462335e-01
-1.936075519888137975e-01
-7.078405098374881445e-03
-4.897971495562859490e-01
-1.124925346974164908e+00
-1.405644069127490514e+00
-1.141066753641171605e+00
-7.600934078378898118e-01
-7.806527877005069449e-01
-7.012432797733779699e-01
-1.256458603151329239e-03
8.460366555300214975e-01
1.455287177785333119e+00
1.774529063287813235e+00
1.667021215397910483e+00
1.278368561759416711e+00
7.901498367578215776e-01
2.685370079978082747e-01
7.666159860090705769e-02
3.715247520599566089e-01
6.009235970487011302e-01
1.105970025210376989e-01
-6.765896535417932345e-01
-8.112030804710793630e-01
-5.138588825497463208e-01
-4.648363161763451878e-01
-3.977919448603391417e-01
5.777505137489356152e-02
4.585767075297207396e-01
3.925923287268093254e-01
-9.446369372829936661e-02
-6.628002616185171281e-01
-7.828241704493523745e-01
-2.734437923359470668e-01
4.086948594820612457e-01
6.510715275317531248e-01
4.281315483800087751e-01
4.229709479852237775e-01
1.003492546725641477e+00
1.381430733898487917e+00
7.598943728436121647e-01
-4.661548993677034347e-01
-1.120504233405664074e+00
-7.127039240788795027e-01
1.677324026194587925e-01
1.058738931711268094e+00
1.646793451054943125e+00
1.600118193398853306e+00
1.236402865654400163e+00
1.043493110104944055e+00
7.752373232490872290e-01
-3.452844707064346014e-02
-8.324424817995356163e-01
-6.635664489948358558e-01
6.301710415154684886e-02
4.253210202123623440e-01
4.312332590437756297e-01
2.516315944566231977e-01
4.487247442314135776e-02
5.722071382035306270e-02
7.670447319594797184e-03
-4.630596097495231489e-01
-1.045492444286580946e+00
-1.264595827524959137e+00
-9.134378526991469016e-01
-7.004752429794506297e-01
-9.966975710778926967e-01
-1.117616705694428170e+00
-8.860842635230270492e-01
-2.409379748551774281e-01
9.602333190797364415e-02
-3.062560277272072806e-01
-9.142139877891233279e-01
-1.266226982526867051e+00
-1.407958990902494989e+00
-1.428088758897082977e+00
-1.363222199310385907e+00
-1.136607889065486265e+00
-7.559164042237304093e-01
-3.715073010041187174e-01
7.715209588996192747e-03
3.757047422103433898e-01
3.852370679769999695e-01
-8.305290607159525329e-02
-6.320892974450593726e-01
-1.049853721031841047e+00
-1.305009735457422382e+00
-1.128381274282142632e+00
-4.503583702852939630e-01
1.818060030662631554e-01
3.272360297895816061e-01
2.789047343433740944e-01
5.187723606810661081e-02
-5.867078258435871607e-01
-9.616788189085433425e-01
-7.006606630101777089e-01
-4.968098101116869558e-01
-5.506174115272752800e-01
-5.419915199699651964e-01
-2.951727122739969955e-01
7.007994276859311200e-02
-1.041097691362065647e-01
-8.809145108249026856e-01
-1.255654341832760590e+00
-7.669156302556277005e-01
-2.808152571151075749e-01
-3.340295727395098946e-01
-2.298954529523133949e-01
2.147699836233581960e-01
1.896739308099637811e-01
-3.294030602444482647e-01
-4.340619596741024933e-01
4.910938129915797812e-01
1.881051000935154205e+00
2.217061683410507467e+00
1.477970367952833097e+00
8.953960473677378129e-01
2.628520898244997017e-01
-1.040769818569158733e+00
-2.143571186145524443e+00
-2.003484948083261497e+00
-9.244319789790719222e-01
1.300424595429784391e-01
3.114535882766034658e-01
-3.365085789969031183e-01
-8.720893430498882770e-01
-6.396514809378279764e-01
1.004657338412318218e-01
6.539045878604728967e-01
7.156805173586869850e-01
4.873498159280172937e-01
4.169582750277823213e-01
4.884192946437507787e-01
3.879227443891481997e-01
3.701547217394952627e-01
5.313394636029258322e-01
5.915399358420965203e-01
6.925957946647995911e-01
1.016278564045482113e+00
1.148050836211438330e+00
7.294982219281663793e-01
-3.400104179907410124e-02
-7.886289414446266965e-01
-9.601492272004785722e-01
-3.885864667006707074e-01
1.946373189137513837e-01
2.930740207009647769e-01
8.743082665775123163e-02
-3.136016872938335483e-03
-5.644146266218593583e-02
-6.095746519279547915e-01
-1.332321519194458848e+00
-1.454420042895943288e+00
-8.830631357081621946e-01
-1.999317535726049810e-01
-1.729549850941012115e-02
-2.837209642018304612e-01
-5.466477191706279326e-01
-5.366110203417879809e-01
-2.581903837614366037e-01
-1.279203813412429364e-02
7.617977392512367829e-02
4.121755036606151168e-01
8.599224265097100695e-01
4.687174739024912440e-01
-1.019553824382032348e+00
-2.633510153919732755e+00
-2.743305967996334083e+00
-2.291482834843576288e+00
-6.972325280712202700e-01
5.513651786836717417e-01
1.093837178583053404e+00
1.183684390018537425e+00
1.058592904880748087e+00
7.918134847322665371e-01
5.432962228066572363e-01
2.995296835435249383e-01
8.532832314317095879e-02
2.019230689903090403e-01
5.357745405512545078e-01
7.476272634436372799e-01
7.004906716859363724e-01
4.640547865541850836e-01
3.767784377948774077e-01
6.127432935044798690e-01
9.098922547861831855e-01
9.624405202575033735e-01
1.078509612060470024e+00
1.330107386983021112e+00
1.222155933107475834e+00
9.506015812006299859e-01
9.665016097966678821e-01
1.076423068199822142e+00
9.071826321445870533e-01
1.460098138954241120e-01
-9.899652070908548929e-01
-1.520465823019514939e+00
-1.321814428146498965e+00
-1.114587120286151256e+00
-1.095652634902087419e+00
-1.212975323803574534e+00
-1.473416724781790421e+00
-1.748237253416196291e+00
-1.908965540618641432e+00
-1.888375870343006246e+00
-1.564286562094882704e+00
-6.886767252511076798e-01
5.563621711655142299e-01
1.138332753987238100e+00
6.834683418359217555e-01
3.392509061482193444e-01
6.967364153022221895e-01
8.777813131679954584e-01
8.044269105808288245e-01
1.295016747919457201e+00
1.940460163803732208e+00
1.677927253652560236e+00
4.689759433391512689e-01
-6.410556329708393397e-01
-6.031483879597925313e-01
4.267821084397173670e-01
1.347730445421597034e+00
1.548336809996874841e+00
1.372201737142700662e+00
1.389911741125367639e+00
1.781106028146933307e+00
2.507895032646787037e+00
2.740243037461034703e+00
2.010597038201209052e+00
2.761820952362861181e-01
-1.069446509720247462e+00
-1.504993728141249543e+00
-1.358140111316386234e+00
-7.296897224181272401e-01
9.772201136522858100e-02
3.349533677760112016e-01
1.680884354116450319e-01
4.832304810165276021e-01
9.295692997244873190e-01
6.535304194943926115e-01
-6.005022683605146933e-02
-6.959114980208634949e-01
-1.135380963958507516e+00
-8.595083563692768047e-01
2.725042828852802801e-01
1.259640532615561304e+00
1.505088937114801739e+00
1.523493285628032101e+00
1.823963569121135109e+00
2.125002689856560156e+00
1.719643121905103378e+00
5.891199862510566598e-01
-5.094475627447067057e-01
-1.031650659608193132e+00
-8.677869483132414352e-01
-2.238430687764034477e-01
4.426922414914272741e-01
6.212948418556676344e-01
1.395440667024070991e-01
-2.985231107695522912e-01
-3.600696562749374635e-02
4.648743175625490442e-01
4.013585214951501112e-01
-1.928748135926921514e-01
-4.539724296110210777e-01
4.721636778049834171e-02
3.164125104311904524e-01
2.147332024511670323e-01
-5.643490511104608531e-01
-1.334570806437085144e+00
-1.656510907893059104e+00
-1.866085921388868973e+00
-2.377218367033474333e+00
-2.519797977976697023e+00
-1.420544987041900908e+00
1.303986132190425862e-01
1.066681792184101640e+00
1.350954365032153159e+00
1.100289569914354226e+00
4.677418364289839259e-01
-1.176437089086545124e-01
-3.582952986900486136e-01
-5.146063645195415592e-01
-8.613012733187955794e-01
-1.213741315563948042e+00
-1.090600120862937450e+00
-5.557002373906707454e-02
1.173996110662619108e+00
1.269503244404054598e+00
3.571572228776215274e-01
-4.620411553480692213e-01
-7.655457048294658229e-01
-6.677613756588965943e-01
-1.557948414764176448e-01
5.143187620993004971e-01
8.573234910421175803e-01
1.170942368719434912e+00
1.599050697534063481e+00
1.428118946076916140e+00
8.519536539832470723e-01
6.410188832885571619e-01
7.721832117623292913e-01
1.185707655657822768e+00
1.831036972241685490e+00
2.219360111551056836e+00
1.952379915693586154e+00
1.003880978366256782e+00
-2.307557768393289979e-02
-5.539778012625605763e-01
-1.006288270536438434e+00
-1.731676839183848848e+00
-2.128876930364750564e+00
-1.681295818996860980e+00
-1.014942387805488178e+00
-9.716533537114009356e-01
-1.312076679141719104e+00
-1.179743062540008491e+00
-4.227909665351977098e-01
1.916711028866255051e-01
1.113846363405228586e-02
-5.318447778476742549e-01
-3.948431403473147139e-01
3.159156260671541760e-01
6.432763142600020911e-01
6.165499295501671861e-01
6.519225571599127633e-01
6.992017960394234510e-01
7.336128272175920229e-01
6.690777033311080535e-01
3.323620268277472922e-01
-1.302233972653085714e-01
-4.223471477702196442e-01
-6.064798527121787464e-01
-1.025526194152939219e+00
-1.546715804545080841e+00
-1.581849413736840182e+00
-8.471699342239050745e-01
-3.641642688157235158e-02
-9.810950096478399107e-02
-7.561311525895317853e-01
-1.117385506398887340e+00
-1.074751936008640385e+00
-7.609135318268908099e-01
8.549747707272851993e-02
9.460895868143887055e-01
9.195874031166739737e-01
2.924954960249631086e-01
-1.562578091318205242e-01
-4.288988631875608609e-02
4.529951307436629881e-01
6.725978579690637948e-01
1.184866731589838962e-01
-8.868877618382057237e-01
-1.332501675014588827e+00
-9.428188545598648052e-01
-4.312659133220163032e-01
-1.203374306673290900e-01
4.894383767501048199e-01
1.302061618284618527e+00
1.300360123201208751e+00
3.836845960300971914e-01
-4.014586792290246731e-01
-7.921598070810803582e-01
-1.171059234849282982e+00
-1.277375402323999598e+00
-8.798163536872321000e-01
-4.093664332078994494e-01
-3.808411542936231964e-01
-6.784840680530018764e-01
-7.456915771640020285e-01
-3.560580615851708375e-01
3.092316625749579884e-01
9.650253303679345862e-01
1.550262233119982680e+00
1.915183359208132874e+00
1.723023327139598937e+00
1.317614993189162531e+00
1.339347993506840639e+00
1.712243724938549372e+00
1.773052574273706883e+00
1.087366022937131360e+00
6.108812224005551184e-02
-5.724915873566179814e-01
-5.092676071283241956e-01
9.160352374168977130e-02
7.259800871819491741e-01
8.108307077490524151e-01
2.282493225614756482e-01
-4.506395808824248950e-01
-4.798494181901387656e-01
7.587303508861618917e-02
3.659150000105413358e-01
-1.759973749337923055e-02
-6.127630701498537613e-01
-7.893852580416926834e-01
-4.402133881118026060e-01
-1.854574690518751845e-01
-5.877495674253955249e-01
-1.633946309953527409e+00
-2.554726191544546499e+00
-2.571074599061264010e+00
-1.691512159738845389e+00
-3.117233273746318756e-01
7.342988619540429251e-01
7.055602226062819282e-01
-3.439385330584632944e-02
-8.643726824218213034e-01
-1.675403218628779278e+00
-2.177233042366188531e+00
-1.857495781593276218e+00
-8.162388344818390928e-01
-6.476227218008376307e-03
8.104100555558912955e-02
-1.118410231001259192e-01
-1.184462843154136941e-01
1.772976593396026479e-01
7.387553596743923201e-01
1.593716042072150563e+00
2.355569931511338755e+00
2.387292012210552983e+00
1.676162544909094665e+00
7.121906656618773868e-01
-3.206648602853032996e-03
-2.510691746778977995e-01
-7.781553087695319837e-02
2.946997370819145479e-01
5.479746608407223274e-01
6.694417733761439671e-01
8.474866617994265550e-01
1.116423504654100007e+00
1.422022016901031805e+00
1.512856189670424234e+00
1.061808028818362892e+00
4.322147583159695605e-01
3.063183332709538687e-01
4.646169797685386071e-01
1.816590091880272151e-01
-4.452421211453981842e-01
-5.963736137553606875e-01
-8.914294438022170308e-02
4.360321755624514961e-01
8.090233105467229402e-01
1.187726390205747995e+00
1.226734520809166007e+00
8.613233224026470847e-01
3.256808068967614322e-01
-2.573483719547661197e-01
-3.215058983342413135e-01
2.402045670992086490e-01
6.841809338643145555e-01
6.786918794230519802e-01
5.528122374022024221e-01
5.418437353947120894e-01
5.387845309480236988e-01
5.086421387326234278e-01
3.234063272038614767e-01
-1.525897356765750223e-01
-6.173398998317166653e-01
-6.541864002298979353e-01
-4.729508672180621209e-01
-6.398543070764840524e-01
-9.039467323415079081e-01
-7.456057697243210214e-01
-5.719849592624055568e-01
-5.019491218613095773e-01
1.817089979289339538e-03
4.535058748741385148e-01
6.631063270273266363e-01
6.300663527161626254e-02
-6.303847365231232125e-01
-4.475606085442553894e-01
1.820151618829314866e-01
4.306404173675896230e-01
4.619369037512567333e-01
5.356248923485655844e-01
5.093376980136340437e-01
2.872930092799388380e-01
9.520598273813418722e-02
3.226374908032833555e-01
8.086075155354496280e-01
1.291592995419339251e+00
1.917798332816272211e+00
2.406247150885455710e+00
2.189241124379829984e+00
1.487419914987755387e+00
1.239684279483696860e+00
1.579298269893733231e+00
1.395546748541689697e+00
3.090883379309697920e-01
-7.648310039673207328e-01
-1.312302849877761801e+00
-1.322203733992629360e+00
-9.952425476800799142e-01
-7.519256916024152915e-01
-5.697155224780290350e-01
-3.478118882117133270e-01
-4.849310004581550704e-01
-1.217619031331860668e+00
-1.813112468911856290e+00
-1.319441471070491811e+00
-1.906257094624028980e-01
4.329337040217141608e-01
4.292139558644799124e-01
2.893523023860483101e-01
1.806264312256521121e-01
-1.034809897585686200e-01
-3.138960772041497482e-01
1.039560661176373163e-01
6.742008381049837684e-01
7.026527318451880610e-01
4.828106215440794990e-01
1.675913433695514487e-01
-3.905428777815027064e-01
-6.259724869886439391e-01
-4.042647656817087709e-01
-1.678980409905211080e-01
2.331890069728551895e-01
8.381657039582459667e-01
1.256594370338348421e+00
1.048299296533124370e+00
3.860330557642568938e-01
2.667597089835704871e-02
2.618552199796241320e-01
7.666349993298050558e-01
9.600885361356766845e-01
4.143846178640517297e-01
-1.396519990205007666e-01
3.094053031471152848e-01
1.039019465449954716e+00
8.936868702809546150e-01
1.584113226842144284e-01
-1.003931397120601809e-01
7.988657770900211563e-01
2.115992304877922781e+00
2.178759900012136264e+00
9.173670380447273009e-01
-4.348427353589535277e-02
-5.052653921879605298e-02
1.576614547457427240e-01
-1.664687664245291243e-01
-9.639676261824432490e-01
-1.319440632049576401e+00
-7.757617463401241809e-01
-1.438231285465352005e-01
1.455481567424746214e-01
7.490384125224687217e-01
1.551330457086063985e+00
1.608795842354204364e+00
8.328254249607556225e-01
-2.167997101966489815e-01
-8.425840262542863002e-01
-7.217225110040086378e-01
-2.764828053350258941e-01
-6.087263086170248416e-02
-2.270265271012181785e-01
-3.388781557082017892e-01
-2.213155154620813081e-01
-2.344895321901103169e-01
-5.377660074028141057e-01
-1.054719025490812756e+00
-1.525442072003004412e+00
-1.640718258365906790e+00
-1.386155049692869401e+00
-6.500261696604322514e-01
2.377412677424317333e-01
2.660402096129111937e-01
-6.261241514732960312e-01
-1.335877335512267283e+00
-1.222440462247988080e+00
-5.652739652162298567e-01
1.565268717651132069e-01
6.203593927008481668e-01
7.511344919559468369e-01
6.630585136844269201e-01
3.597508324774749688e-01
2.324091428157266381e-01
7.601819057770168309e-01
1.430265085620078924e+00
1.096401760468974640e+00
-4.452251944313524445e-01
-1.899171328001125092e+00
-2.122897579123907974e+00
-1.085088053134201980e+00
5.061063509336226618e-01
1.552752567046819410e+00
1.508097294021186752e+00
8.730500638471839769e-01
2.529356955121462441e-02
-1.042364080008506111e+00
-1.687804030340307015e+00
-1.342379984834486839e+00
-6.859666604431942094e-01
-6.845325541016914483e-01
-1.210723787029184040e+00
-1.698361914469874057e+00
-2.220091221131113457e+00
-2.721755653601828584e+00
-2.728606401348382615e+00
-2.728606401348382615e+00
-2.608990142176206284e+00
-1.607233072195221713e+00
-1.012511308135231047e-01
8.294609465834035245e-01
7.797277737246186557e-01
2.567537015909386877e-01
-1.995726712564232230e-01
-2.424040006960014593e-01
6.639159799177962035e-03
7.079842187386981012e-02
-6.181655334157739462e-02
-1.907586560766936223e-01
-3.777380185224343823e-01
-4.617690812415156110e-01
-1.665372892946205274e-01
6.447802607883927617e-02
-1.980623574270668485e-01
-4.669456463801262003e-01
-1.733766725360208483e-01
5.251264090289976538e-01
1.083955477487529517e+00
1.059615191604942774e+00
3.071792956276844788e-01
-6.723506228607354362e-01
-1.112888760627989804e+00
-7.070246547782423896e-01
2.450775509690508724e-01
7.788289869665713239e-01
2.180670282325945786e-01
-5.578927763091927616e-01
-3.849788432399644522e-01
5.195688833700375930e-01
1.293320881742141770e+00
1.566489130584555411e+00
1.274968162618614675e+00
5.653691868996448822e-01
4.033641536653187476e-02
-1.453180135827917274e-01
-5.572334355579430243e-01
-1.293380523050365882e+00
-1.640682200757708875e+00
-1.188591767677021904e+00
-4.203736098047305414e-01
1.346903674354074099e-01
4.005178109211867121e-01
3.679503124249711710e-01
1.563546707938590630e-01
1.856271556413173485e-01
4.190122122841281604e-01
3.361709124102151280e-01
-1.371382190998223505e-01
-5.784737469187920533e-01
-7.117534905670257483e-01
-2.543954488053398189e-01
6.520246749189007041e-01
1.276056750098584214e+00
1.674743136442832236e+00
2.198657110275401116e+00
2.352631340494820034e+00
1.731607872793180292e+00
8.767349796305015097e-01
2.803450048125502025e-01
-3.083105883533029390e-01
-1.040525015148092036e+00
-1.561973503551834508e+00
-1.315362296290486288e+00
-4.661121758938232551e-01
-6.965098168232126685e-01
-7.832563020811315058e-01
-9.028950560727436736e-01
-7.424323141201819576e-01
-2.082695388274947157e-01
3.927953243844146264e-02
-3.470347538761286380e-03
2.344518675373385638e-02
-1.220536176243239845e-01
-3.298751275315858211e-01
-1.173316277679251340e-01
3.347963814227444823e-01
5.619675051652950337e-01
6.261007303161331139e-01
7.672504639301600537e-01
9.442509138848861339e-01
1.131185886444044941e+00
1.127155106827427478e+00
4.246462156255464415e-01
-4.396663898465723030e-01
-5.523854157241062657e-01
-3.671038638259857545e-01
-5.775187579365398394e-01
-1.042035886526660571e+00
-1.291505911301488840e+00
-1.015446419319617544e+00
-3.682254740288058992e-01
1.954498666534549844e-01
7.325615946816774748e-01
1.163278001335790179e+00
9.602601002174918632e-01
3.605742586232251745e-01
-9.663886008279566620e-02
-3.317115153911979752e-01
-4.534756301145140833e-01
-5.384774832753813634e-01
-5.335368617321341045e-01
-4.562317213305466246e-01
-4.641239374102376081e-01
-5.153510626639375980e-01
-4.145001987912388386e-01
3.019904470341005717e-02
6.218375294088934746e-01
7.937300946054473005e-01
7.477541153766357196e-01
7.888951324117496888e-01
5.221622949272803904e-01
1.054533551786186046e-01
-7.558843357597989920e-02
-3.286666079971872767e-01
-7.595655471383225832e-01
-8.931641816752028395e-01
-3.908862767981157171e-01
4.138507895084789778e-01
7.628208711920737572e-01
2.656266769460463584e-01
-7.081455326133406780e-01
-1.423292114713315959e+00
-1.495864135682724694e+00
-1.076768566529976878e+00
-5.367374663791130152e-01
4.831725243495837985e-02
7.395095031637596295e-01
7.882856721787265819e-01
-4.838878046616558737e-01
-1.851507580045586243e+00
-1.700599266115812247e+00
-5.153531759477548713e-01
1.977259738217983509e-01
3.457641854186198627e-01
8.082065899648487317e-01
1.397846992371521768e+00
1.257335637605834222e+00
5.259324749441117719e-01
-9.963013203638083903e-02
-4.656784186494984934e-01
-5.510743860232018010e-01
-1.656452354170963315e-01
3.533955192497599263e-01
2.947192646765323665e-01
-2.688577619582663281e-01
-5.514092982933911369e-01
-3.315549603460777317e-01
-8.211563400259577761e-02
1.694993077661636482e-01
7.151838408700338379e-01
1.268438476316738894e+00
9.980166530722782703e-01
-3.381877680275423570e-01
-1.656670140149949288e+00
-2.101842270885167174e+00
-2.017477750958498905e+00
-1.850515727249992359e+00
-1.528703188814171110e+00
-7.200281767287510792e-01
5.979911594575181288e-01
1.713518765648402775e+00
1.894545693979615031e+00
1.500068672706792894e+00
1.304380684103043198e+00
1.168851883096557298e+00
8.979644736487339962e-01
6.402704472285850601e-01
2.783584899033030857e-01
-1.256704621056109750e-01
-1.376133137072456936e-01
4.484249541905085401e-01
1.207098559865085186e+00
1.390909452759026443e+00
7.743350625244980190e-01
-3.051761864093455734e-01
-1.514048902960331677e+00
-2.247457469680619990e+00
-1.950126697637947215e+00
-1.151176575208858521e+00
-7.949944512885179781e-01
-9.443941125673859238e-01
-9.438451842713961870e-01
-5.717705353427255943e-01
-1.858329878649090661e-01
5.102398295392236022e-02
-9.893457702819752342e-02
-8.680537235977606736e-01
-1.808166472929386037e+00
-2.007513375766763808e+00
-1.346600690882149953e+00
-6.595720589595339689e-01
-4.153069887130675375e-01
-7.769337083927441157e-01
-1.530191025156067974e+00
-1.570776445621325124e+00
-3.193833844660916021e-01
1.305277603234696215e+00
2.084656662134322769e+00
1.622401644024457523e+00
3.142647598334861736e-01
-1.069477505105692838e+00
-1.842757975393384484e+00
-1.737266539945984123e+00
-1.024933815801106318e+00
-3.848379895772446879e-01
-1.792002512924531221e-01
-1.918742951706789990e-01
-2.872763076945383798e-01
-5.013989899627054880e-01
-5.865392112886576026e-01
-3.100896006271661731e-01
3.104940993778612102e-01
1.250240511585152925e+00
2.061251461411068853e+00
1.819846600276823434e+00
5.094688250547254604e-01
-4.965406725452329861e-01
-2.556563260069338317e-01
4.873727834503737144e-01
7.654633684733875842e-01
7.836334616780775697e-01
1.046950508075429331e+00
1.624029211954903795e+00
2.028441047339109904e+00
1.960252949689646806e+00
2.043029195495531969e+00
2.526100891091731526e+00
2.594674264463094904e+00
1.947173600229261670e+00
1.336964811315205504e+00
9.700976494384633275e-01
3.880695594613309818e-01
-1.904607340215572209e-01
-3.072936359534360617e-01
-2.460418445251697506e-01
-3.894029164036640345e-01
-6.492587091361176066e-01
-7.836073612546091693e-01
-7.317769408591504599e-01
-7.089224530178739325e-01
-6.339346686008167087e-01
-1.124242976697832908e-01
8.432511223661263156e-01
1.668733361166928830e+00
1.765199849886869954e+00
1.202531961729644827e+00
7.346330656670370107e-01
9.103956215650775841e-01
1.353623892702889409e+00
1.201734736265833936e+00
3.949006527636793606e-01
-3.142023860722383821e-01
-4.786426463743836957e-01
-4.816542406411530863e-01
-6.902903716927314415e-01
-6.600235047121456589e-01
-3.734254723476460730e-02
6.086278125932760297e-01
5.457918722052201854e-01
-2.873859834363053922e-01
-1.216086480972490502e+00
-1.453830233547477979e+00
-9.165010724074406090e-01
6.172878885401575921e-01
6.276015336009824752e-01
-6.836640543861545460e-02
-8.465771025597125243e-01
-8.097722138421389326e-01
-2.382783730960798263e-01
1.016490498164359796e-01
-4.226893531609673266e-02
-7.628012139429726224e-01
-1.725850717961423975e+00
-2.220079689332817185e+00
-1.945230569071688009e+00
-1.169567161154471790e+00
-4.355462012707513875e-01
-1.066471948932086189e-01
-5.962329878500606528e-02
-6.328140057927024442e-02
-6.928778673748545169e-02
-1.647705608859552640e-01
-3.066747285367434905e-01
-6.214405140553978107e-02
3.815888067123031080e-01
1.222625778111838535e-01
-8.478287273257840706e-01
-1.683050635925230409e+00
-2.044757661223504108e+00
-2.197988416948977619e+00
-1.988803457512676953e+00
-1.009268652368058072e+00
1.956481934470269135e-01
8.011353034010159080e-01
1.103201047588674211e+00
1.388019256228950393e+00
9.890228090229790103e-01
-9.125788666610884503e-02
-7.617487318418464382e-01
-5.936454483745093880e-01
-2.541674954846549483e-01
-2.871993713778281943e-01
-5.628027956894482431e-01
-6.022997493317606699e-01
-3.243804168101994678e-01
-3.151368566836162954e-01
-8.239220485199761912e-01
-1.245096801828918576e+00
-1.313095926090199983e+00
-1.497075251276411167e+00
-1.759199103205203452e+00
-1.534100132711665010e+00
-7.874315311430749587e-01
2.267003366805474263e-01
1.276093422457135418e+00
1.866950659046669569e+00
1.761839557801171186e+00
1.282908882101746251e+00
4.780267610620996255e-01
-8.452722946919467573e-01
-1.946021808916904794e+00
-1.796879488029367034e+00
-9.014535613259823110e-01
-3.757852252197341758e-01
-3.445753374410225889e-01
-1.728117814513049078e-01
7.104367751447998591e-01
1.876251166586371921e+00
2.297864739492636144e+00
2.045261861789223090e+00
1.706031254827955479e+00
1.081101068243194074e+00
1.065963195028169080e-01
-5.236874468229663071e-01
-3.949461948483483642e-01
1.535776981365549465e-01
4.950821668003477227e-01
7.355566989774037223e-02
-6.875848950678382643e-01
-7.094170603464517999e-01
6.986351925354092329e-02
6.067693952844819272e-01
4.071015541892378797e-01
6.523636607542000754e-02
2.225121009970132402e-03
1.487080604029273889e-01
4.832048596242380367e-01
6.919384708317709576e-01
2.600877672494901760e-01
-5.970321473121036338e-01
-1.072144562115668665e+00
-9.695110360341140376e-01
-6.116106687787092877e-01
-1.171787829377776424e-01
4.386190887643419134e-01
9.092784227814927345e-01
1.098452511466792902e+00
9.445855842789139256e-01
3.162690096928144068e-01
-5.306361345339776214e-01
-7.185145238191184003e-01
-5.387136742196509120e-02
7.003842201024895742e-01
6.647886594099450264e-01
-1.714135590123496700e-01
-9.001693495596693184e-01
-8.653137977863912811e-01
-3.848834885224041713e-01
1.675811503968759608e-01
8.946430774623908011e-01
1.262203999238229679e+00
6.020989317132311447e-01
-3.698869234004857898e-01
-5.531921923775356964e-01
-1.493436507890198162e-01
-1.766975478785555720e-01
-7.507140645616457997e-01
-1.046861725125991072e+00
-7.974091024588302323e-01
-4.894144608468920521e-01
-5.878248571399732336e-01
-1.030411616031780220e+00
-1.186108073895488113e+00
-6.239148473280400342e-01
5.068693111101900683e-01
1.739798356476768282e+00
2.230117459688964132e+00
1.764353649539482483e+00
1.015452258169194710e+00
9.320004388157729358e-02
-1.126355633532216016e+00
-1.692978617654449458e+00
-9.197793484076647319e-01
1.884026374406616300e-01
5.216025619362073540e-01
2.153656399673882782e-01
-2.225597102323529919e-01
-4.047167544760476576e-01
-1.613823621069555847e-01
-1.988501313461472561e-02
-1.323080500344467891e-01
1.113237817783473138e-01
7.011709126501733946e-01
1.061524364393672926e+00
8.961262370348530570e-01
2.865729875434974150e-01
-6.278071278141256206e-01
-1.571934933196843076e+00
-1.489606430565672213e+00
1.084527734977327740e-01
1.928881032096606551e+00
2.719917513347330118e+00
2.691054915409621273e+00
2.072969142504474505e+00
9.933981889431550139e-01
9.801954767868580054e-02
-4.487448687593239074e-03
2.308023691929587118e-01
2.052032781391865957e-01
-2.077536482469646006e-01
-6.514854888843950587e-01
-3.827812770885039018e-01
3.432866470765347233e-01
4.275481830188359034e-01
-2.658551878294101445e-01
-8.724752299681748369e-01
-9.091186114663629692e-01
-1.049858005799458205e+00
-1.738163676373326805e+00
-1.919954470287571269e+00
-1.125048890137763991e+00
-3.554156083844223768e-01
-6.580530983807494905e-02
2.377255670411892660e-02
1.146453640358178205e-01
6.111240314096193504e-01
1.652943924318263980e+00
2.523121321601839995e+00
2.515194602568694204e+00
1.746515929062330441e+00
1.036693443049392371e+00
9.170566288384842668e-01
9.762903882905281661e-01
8.131637609708686210e-01
6.994494571077487510e-01
8.977155244471294315e-01
1.219739111201427084e+00
1.159425769719354182e+00
5.218685368791948775e-01
-1.500583457266132514e-01
-3.475558596207027340e-01
-1.923700845006067195e-01
-4.427916799576418067e-02
-6.280139538396375953e-02
-3.342539795900500987e-02
1.372666457887647129e-01
1.869618143615427164e-01
-9.576605712561782335e-03
-2.527802729383322733e-01
-3.410598527314510631e-01
-5.420257731193407758e-02
4.788620431316690240e-01
5.961854500361161158e-01
