-2.294451807503112839e-01
-2.705335586757279809e-01
-4.248783995505190925e-01
-7.527066748959496678e-01
-7.786171150443602640e-01
-4.665532326231738858e-01
-3.202591864017338419e-01
-4.715631569967181913e-01
-7.467401706544213313e-01
-8.500369252548969357e-01
-2.358710657408792100e-01
7.371579435783900403e-01
7.059585414162519168e-01
-2.093711911767926481e-01
-8.616612740453686303e-01
-1.145181356459423094e+00
-1.518134295684738566e+00
-1.766951404847020513e+00
-1.601795728169998378e+00
-1.391670019885250742e+00
-1.145208103727184179e+00
-6.083449895493786563e-01
-1.254852653827389364e-01
6.598769542459918813e-02
5.216723158919350789e-02
-1.292893979663936044e-01
-5.283222268856190285e-01
-1.119870833339611016e+00
-1.386947621328732394e+00
-1.016811923979434429e+00
-6.546275245620928329e-01
-9.852450895781896811e-01
-1.597266331966558095e+00
-1.605474064347642615e+00
-1.122421222801111895e+00
-8.055695729877575539e-01
-8.455287022026952704e-01
-1.175139827344796162e+00
-1.599768513892504407e+00
-1.576403985181864531e+00
-7.704507297519460618e-01
3.211097093082830312e-01
1.064550003572377834e+00
1.001218442835915878e+00
2.818312277317460701e-01
-7.368839088824613581e-02
1.310198995797094146e-01
-2.017253521359987922e-01
-1.213007730658593575e+00
-1.600468226526341242e+00
-8.287327585255368501e-01
2.206187678578711009e-01
7.361694336799793348e-01
8.244631333899041792e-01
6.891250029402163912e-01
3.078181017509369344e-01
1.491573135107908121e-01
4.227970417660193436e-01
4.199368617665917292e-01
-3.057762053393207613e-01
-1.161538761757678451e+00
-1.361522821419234752e+00
-1.041295521044684369e+00
-6.151542557746653150e-01
7.997685314278310531e-02
8.533384197210206468e-01
1.067317955520902695e+00
8.695309898374619095e-01
8.274225029682689136e-01
8.887312240608040703e-01
6.825811573238917962e-01
2.326272371914930026e-01
-7.407504410915403958e-02
-2.351761496511630203e-02
1.852234460614328726e-01
2.185198924789812924e-01
9.674208572976742554e-03
-1.570291518239876893e-01
8.120109519137597848e-03
2.714472247203543187e-01
3.219293457664514913e-01
5.278636578183426575e-01
1.095295666477245078e+00
1.413797052497877349e+00
8.614921582531195332e-01
-3.696814723261485081e-01
-1.163473362326969296e+00
-6.154069082769798582e-01
8.821036009149477719e-01
2.141566867621905512e+00
2.574631915913904834e+00
2.439150172985020681e+00
1.875351493012858528e+00
1.076278867153271479e+00
6.521833929840429311e-01
7.369272305992992100e-01
8.281280652784882568e-01
8.170604711323778968e-01
9.222794492141871414e-01
9.274719614976756343e-01
5.466229222550135214e-01
9.730128499005981368e-02
-1.643492561292645149e-01
-4.611287336334873310e-01
-6.777687157046846655e-01
-5.427430026592159340e-01
-2.507127301635552197e-01
-1.500711996034069240e-01
-7.218923042588164252e-02
2.017540078473867848e-01
1.699420985520480043e-01
-2.803832959083844556e-01
-5.969669528487957511e-01
-6.028183864015297377e-01
-4.239362409810643606e-01
-3.661073806842236045e-01
-8.142650704746722257e-01
-1.445187697910991886e+00
-1.488942328518300107e+00
-9.007715272308493004e-01
-2.051611445428258018e-01
1.968712484259586004e-01
1.017408233265302969e-01
-1.246268727760072997e-01
1.091572119007676450e-01
5.280880817121448301e-01
3.858141298894178783e-01
-2.316383117164851901e-01
-4.581392700354550152e-01
1.978962858535744940e-01
1.162955974504018997e+00
1.456964680464029049e+00
9.900605590291191582e-01
1.065732790066022534e-01
-1.011966180585411657e+00
-1.801295738367137078e+00
-1.782667578547468823e+00
-1.112783485198791666e+00
-1.969092943023765252e-01
5.199258968629771882e-01
5.516674178262049866e-01
1.276770675131321531e-01
1.856793912740316299e-01
9.302396146851804604e-01
1.671692899238756969e+00
1.815271815473070927e+00
1.446450710243840643e+00
1.208779381760269223e+00
1.375197285677620007e+00
1.578955789860679415e+00
1.282061038871620040e+00
5.720705030672613711e-01
3.914918983365447414e-01
7.732540270846706143e-01
5.946401681469021261e-01
-9.538574883263357951e-02
-3.652793832392092210e-01
-1.302523147242988788e-01
2.960618317245060638e-01
6.928843784789241456e-01
7.837924000384201006e-01
2.786090370676184147e-01
-7.353154361625621194e-01
-1.488535472704536788e+00
-1.072101712373984883e+00
4.781135568897855737e-01
1.704559510465928573e+00
1.306478356228798487e+00
5.926295282091398331e-02
-6.102244968475594167e-01
-7.149829702371478524e-01
-7.534159960880234541e-01
-8.312967288172169456e-01
-9.358962895052477249e-01
-9.951327132575654710e-01
-1.192917401071794670e+00
-1.466142719444626152e+00
-1.179340929506538238e+00
-2.656081705868627019e-01
4.102073543196776972e-01
1.373753686988145595e-01
-7.451150284886882691e-01
-1.565654123717309387e+00
-1.920005480424651800e+00
-1.566558894969377613e+00
-7.323564697685367442e-01
5.051178181989332550e-02
3.025316413265132787e-01
-3.100017056335774290e-02
-4.173162096096542650e-01
-3.018424296394601747e-01
5.546452014617857529e-01
1.796595093826383716e+00
2.643334907797033395e+00
2.722014392849602338e+00
2.464962168953964916e+00
2.138576680763097482e+00
2.229855935401551914e+00
2.053899475191355073e+00
1.121267895720000629e+00
-1.472143012186785151e-02
-6.895138846677489886e-01
-1.505166062296695140e+00
-1.941576550470047735e+00
-2.162497509542292029e+00
-2.179126155650375374e+00
-1.665447076890231193e+00
-1.025529262048687995e+00
-8.795649444263029526e-01
-8.792343435902134630e-01
-7.618367872390815476e-01
-9.455396452299865695e-01
-1.200522988988448780e+00
-1.267387705990590030e+00
-1.650852372549802549e+00
-2.267522460504081128e+00
-2.359761585379228421e+00
-1.882087876738055776e+00
-1.050690173820266748e+00
3.531741912662406287e-03
6.892757870695978006e-01
6.951079468406453632e-01
4.664211686735963425e-01
5.249253548709126305e-01
6.839590951212023429e-01
5.683079117486520282e-01
2.316917996992031992e-01
-2.704319032833479852e-01
-5.366433681456885818e-01
2.369932167031217791e-03
8.785601124912506554e-01
1.158767701830080377e+00
8.372634288056223228e-01
5.458875494936653583e-01
6.177605609380451002e-01
5.386794365810360086e-01
-3.325215027926518574e-01
-1.176279216132192662e+00
-7.491102933836386590e-01
6.936699313708868386e-01
2.007234398472664605e+00
2.280944114692021518e+00
1.291569745852731543e+00
-2.595355768478423975e-01
-1.316302217103594074e+00
-1.489487710687992461e+00
-1.048873530338972904e+00
-2.898761314739692341e-01
4.495056062583845935e-01
7.117381452138610287e-01
4.537642505377656454e-01
4.784836723950972592e-01
1.079388427120958172e+00
1.492705961280444527e+00
1.108527295023072456e+00
4.441173966261216521e-02
-1.077326405231779471e+00
-1.644638214368197016e+00
-1.310622469590521311e+00
-2.504315741647603066e-01
8.055194811931406518e-01
1.195948537116792387e+00
1.031297978161636930e+00
8.383875037843839806e-01
1.079554445407879593e+00
1.771151537601653558e+00
2.153590595198891400e+00
1.522630874768751363e+00
3.389866291902425832e-01
-5.222138979086230481e-01
-8.821038591741084955e-01
-9.639708335783783166e-01
-1.027013547594178400e+00
-1.083731897322142590e+00
-7.922314287071705596e-01
-9.520553818153362768e-02
4.648834885264294114e-01
3.987592086820527237e-01
-1.316551948880740480e-02
-2.167534065579087843e-01
-6.497009115121524236e-02
3.641437360926237377e-01
9.056543312774104626e-01
1.285241025098405654e+00
1.117041436541481358e+00
4.134716737351867288e-01
-4.841906827055118129e-02
2.739630757454038570e-02
2.372468908919505570e-01
4.836518625195835863e-01
7.132245117805965373e-01
7.679315609730613668e-01
4.105683618082792696e-01
-3.903884113239730058e-01
-1.133732378441487221e+00
-1.313031594499778354e+00
-1.037612967807465925e+00
-6.517961835617652744e-01
-1.424781024744318503e-01
3.044756280623545641e-01
6.332017838640735530e-02
-8.759878847558225656e-01
-1.679347830328679736e+00
-1.828002568951460072e+00
-1.603142758139800783e+00
-1.349829526354791920e+00
-1.152660309733308353e+00
-1.013114570242952928e+00
-7.711603661055000947e-01
-6.499151951999589949e-01
-8.651988756160776672e-01
-6.529702370168668502e-01
4.503745796122443634e-01
1.448536684293001420e+00
1.522653110639266227e+00
1.036734262107267490e+00
4.229191665128917421e-01
1.221929913094765840e-01
4.298878251187805422e-01
1.020763401152417149e+00
1.420431967246028826e+00
1.450785794459208633e+00
1.250586051753146410e+00
6.939855230633419358e-01
-2.658300862178437085e-01
-9.333901675552531696e-01
-1.158332951340731221e+00
-1.215347407772473742e+00
-7.822960386491658591e-01
-1.146953457653135389e-01
-3.062634568084686079e-02
-3.941893813463994700e-01
-5.745923648029944708e-01
-6.255667409790687250e-01
-9.840501285646694463e-01
-1.434210690200012017e+00
-1.087423544538122178e+00
2.942103765354447953e-01
1.737407837435092972e+00
2.154615271433489632e+00
1.521325341150830734e+00
6.938641922079663571e-01
3.209814450381823780e-01
4.145366049890211180e-01
5.663138992369401992e-01
7.475769064611192949e-01
1.184583878433420612e+00
1.246156932320976907e+00
3.460129213068123821e-01
-6.918282745858969074e-01
-7.817440153364816346e-01
-1.105807456938133065e-01
2.970750571700124798e-01
1.759993867589380590e-01
3.067504611680659798e-01
9.602108171361494193e-01
1.589773392306991218e+00
1.821219457432181166e+00
1.609471217760511497e+00
9.616142075579674486e-01
1.852067744773935876e-01
6.944231608433121955e-03
5.176881560786069647e-01
9.038005853573334303e-01
6.698984467260415965e-01
9.574008011384808198e-03
-6.043311867607867871e-01
-8.256626078960200843e-01
-9.529425737989434264e-01
-1.108362823149197984e+00
-1.047676183750166468e+00
-1.125986529556351812e+00
-1.074227117641324725e+00
-1.109029628426046188e-01
1.119732823881489869e+00
1.553849315796744124e+00
1.236772444048325648e+00
5.839535943118268069e-01
-1.927252560258304881e-01
-5.500302206808596051e-01
-8.022111317317531798e-02
7.162640024118565041e-01
1.086095697532262205e+00
6.672672096321398127e-01
-6.359533588036379859e-02
-3.062525113001922095e-01
-2.422287711375246122e-01
-4.596106856687579567e-01
-8.739872671832019657e-01
-8.561324549922528782e-01
-2.063729676950792902e-01
2.964725447055763241e-01
2.324058777261020503e-01
1.615152266695877026e-01
6.191155335619776823e-01
1.300639992614143425e+00
1.480202908950760898e+00
8.209717887164000860e-01
-2.482367758875323183e-01
-6.014553721958676435e-01
-9.907196839537024680e-01
-6.198157877895752454e-01
5.355759134596013160e-01
1.049886400578806223e+00
8.235141416626254873e-01
7.849236205351426410e-01
1.209434660680274165e+00
1.581519480135539446e+00
1.759124423504998980e+00
1.972098166235198402e+00
1.884548201214656826e+00
9.933285923888095503e-01
-3.507487722273214814e-01
-1.196588745768100370e+00
-1.011349597397276812e+00
-4.557325494715567249e-01
-6.348169678012818284e-01
-1.291551288313939061e+00
-1.308538130475921379e+00
-7.498235624131213140e-01
-5.484727567891283240e-01
-9.805701318080758400e-01
-1.626927399562744236e+00
-1.840155400643457284e+00
-1.279406673019517493e+00
-2.902354531418955275e-01
4.201993256905208196e-01
2.702727813221412756e-01
-2.941144010280681287e-01
-2.079016746630638623e-01
2.708018754501117509e-01
7.490162079116841412e-03
-6.774128803150561984e-01
-6.560308028105902300e-01
-3.042909052932387115e-01
-4.165885299123670005e-01
-7.865228018094134743e-01
-1.032056699728937543e+00
-9.855121494656781111e-01
-5.048047594294825524e-01
1.069021803407222693e-01
5.096993362527767191e-02
-5.831072325884882890e-01
-9.120800654507715821e-01
-6.223476337816388204e-01
6.833071102793594753e-02
5.689229429071424038e-01
6.312872293036508875e-01
5.783669511243550998e-01
4.661051219035719506e-01
6.091462937355790475e-01
1.324384954382832547e+00
1.988617400054087270e+00
2.003605757354400829e+00
1.679621410854761132e+00
1.378854583633580377e+00
9.003086383263939618e-01
2.784081051283495700e-01
-2.106910528620072887e-01
-4.917177569049978603e-01
-4.702823160392606838e-01
-1.785556149486361155e-01
1.117544209223612639e-01
2.809722119460135725e-01
4.985866380395811426e-01
7.169533044713882752e-01
4.147270383131464455e-01
-2.842324433162285446e-01
-2.228166561254686928e-01
8.762936394105272919e-01
1.760631167181638812e+00
1.531088939678110661e+00
7.841798038881667710e-01
5.412702041670028885e-01
1.015258629382418176e+00
1.371060456071889089e+00
7.539089421786890899e-01
-5.534529213208171372e-01
-1.286377763830662824e+00
-9.189942707716560744e-01
-3.702322747397730485e-01
-3.289531236195803454e-01
-5.385179463716952553e-01
-8.516526718188681677e-01
-1.273564488156879726e+00
-1.372314279140420368e+00
-1.074979331948555439e+00
-8.496600066518664729e-01
-7.044851891840876457e-01
-4.889923920975943195e-01
-4.952563319584155632e-01
-1.193382719419974425e+00
-2.439397693537769474e+00
-2.736627915796348454e+00
-2.353279454482203104e+00
-4.672490039723891098e-01
1.091833300104606996e+00
1.699862797409382287e+00
1.782857990825350791e+00
1.560583842111270547e+00
1.029820243290555437e+00
4.987890199186920670e-01
3.462495863178241540e-01
5.375930849069049389e-01
7.449901469742939986e-01
8.734567407424429497e-01
8.573624029727733298e-01
4.604242205412027444e-01
1.482758048442056331e-01
3.299941302590338466e-01
2.204245400007374400e-01
-4.803039930066327345e-01
-8.625124405044684028e-01
-4.062574733901016533e-01
4.005003352006174522e-01
1.064150301298239842e+00
1.543064879971748349e+00
1.537694549690847179e+00
4.412070736370722335e-01
-1.181445567707486877e+00
-1.643188217462911327e+00
-6.800832619727092965e-01
2.774162140754292682e-01
3.697253288997034426e-01
-1.637741842778443757e-01
-5.090745953330121365e-01
-7.595331253746196234e-03
7.484248090899050521e-01
9.628213942601904218e-01
7.716944209897013129e-01
3.389772897415245234e-01
-4.182063893287087941e-01
-1.235670310062241706e+00
-1.509745892135441636e+00
-1.008020807123502838e+00
-2.771884704418459688e-01
5.322494634672867431e-01
1.682173590851739453e+00
2.248938423817485877e+00
1.346946336733206628e+00
-4.351011110409458427e-02
-4.897232281665555576e-01
-1.393651799889878695e-01
-2.198167049470746079e-02
-5.197129939934873599e-01
-1.052392403520908459e+00
-9.295688642896946519e-01
-3.547925358296925014e-01
2.119386886207829668e-01
5.820839929592995787e-01
5.514395118178959665e-01
3.201001897708073973e-01
2.349948827880314339e-01
2.334120543490076916e-01
2.235729297073860145e-01
2.025947417270063389e-01
5.694184514979154510e-02
-1.003393548957510206e-01
-2.242561285054036069e-01
-4.943007554107612389e-01
-8.011073311320966450e-01
-1.114213298065053426e+00
-1.720857082448185693e+00
-2.382423896900829785e+00
-2.213943204969342826e+00
-1.188487387139848250e+00
-4.807602856079029596e-01
-2.628206267407549590e-01
2.143853183585765765e-01
6.435775622321977529e-01
5.837903345131686406e-01
5.397194732954156970e-01
7.429652556193950819e-01
9.023558080972813311e-01
9.651753810142702505e-01
7.039993563401976129e-01
-2.337624861999635650e-01
-1.319551067591744564e+00
-1.463099902271738140e+00
-7.768985317217250719e-01
-9.065469960095952351e-02
4.634024922723692930e-01
1.134073937788769415e+00
2.004242625665488386e+00
2.632479931353642666e+00
2.216277509748458829e+00
9.192530998447777657e-01
-1.272787623139382818e-01
-5.774845119422203910e-01
-7.882456150485318558e-01
-8.763014123164277747e-01
-8.331286803623400017e-01
-8.319241992577677269e-01
-9.584295660354195112e-01
-1.111026276995180639e+00
-9.683525359425730894e-01
-3.069947562070539648e-01
3.736116847845378230e-01
4.384279712910624238e-01
9.809113653715570424e-02
1.051638563574836538e-01
1.313713892117154558e-01
-2.470652983501002431e-01
-5.968751449154789945e-01
-5.938971441905763760e-01
-2.534855398737698717e-01
5.434079344680519119e-01
1.314108243981581881e+00
1.483187025257546754e+00
1.190355013394982064e+00
8.219753508581387758e-01
8.588829907759070181e-01
1.400909023746994997e+00
2.020030276315025741e+00
2.349682077876022124e+00
2.138519199005020965e+00
1.482904296535938915e+00
6.666398994842674952e-01
-1.539774054932358804e-01
-4.797062896494351802e-01
-2.180255674376686825e-02
6.517893190211928589e-01
1.047461594048317401e+00
8.402972452158390393e-01
-3.298963716128447965e-01
-1.842173080391948714e+00
-2.516458349169646613e+00
-2.102460111809223431e+00
-1.626503016780030286e+00
-1.736435159984906829e+00
-1.702463260324794003e+00
-9.453670359333965489e-01
-2.483028772376591475e-02
4.477326543153452021e-01
3.857754855991449849e-01
-2.123164241545706377e-01
-9.931302438617620743e-01
-1.107641089817847257e+00
-5.198601556559944159e-01
-2.974338848919256817e-01
-6.483354070310920481e-01
-7.577156034886365354e-01
-2.944808128841199246e-01
4.310143221284153947e-01
8.326703468190214119e-01
4.230214865103859578e-01
-5.379052388535680018e-01
-1.318326146332759574e+00
-1.580471121860022032e+00
-1.346230132320987094e+00
-6.148640677411462141e-01
4.860108418580691980e-01
1.150574233061435470e+00
7.927782832835756910e-01
1.497094439284099854e-01
-6.859359097711877074e-02
-5.808318693183938536e-02
-1.664568745617942269e-01
-3.735066933202339512e-01
-4.128938956918831171e-01
-3.005066327485489408e-01
-1.800776740050689662e-01
-3.430389171657130531e-02
1.058325729774902135e-01
2.264770148583672982e-01
6.423687497121288725e-01
1.488624888593191420e+00
1.892989885277472251e+00
1.177385085877875603e+00
5.873395648481102155e-02
-5.588724799508381080e-01
-5.043302688537327771e-01
-2.846451852319802911e-01
-1.972896059169750860e-01
1.714885766749360552e-01
5.329374709692387135e-01
2.204706796611524411e-01
-3.000436743976115928e-01
-3.225419787554283935e-01
8.229054471091454270e-02
4.967683193095272509e-01
7.028833199210092753e-01
7.844346549858958184e-01
5.820689923408625122e-01
-2.324383753102614580e-01
-1.180465937168421409e+00
-1.331700209498511311e+00
-7.092872086580845892e-01
-1.092750207993339329e-01
-9.389544817570472796e-03
-5.100347354720133897e-01
-1.311270507045729561e+00
-1.628820983675451917e+00
-1.151366889765029544e+00
-5.418644777677995572e-01
-2.875232777522857552e-01
-6.495761366230870526e-02
2.875315355789758720e-01
5.749444994188270819e-01
8.097448973263919880e-01
8.716975516395976120e-01
4.434237486839055498e-01
-2.362489472626133624e-01
-6.179985843404987023e-01
-4.647569770874026007e-01
1.944287478207093744e-01
8.337043255369218642e-01
9.121206393583338734e-01
6.861165263783319812e-01
2.415866953496993152e-01
-5.918002030027210703e-01
-1.240589236821359798e+00
-9.028076342099725649e-01
2.768791680168708469e-01
1.079807283139603502e+00
7.438632627051066093e-01
-1.422360434716403721e-01
-8.091521336996269076e-01
-1.068004162693325432e+00
-9.130626941086712467e-01
-4.298921994577731831e-01
-2.549512170515523812e-01
-9.013532878470109644e-01
-1.787579307751052227e+00
-1.916323240690192442e+00
-1.109432160378193144e+00
-9.111510814390287594e-02
4.439389224545325918e-01
4.455674011091766973e-01
4.120659527768429919e-01
5.485391423169116987e-01
3.779308282769586191e-01
-2.398596603952725115e-01
-6.761677434116016849e-01
-5.680448259811095024e-01
-3.636489242871548400e-01
-5.162638667240716517e-01
-8.400536156062400339e-01
-1.127573407078563461e+00
-1.239324404705251848e+00
-9.311592548017195714e-01
-3.594393249000429336e-01
1.080448264271735570e-02
8.270159256960629701e-02
-1.514416340886935892e-02
-1.375431570205231935e-01
-1.987091540093580133e-01
-5.486333981900638479e-01
-1.296841272695943070e+00
-1.757604851047924521e+00
-1.408482384028467704e+00
-5.364791427985560190e-01
5.043242118239671390e-01
1.575434920060289068e+00
2.364445714354835637e+00
2.450909827327922397e+00
1.630898317387884378e+00
5.765956734918117332e-01
2.945510926355070502e-01
4.227840018130693545e-01
1.534286467274211530e-01
-3.653583462046384733e-01
-8.813598009884210382e-01
-1.035827979073501881e+00
-5.821931585925029795e-01
-2.197890294294140290e-01
-3.544354654958805084e-01
-3.541714443114452604e-01
1.938732136316674848e-01
9.658689779379738827e-01
1.567922095445686947e+00
1.831758847433940574e+00
1.603024915113807847e+00
9.691709018787704188e-01
3.670641289893608050e-01
-8.630422280087547693e-02
-5.056520673927271670e-01
-5.408986132056196050e-01
2.637853648412519791e-01
1.299136069312162300e+00
1.625026493628245916e+00
1.602365338906240222e+00
1.924252657978641201e+00
2.389080870035487525e+00
2.544234491225816797e+00
2.266343593420574454e+00
1.601387237580454759e+00
8.845609844402705368e-01
5.382236538052372898e-01
5.190998579886041409e-01
4.154757363267428394e-01
-1.836516537019743101e-02
-6.591022635045138411e-01
-1.287724496192431456e+00
-1.696554426930291459e+00
-1.866148946560918231e+00
-1.707816661325031626e+00
-1.156336570148035481e+00
-6.831086069788149251e-01
-4.620818341490862680e-01
-1.004722202680727650e+00
-1.434807817640025407e+00
-1.577003580943372674e+00
-2.032328989743285241e+00
-2.584352892698238424e+00
-2.288784381445140514e+00
-1.206200652773290694e+00
-5.464225862262844791e-01
-6.274854550690938115e-01
-4.986339471148134583e-01
4.106590812031873372e-01
1.602540310835399273e+00
2.134913736683305974e+00
1.617797053054281564e+00
4.685931456469504264e-01
-6.398968964361613221e-01
-1.141858990657317330e+00
-1.074017135022248048e+00
-9.199502607002169041e-01
-7.879735152047920854e-01
-7.010047289301798434e-01
-6.862564739160837979e-01
-6.594353501004943663e-01
-5.237017975492433974e-01
3.061379638482399079e-02
7.335926087767875581e-01
9.527634424646520550e-01
8.270419192702462841e-01
8.944412428619190614e-01
1.275403630702102387e+00
1.463922315223139758e+00
1.200307306542702346e+00
7.456894946145823377e-01
2.234052232991359521e-01
-1.985441497911663855e-01
-3.082647971939111442e-01
-3.315376144557400512e-02
4.550986240091269286e-01
7.354772675378278279e-01
6.466967974421105048e-01
3.064183022812139723e-01
-1.910740833031218944e-01
-5.990298152541025933e-01
-5.241852321777644708e-01
5.376958828974990473e-02
5.539120828720158762e-01
5.252772486404171381e-01
2.952232598204787561e-01
4.497469596407944192e-01
1.146569848168307537e+00
1.608914933903363931e+00
1.090959927790041251e+00
8.403075044878366429e-02
-4.225843789465302813e-01
-3.138163777080366784e-02
6.415306753640243054e-01
6.142565581071136593e-01
-1.068173891982148738e-01
-5.843852840708183560e-01
-3.071790457903558202e-01
4.904209359065928031e-01
1.198613751610093203e+00
1.429780033896219660e+00
1.262809057996361783e+00
7.962431789853324782e-01
3.143028625672789622e-01
-4.363802949610410403e-02
-6.946684998344032635e-01
-1.420878010582581563e+00
-1.369145414361419233e+00
-4.197722204513105182e-01
7.524998752993690143e-01
1.304185926867288847e+00
9.526848793332016729e-01
2.290860494152415217e-01
-2.852723636016125663e-01
-6.024111407781755911e-01
-6.207270385834157134e-01
-2.285138505477967430e-01
-1.312372350073888194e-01
-6.527792778211389813e-01
-1.008850019793187336e+00
-7.931752189568362921e-01
-6.071672837647648091e-01
-8.829199743047601023e-01
-1.100638017109625499e+00
-4.487803291346609824e-01
8.441667840268733958e-01
1.488728955857866465e+00
7.906360254046773672e-01
-6.101898207770881655e-01
-1.645965313440986177e+00
-1.684388011002883712e+00
-9.078253114686316572e-01
-8.760260086411815472e-02
2.666194575227607833e-01
-1.657290140021143443e-01
-1.120668840546547695e+00
-1.586560056672212449e+00
-1.175243537600140664e+00
-3.300974907089479493e-01
3.239349579012938407e-01
7.644669414977091071e-01
1.377118781248799051e+00
1.703399627534381455e+00
1.163079626657500976e+00
3.345874618917443755e-01
-1.395606049361917678e-01
-4.892597420298813726e-01
-1.026872132987427522e+00
-1.349692274344914233e+00
-9.554015889874597489e-01
-2.227349118466975253e-01
-2.920782722589909328e-02
-3.345583194032821783e-01
-3.876108669562345344e-01
-1.504589046293883792e-01
-6.660718597986772446e-03
1.499452609495265099e-01
3.544110379443790593e-01
1.698107978603496937e-01
-4.092298023426452214e-01
-5.756205028577522365e-01
2.214228680285646594e-02
7.000710043510841585e-01
8.790893648958504336e-01
6.346421763875217392e-01
1.356068590627058923e-01
-3.586116629589032878e-01
-6.290808416664369629e-01
-9.354868463530310319e-01
-1.244000038956184495e+00
-1.057241122828252333e+00
-4.791740786194502166e-01
6.841317768836420454e-02
4.416704193112088728e-01
1.999028509738279835e-01
-6.685365519380985777e-01
-1.217664316944157221e+00
-9.935946726212273594e-01
-5.191824075028024232e-01
-1.964833063805061231e-01
1.864935665950085975e-01
5.775265260958478697e-01
6.014288965143063104e-01
5.321032160786659526e-01
8.380794669403327513e-01
1.222425918445251725e+00
1.092688814729341429e+00
5.655173170292754348e-01
1.320552492392643995e-01
8.343322194598405683e-02
6.637606249919260071e-01
1.685260653161497979e+00
2.441428205325399503e+00
2.473029353736686975e+00
1.954148650334991189e+00
1.285553390223596271e+00
7.988451945349186456e-01
4.772211103236341789e-01
4.394727627698233330e-01
1.129667756301744097e+00
1.968002254764534831e+00
1.889470949651888887e+00
1.055025968205377751e+00
3.085932760009456599e-01
-5.828401018899973668e-02
-2.926896967400375305e-01
-7.686137666234919008e-01
-1.346265241843447091e+00
-1.567616755054621169e+00
-1.786759695317968299e+00
-2.117983929495670381e+00
-1.738443938831770952e+00
-6.196927032702331806e-01
2.748127310015033853e-01
3.863839339680725793e-01
-3.652950296963110993e-02
-2.790947346171986920e-01
1.877633301811992284e-01
1.207465483194125833e+00
1.884825317728457295e+00
1.865784286605325137e+00
1.773630572496919688e+00
1.537513855037971888e+00
7.967131204827572200e-01
2.017267140126037250e-01
2.315346460256726135e-01
3.422584314944744910e-01
2.278359624631269287e-01
1.430236756721450508e-01
-4.508057202100285155e-02
-7.567024601106615567e-01
-1.856227013760031408e+00
-2.372058464960581148e+00
-1.881073680855827046e+00
-1.201355533314984791e+00
-9.638593366955803265e-01
-1.039549375985329371e+00
-8.250563362533372969e-01
-1.868528233792130511e-01
-8.576228200098122423e-02
5.229945787159382409e-01
1.319426744098481930e+00
1.489406285300708843e+00
1.194117100102440210e+00
9.812999116552550971e-01
9.102581248351251375e-01
1.204436104825408638e+00
1.612336792406619201e+00
1.529344907987210345e+00
1.239541634519193414e+00
1.385026591265358098e+00
1.612880546276685534e+00
1.197366632540612708e+00
3.600146069908123359e-01
-1.529083211321902169e-01
6.017005469087827879e-02
6.675054283365283725e-01
8.093269830059086622e-01
5.170827178657366741e-01
6.545231091570713478e-01
1.020308100336563939e+00
7.962572134953902481e-01
1.469302902314585380e-01
-1.825042151137434288e-01
-1.875514820803161342e-01
-2.375814407768064296e-01
-3.880414821283997284e-01
-6.832771175550707010e-01
-1.041124639721001888e+00
-1.341032461008378807e+00
-1.561350259067820767e+00
-1.754581480934704674e+00
-2.009596052263951549e+00
-1.924504506543743387e+00
-1.008872340859779060e+00
2.563912313200815141e-01
8.628182676164015685e-01
4.829053662639614108e-01
-4.003976189860522505e-01
-1.000589434697033875e+00
-9.541813993994804344e-01
-7.092287857110083360e-01
-3.952026514964512294e-01
4.253214383275325527e-01
1.465091050598044342e+00
1.896728574337968709e+00
1.603525296023145641e+00
1.135197999166385197e+00
5.659346542607566199e-01
-7.258376297703028612e-02
-1.938979643307361389e-01
1.856499536692237662e-01
6.559184815809174784e-01
1.127466001297746878e+00
1.375017703373277111e+00
9.822968610947825363e-01
9.610739627483623482e-02
-4.777277880304372504e-01
-2.640374174833222121e-01
2.888570506986657405e-01
4.515478644811814490e-01
9.280784131177341467e-02
-3.459495472110780678e-01
-5.185183380652421681e-01
-5.750116867368544327e-01
-9.216829377717865590e-01
-1.482736509749897902e+00
-1.286904682957844548e+00
4.655350963173530976e-02
1.385594690369498672e+00
1.671814613797333982e+00
1.250174910407698237e+00
1.020868332969460335e+00
1.197409588035532213e+00
1.249905670793149293e+00
8.428450435100479643e-01
4.904415003793651806e-01
3.483163528486669103e-01
-1.729409261673187648e-01
-1.006100569541939382e+00
-1.349388908686328437e+00
-9.682497099069391489e-01
-3.866300047616091362e-01
-3.766467163897742332e-02
-1.828819802222303170e-01
-8.020408127016231958e-01
-1.456629740016603725e+00
-1.706274950090655329e+00
-1.459294504621658328e+00
-8.806653002434868815e-01
1.067994936493366354e-01
8.882422056048057124e-01
2.968715898015052423e-01
-1.053918307224837925e+00
-1.515967709799665331e+00
-1.257254849209987091e+00
-1.585820442398023333e+00
-2.330382060398527688e+00
-2.270902502120521138e+00
-1.384678207418801543e+00
-6.284476710779385300e-01
-4.007976120675350584e-01
-2.040335919591766967e-01
4.678945910113073703e-01
1.149405731909279416e+00
1.297558326360017000e+00
1.110588899058422285e+00
8.470889165348109984e-01
6.156246783254037958e-01
6.998575360783509947e-01
1.125024369357247256e+00
1.327038502443259604e+00
8.922913595653294561e-01
1.670303520310462420e-01
-3.514062031083542426e-01
-5.218782902045306926e-01
-3.949714771933426349e-01
-2.597972123847334669e-01
-2.488975934335894424e-01
-4.126710728324187866e-02
1.852071989164195687e-01
-4.989355148182385291e-02
-5.989117674477235642e-01
-1.094508152442288829e+00
-1.345910720616416700e+00
-1.376917888322384709e+00
-1.423087972507705912e+00
-1.325140633756749509e+00
-8.071921449193545373e-01
-1.634360901479710304e-01
4.298249285625656002e-01
1.080255903472199464e+00
1.651630401284303495e+00
1.968795366858177909e+00
1.762868531304740083e+00
8.708757278324815720e-01
-3.589502483186358117e-01
-1.522049443916576150e+00
-2.208491347843717367e+00
-2.087974713943486105e+00
-1.481147967034119883e+00
-9.377497596928068280e-01
-5.027419401815387268e-01
-1.950227362027568551e-02
4.128854239336093856e-01
6.353191940852552788e-01
4.093094305353753293e-01
-3.982072533561312744e-01
-9.598638850530752942e-01
-7.394738934371982708e-01
-5.236248316434184424e-01
-3.310473059784286298e-01
3.390613137065946470e-01
8.821377093126782087e-01
6.428047127688011342e-01
-1.010263253548956686e-01
-7.292833951884322152e-01
-8.992984321543818771e-01
-7.102501682674597916e-01
-4.250012648780250868e-01
-2.226596172139954088e-01
-1.907421280450261325e-01
-2.540274019889378621e-01
-3.831698607404839252e-01
-5.280897465793024104e-01
-4.936991071003851705e-01
-4.748561743768929810e-01
-9.845882416669654580e-01
-1.746222959906552852e+00
-1.968688674155331997e+00
-1.246070854128456862e+00
3.189746018735075683e-01
1.640826779805083291e+00
1.677285079139986257e+00
1.115494034463230255e+00
1.041103516556182385e+00
1.448003248595050030e+00
1.757327592837691022e+00
1.338459070684906882e+00
5.579879777672331898e-01
4.187202132178607372e-01
7.800223924118628860e-01
7.007223375375082330e-01
-1.892899963166842503e-01
-1.256716801735261013e+00
-1.456156574726841679e+00
-6.511744972140881549e-01
2.511753553083234114e-01
4.318934775478402988e-01
2.565645604705071511e-02
-2.436942052359735156e-01
-2.188500090272283150e-01
-2.196110192755697799e-01
-1.392416599545768241e-01
3.797033437064533112e-01
1.005998167122658549e+00
9.711723556626895570e-01
3.847271492791127234e-01
-5.230022655269817022e-01
-2.767156235446516233e-01
3.055587475755919269e-01
2.836237459202505806e-01
4.229472495509883218e-02
4.058520021616762175e-01
8.957926674326893712e-01
8.705069858774334701e-01
5.775233763144764776e-01
1.710537688155262803e-01
-1.793260224988132701e-01
6.150064585229435971e-02
5.920347086135399062e-01
7.751619558287606848e-01
6.172701475965846063e-01
2.854384127414800187e-01
-9.301317349735800655e-02
-3.931322145090143105e-01
-3.122919035776184349e-01
1.599078487753314570e-01
5.072619238360024374e-01
4.804346623977898134e-01
2.561295619901793885e-01
9.344332555167153553e-02
3.063142115156239353e-01
7.727123931628013809e-01
9.152096987008724316e-01
6.385537206230396112e-01
6.684230556316782534e-01
1.240661280259154564e+00
1.583846875924692865e+00
1.299954549801069392e+00
6.595821357507346550e-01
6.288867578678852821e-02
-2.474440002665946881e-01
-4.639861774230749081e-01
-8.148245129207123405e-01
-1.286316795704592897e+00
-1.535693458134808287e+00
-1.076315383632191702e+00
-1.765480523917246436e-04
1.004576059584727510e+00
1.251430776127392175e+00
5.145410678097235291e-01
-7.522691019724550010e-01
-1.645509537097218145e+00
-1.634007810890406809e+00
-9.204655195227469111e-01
-7.741750364735995593e-02
2.692129341056672120e-01
-5.196718377379505593e-02
-4.438352363860189609e-01
-2.950059398253965792e-01
1.531697175918310949e-01
4.636792439993870918e-01
3.949201205039979401e-01
-2.590258230228638103e-01
-9.307219281102004915e-01
-9.675623434464030170e-01
-6.514657811164124013e-01
-4.668933736269469947e-01
-7.433096628440661879e-01
-1.337067123194425999e+00
-1.464669563295833310e+00
-8.936286331682032902e-01
-3.289980274697748563e-01
-7.546640131102792803e-02
4.824086781937568236e-01
1.418486756705130247e+00
2.083411460754426514e+00
2.397314559317922811e+00
2.242647471202437792e+00
1.304125991873592794e+00
-5.935903788726862307e-02
-1.319856903478510812e+00
-2.127177981497713422e+00
-1.995827431798541163e+00
-8.674235329305970410e-01
2.323845750922315656e-01
6.079324251216223773e-01
6.833521287638139041e-01
4.620393036693739575e-01
-1.225457514963687461e-01
-4.852901524332784433e-01
-6.387329880048125963e-01
-8.547500191659106461e-01
-9.496336221778034492e-01
-9.881539964212776583e-01
-1.033843838454217678e+00
-7.839809504809582830e-01
-1.216443347446697909e-01
5.798473160610575494e-01
1.041487500132728838e+00
1.399414436962469255e+00
1.708987654441250781e+00
1.847247844160795571e+00
1.849982816257505380e+00
1.743582676326157488e+00
1.222480023624695544e+00
1.861457839488452892e-01
-6.064190542766847436e-01
-3.847499976711376002e-01
5.083291215651118966e-01
1.202779562217624054e+00
1.213647025394046119e+00
7.487796264245378808e-01
2.412799688971544176e-01
-2.010558082344935382e-01
-6.481674305343996245e-01
-8.867775174262224613e-01
-5.981816496535415917e-01
-7.295946642891076861e-02
1.149423205656985719e-01
-3.466910314268214360e-02
6.733066657809831657e-02
5.614683665649268240e-01
7.351833053223869596e-01
1.218282758954123274e-01
-8.908949020844386668e-01
-1.489235517339991155e+00
-1.323965721109839455e+00
-9.529172546261742704e-01
-6.986130291456104091e-01
-2.381900947580490036e-01
5.430757569386146510e-01
1.244066986976336331e+00
1.545904451319569661e+00
1.688949849508111889e+00
1.643180848860906096e+00
8.696885460540848545e-01
-1.081859309185129181e-01
8.085044698584407659e-05
5.934806345746730383e-01
4.760342731616276635e-02
-1.357600914397236735e+00
-2.007676050532632761e+00
-1.294525351617336284e+00
-1.026562174858469678e-01
7.366622311932294886e-01
1.150990411377764921e+00
1.340412718943950976e+00
1.196188699210724904e+00
5.382460702331350877e-01
-1.677202950679430593e-01
-5.663416821681458435e-01
-5.973553794839160380e-01
-5.508782752772443253e-02
6.915129949329759107e-01
7.817284869024514471e-01
1.737114587660440190e-01
-4.201235058013302881e-01
-5.838589517628417491e-01
-5.008404047374276358e-01
-5.970787339341517841e-01
-7.614178668782329851e-01
-7.016277023107945210e-01
-6.558315631451411276e-01
-8.448928675209012029e-01
-1.203238840158098455e+00
-1.558159979973822162e+00
-1.609670512992675606e+00
-1.110606662122317623e+00
-1.908137426501286815e-01
5.232275524257459232e-01
5.506533481193685020e-01
1.351299726553557012e-01
-4.849992631915964192e-01
-1.172434405657317047e+00
-1.586429600243660865e+00
-1.834066807676958399e+00
-2.134271656935690764e+00
-2.337104743125480777e+00
-2.314688781712051835e+00
-2.059836035391664488e+00
-1.658446828505635295e+00
-1.382698944482616543e+00
-1.379596740840169034e+00
-1.497057752066512704e+00
-1.411881730564917836e+00
-7.037514476212286541e-01
3.415673547648045427e-01
8.056995196470494447e-01
7.701309755554588410e-01
9.336449341825687753e-01
1.240368939445751773e+00
1.283631616669123288e+00
9.447748707004340885e-01
7.564820712747866160e-01
1.059819424337816063e+00
1.423546699660596992e+00
1.478933536898976664e+00
1.104061134745462081e+00
5.425555883502779508e-01
4.035857243839703346e-01
8.685724376387382595e-01
1.444862665783772204e+00
1.459468495983301972e+00
6.463608488585715905e-01
-2.466345306959891737e-01
-3.761235944749091731e-01
8.611905687442489299e-02
3.823339811731887861e-01
5.804770708929202216e-01
-4.098869165101511752e-02
-1.292978166267679141e+00
-1.854367656923106455e+00
-1.015377674584640344e+00
2.207701651995934433e-01
5.732089681129652892e-01
-1.200664959025718043e-01
-1.150395178475081215e+00
-1.864623844362330640e+00
-2.106725523430900804e+00
-1.769773382138729811e+00
-1.145536534699329589e+00
-8.350994948801119255e-01
-8.349187356983035491e-01
-1.011068404542246668e+00
-1.353618290372043509e+00
-1.447228616634268050e+00
-9.964697385801614127e-01
-2.993553407390978083e-01
3.119139420553542763e-01
7.174761775896909555e-01
6.838450600597704154e-01
2.076229140832926701e-01
-5.979048007186153063e-02
1.740151254226949551e-01
4.706155522125465840e-01
5.509028509350060165e-01
4.516781493867317310e-01
4.910197731357073270e-01
6.377746354060473966e-01
5.520018638991861515e-01
4.446032790560025538e-01
5.226577918977308723e-01
4.584832059924134340e-01
-1.038743142744784492e-01
-1.046307623294910893e+00
-1.734343715399192298e+00
-1.514479927605949960e+00
-5.408211790849943856e-01
1.888785386102810882e-01
1.372820894656420210e-01
-2.104812109094797434e-01
-3.789825226115495216e-01
-5.606892715250361148e-01
-6.231826878490820398e-01
-2.710454888487484268e-02
9.107101469298369834e-01
1.518308473142875314e+00
1.498666523626984493e+00
9.852019947451764459e-01
6.307559682413405033e-01
8.195353216172006627e-01
1.007291122335134403e+00
7.410288884619053995e-01
5.740827699627418790e-01
9.171968383054679430e-01
1.165401438278293123e+00
8.332902894811116123e-01
1.847284942778955885e-01
-1.190435925645883380e-01
1.625980129180673583e-01
5.275798174000153606e-01
6.843306985488334382e-01
9.656931113265041500e-01
1.609033276551942171e+00
2.110766805409318714e+00
1.811582367359284573e+00
6.692939534174887628e-01
-5.808703660662294377e-01
-1.108524583248857720e+00
-9.291516026157380370e-01
-5.841859036630675517e-01
-3.512898988545678503e-01
-3.703363927161572589e-01
-4.792715463683933086e-01
-4.380980800829977206e-01
-4.677844491618911582e-01
-4.151059281746046215e-01
-3.094059290466543571e-02
1.935518720598043141e-01
9.032973646288669500e-02
4.028276309148660222e-02
1.709430450801260049e-01
3.131322582682327105e-01
4.452952787885239294e-02
-5.052057302791116422e-01
-4.336722014979648154e-01
6.316974854519201432e-02
2.687379555511703808e-02
-4.636834504039273885e-01
-6.534719077804059806e-01
-2.673556035808533626e-01
1.812086641019670097e-01
5.582286365795000593e-01
9.497791813836740094e-01
8.943159072625631589e-01
5.940589084823650889e-01
6.115158463922908405e-01
3.604231709145226392e-01
-3.291544904629278845e-01
-3.196594524457405107e-01
6.665105317213001479e-01
1.750182642302247293e+00
2.166691138214125179e+00
1.855648938762575195e+00
1.380951971212067253e+00
1.051548184354890836e+00
5.434156769149210975e-01
-2.688527814696771157e-01
-8.729866383534558016e-01
-1.200710137571940894e+00
-1.965663423543589472e+00
-2.745005761888592577e+00
-2.745005761888592577e+00
-1.698804380283947424e+00
3.958283676403571982e-02
1.284611527596585701e+00
1.946209890890250982e+00
1.848337457246469695e+00
8.302492486200628852e-01
-3.732757220121771802e-01
-7.134729245018109900e-01
-2.698684319606940996e-01
1.163261719788107190e-01
4.081484831462641738e-01
1.195096674707711637e+00
2.062856580546064578e+00
1.892346621962396558e+00
7.493039299206216697e-01
-3.616895932540377667e-01
-9.751721196349297793e-01
-1.123232771929067786e+00
-9.715098073877411755e-01
-8.299327430643209658e-01
-9.774437584060189366e-01
-1.328149950802096413e+00
-1.316831411249592021e+00
-7.338937599808760259e-01
-1.713376287580010149e-01
-4.549125114090809413e-02
-2.207331332610785457e-01
-6.053206561468775782e-01
-9.236934362486505234e-01
-8.295291372251577533e-01
-5.439709893215778358e-01
-4.209081170541429939e-01
-5.201335044672638075e-01
-5.062476077493711646e-01
1.588461971848825205e-01
1.356770974069192448e+00
2.030136267950899409e+00
1.473504076926770878e+00
1.754141356717736373e-03
-1.282390874096894562e+00
-1.051956338342963093e+00
4.780713574189152104e-01
1.565882306997944173e+00
1.701401806532001348e+00
1.679685991712712267e+00
1.386238189042914737e+00
5.192272994449602663e-01
-3.117250933093108078e-01
-5.947202471766589449e-01
-4.110611207543620749e-01
5.251861059247264762e-02
7.741703481036528167e-01
1.413149024396589626e+00
1.409868305341960726e+00
9.031669211392997498e-01
3.149652891594740267e-01
-1.826308079707468224e-01
-5.377137574194993386e-01
-6.917993220018918699e-01
-6.605801171275261785e-01
-7.771282591629146141e-01
-1.064309234989232467e+00
-1.099644376776709231e+00
-9.015744954711741865e-01
-6.872897213669467709e-01
-5.728586315639723203e-01
-6.595715959269637940e-01
-6.833303323863098022e-01
-4.867731471273998856e-01
-3.310032228589523395e-01
-4.400339549342245915e-01
-8.038439452139315433e-01
-1.198909806801238265e+00
-1.417674905875305980e+00
-1.295263788272609240e+00
-9.614456460309559471e-01
-6.648997268900052049e-01
-2.125939358447131722e-01
4.729197871098766992e-01
1.116312344464464701e+00
1.749845291924533308e+00
2.382641051609324379e+00
2.034855115317164564e+00
