7.004752429794506297e-01
9.966975710778926967e-01
1.117616705694428170e+00
8.860842635230270492e-01
2.409379748551774281e-01
-9.602333190797364415e-02
3.062560277272072806e-01
9.142139877891233279e-01
1.266226982526867051e+00
1.407958990902494989e+00
1.428088758897082977e+00
1.363222199310385907e+00
1.136607889065486265e+00
7.559164042237304093e-01
3.715073010041187174e-01
-7.715209588996192747e-03
-3.757047422103433898e-01
-3.852370679769999695e-01
8.305290607159525329e-02
6.320892974450593726e-01
1.049853721031841047e+00
1.305009735457422382e+00
1.128381274282142632e+00
4.503583702852939630e-01
-1.818060030662631554e-01
-3.272360297895816061e-01
-2.789047343433740944e-01
-5.187723606810661081e-02
5.867078258435871607e-01
9.616788189085433425e-01
7.006606630101777089e-01
4.968098101116869558e-01
5.506174115272752800e-01
5.419915199699651964e-01
2.951727122739969955e-01
-7.007994276859311200e-02
1.041097691362065647e-01
8.809145108249026856e-01
1.255654341832760590e+00
7.669156302556277005e-01
2.808152571151075749e-01
3.340295727395098946e-01
2.298954529523133949e-01
-2.147699836233581960e-01
-1.896739308099637811e-01
3.294030602444482647e-01
4.340619596741024933e-01
-4.910938129915797812e-01
-1.881051000935154205e+00
-2.217061683410507467e+00
-1.477970367952833097e+00
-8.953960473677378129e-01
-2.628520898244997017e-01
1.040769818569158733e+00
2.143571186145524443e+00
2.003484948083261497e+00
9.244319789790719222e-01
-1.300424595429784391e-01
-3.114535882766034658e-01
3.365085789969031183e-01
8.720893430498882770e-01
6.396514809378279764e-01
-1.004657338412318218e-01
-6.539045878604728967e-01
-7.156805173586869850e-01
-4.873498159280172937e-01
-4.169582750277823213e-01
-4.884192946437507787e-01
-3.879227443891481997e-01
-3.701547217394952627e-01
-5.313394636029258322e-01
-5.915399358420965203e-01
-6.925957946647995911e-01
-1.016278564045482113e+00
-1.148050836211438330e+00
-7.294982219281663793e-01
3.400104179907410124e-02
7.886289414446266965e-01
9.601492272004785722e-01
3.885864667006707074e-01
-1.946373189137513837e-01
-2.930740207009647769e-01
-8.743082665775123163e-02
3.136016872938335483e-03
5.644146266218593583e-02
6.095746519279547915e-01
1.332321519194458848e+00
1.454420042895943288e+00
8.830631357081621946e-01
1.999317535726049810e-01
1.729549850941012115e-02
2.837209642018304612e-01
5.466477191706279326e-01
5.366110203417879809e-01
2.581903837614366037e-01
1.279203813412429364e-02
-7.617977392512367829e-02
-4.121755036606151168e-01
-8.599224265097100695e-01
-4.687174739024912440e-01
1.019553824382032348e+00
2.633510153919732755e+00
2.743305967996334083e+00
2.291482834843576288e+00
6.972325280712202700e-01
-5.513651786836717417e-01
-1.093837178583053404e+00
-1.183684390018537425e+00
-1.058592904880748087e+00
-7.918134847322665371e-01
-5.432962228066572363e-01
-2.995296835435249383e-01
-8.532832314317095879e-02
-2.019230689903090403e-01
-5.357745405512545078e-01
-7.476272634436372799e-01
-7.004906716859363724e-01
-4.640547865541850836e-01
-3.767784377948774077e-01
-6.127432935044798690e-01
-9.098922547861831855e-01
-9.624405202575033735e-01
-1.078509612060470024e+00
-1.330107386983021112e+00
-1.222155933107475834e+00
-9.506015812006299859e-01
-9.665016097966678821e-01
-1.076423068199822142e+00
-9.071826321445870533e-01
-1.460098138954241120e-01
9.899652070908548929e-01
1.520465823019514939e+00
1.321814428146498965e+00
1.114587120286151256e+00
1.095652634902087419e+00
1.212975323803574534e+00
1.473416724781790421e+00
1.748237253416196291e+00
1.908965540618641432e+00
1.888375870343006246e+00
1.564286562094882704e+00
6.886767252511076798e-01
-5.563621711655142299e-01
-1.138332753987238100e+00
-6.834683418359217555e-01
-3.392509061482193444e-01
-6.967364153022221895e-01
-8.777813131679954584e-01
-8.044269105808288245e-01
-1.295016747919457201e+00
-1.940460163803732208e+00
-1.677927253652560236e+00
-4.689759433391512689e-01
6.410556329708393397e-01
6.031483879597925313e-01
-4.267821084397173670e-01
-1.347730445421597034e+00
-1.548336809996874841e+00
-1.372201737142700662e+00
-1.389911741125367639e+00
-1.781106028146933307e+00
-2.507895032646787037e+00
-2.740243037461034703e+00
-2.010597038201209052e+00
-2.761820952362861181e-01
1.069446509720247462e+00
1.504993728141249543e+00
1.358140111316386234e+00
7.296897224181272401e-01
-9.772201136522858100e-02
-3.349533677760112016e-01
-1.680884354116450319e-01
-4.832304810165276021e-01
-9.295692997244873190e-01
-6.535304194943926115e-01
6.005022683605146933e-02
6.959114980208634949e-01
1.135380963958507516e+00
8.595083563692768047e-01
-2.725042828852802801e-01
-1.259640532615561304e+00
-1.505088937114801739e+00
-1.523493285628032101e+00
-1.823963569121135109e+00
-2.125002689856560156e+00
-1.719643121905103378e+00
-5.891199862510566598e-01
5.094475627447067057e-01
1.031650659608193132e+00
8.677869483132414352e-01
2.238430687764034477e-01
-4.426922414914272741e-01
-6.212948418556676344e-01
-1.395440667024070991e-01
2.985231107695522912e-01
3.600696562749374635e-02
-4.648743175625490442e-01
-4.013585214951501112e-01
1.928748135926921514e-01
4.539724296110210777e-01
-3.918103111298829044e-01
-2.228885832009831203e-01
4.929823365590627060e-01
1.038659411354063478e+00
1.027340457418451036e+00
8.441421496829853988e-01
1.084839020275139454e+00
1.475922650029425132e+00
1.361870441857734759e+00
1.042212026001817282e+00
6.555264122120839643e-01
-1.461932721506796484e-01
-9.451636661336469958e-01
-1.422745852590790339e+00
-1.829486790911846850e+00
-1.896300933964982782e+00
-1.497815238619491840e+00
-9.597484944714159694e-01
-4.472572076734431246e-01
-1.804970279242150699e-01
-1.724601778055414036e-01
-2.944893201054497034e-01
-5.094648744916050465e-01
-5.707693299215442773e-01
-3.986329676214499518e-01
-1.360626510332449135e-01
3.291272936452107056e-01
8.829437851731434250e-01
8.589262420787858732e-01
1.075248001901303874e-01
-4.015166000634130539e-01
-2.381157859612145072e-02
6.140342537172392978e-01
4.581380897984023148e-01
-7.867524704887980391e-01
-2.100474341504078524e+00
-2.258357981861058850e+00
-1.432115138535067222e+00
-5.902660686094693965e-01
2.023223360544020022e-02
8.532785803520542833e-01
1.812609106874321530e+00
1.943425135176807927e+00
1.197446494751116974e+00
5.934909615298683550e-01
2.990314444706270169e-01
-1.769381459844187043e-01
-5.129585229956107328e-01
-1.824369602984488303e-01
5.249851266756501156e-01
1.071151174476122181e+00
1.108677350513541215e+00
3.390177752608022343e-01
-7.697369330670175147e-01
-1.398532792176164330e+00
-1.529324467644083585e+00
-1.354936260658616387e+00
-1.121430119435916417e+00
-1.365529809725778421e+00
-1.833936481107122818e+00
-1.512307327146300562e+00
-5.359196801859030801e-01
-9.241349820931513137e-02
-3.520278945951042515e-01
-6.004038359029418848e-01
-7.758913938086258177e-01
-1.134785676629546325e+00
-1.378523613984220741e+00
-8.320509240063292955e-01
5.909569487845476310e-01
2.089827503984281964e+00
2.688278825443194187e+00
1.942515620101506579e+00
3.903735584027889227e-01
-9.340002643657833170e-01
-1.346198548555735730e+00
-9.851325068366414417e-01
-7.942448716225245509e-01
-1.058253258830673227e+00
-1.081522853106890558e+00
-7.044192862661221577e-01
-4.696309641311071509e-02
9.304646925457461526e-01
1.779132352407816420e+00
2.083994592280636660e+00
1.944540791859678430e+00
1.532767281563418793e+00
9.193490419279370940e-01
2.063053593794218765e-01
-2.108440766929968457e-01
-2.928220741085425516e-01
-5.469822409506361893e-01
-8.524808583476967128e-01
-5.679182719623045994e-01
3.385590069099693178e-01
1.118645998024707877e+00
1.326853537838015740e+00
1.499404614513264011e+00
1.672050685627588740e+00
1.064767660384654313e+00
8.408349375240724288e-02
1.495699229574881106e-01
1.377403271939280360e+00
2.508715312357554073e+00
2.719968467748581809e+00
2.059766090859026288e+00
7.891479007222511610e-01
-2.556515830859203576e-03
3.976908553764081367e-01
1.223451172042178792e+00
1.431943762412722254e+00
1.155649110907037258e+00
7.122416332591932076e-01
9.585635518335373917e-02
-4.641472539325497970e-01
-6.283040311223435648e-01
-3.897688659607950190e-01
-1.463514252715329422e-01
-1.504582653035451412e-01
-8.366724204813204280e-02
3.047335552154210592e-01
4.561977208679815488e-01
-9.310390808478178487e-03
-4.842539704356250696e-01
-3.967018143253382423e-01
-9.199093223110142714e-02
-3.974541847008103979e-01
-1.305339212556654083e+00
-1.987638929893548623e+00
-2.012467740938132188e+00
-1.529639388325803040e+00
-7.320639964494498608e-01
-1.020927082318806023e-01
5.498292898577768206e-02
2.061950944682630626e-01
4.312475218067858274e-01
2.067497794761036789e-01
-2.145709365691530479e-01
-3.201303967757772595e-01
-1.431133646510179269e-01
3.072722971631351441e-01
6.093822043114019982e-01
1.761613890793734538e-01
-3.709683067171542503e-01
-2.003329180269720622e-01
1.140039068006761525e-01
-2.643174167933598495e-01
-1.010324113568759286e+00
-1.310914868145732548e+00
-9.792276420837416895e-01
-4.011000671981980181e-01
1.840326015680286698e-01
6.010578014050059759e-01
7.080542724763727591e-01
5.787194637236807715e-01
2.517727171896796956e-01
-4.896996647543139236e-02
9.503642468615086658e-02
5.445906033852182526e-01
6.392626218178664166e-01
2.933017244789631328e-01
-1.884726864845731042e-01
-8.155154893398360860e-01
-1.427694464929424534e+00
-1.550055227346451847e+00
-1.094825972203220976e+00
-6.972495681873219775e-01
-6.823379833669412919e-01
-3.584480356132573875e-01
3.726133243333310530e-01
7.092504946649387243e-01
1.815939363344399593e-01
-1.073488562753838638e+00
-1.927010734730588926e+00
-1.260364925775757872e+00
1.428896297567323892e-01
7.937626930569169348e-01
5.481925747579443620e-01
-8.967191512636456252e-02
-8.203261103638685992e-01
-1.036983293988790189e+00
-5.850621600131349354e-01
-1.699566747265284228e-01
2.141010567492989680e-01
9.671288425036913550e-01
1.622891029601037038e+00
1.563084663178293532e+00
1.062908865323844321e+00
7.742565908687221166e-01
7.098450628479432423e-01
5.680463792719917526e-01
2.827139861766536089e-01
3.515754216197317789e-02
1.687211333041039318e-01
5.458008582195782443e-01
6.250730994948547892e-01
1.650079943644350566e-01
-6.537471386827776731e-01
-1.339433351734818256e+00
-1.231835975284577112e+00
4.305238232488685091e-01
4.570903865401054200e-01
1.835461397107963077e-01
1.634750833940784853e-01
6.194416055178693092e-01
1.101941587886036578e+00
1.266440962983269580e+00
7.556735242103671535e-01
-4.414604070473254205e-01
-1.145672220456562584e+00
-9.429447801585865152e-01
-8.869325869361404102e-01
-1.304606711688022003e+00
-1.250120522430105963e+00
-2.644475642289966788e-01
6.469380375149959006e-01
4.030298157060370756e-01
-7.106169389885930165e-01
-1.475261985520759600e+00
-1.335439104042602354e+00
-7.889147239993145044e-01
-4.252977018827373001e-01
-4.727710736782722023e-01
-8.150113135496691585e-01
-9.793469447015235030e-01
-7.200367915388158346e-01
-4.850729644339726310e-01
-6.365606220930997150e-01
-9.354861588840424069e-01
-9.429582643235336903e-01
-3.043662407211088494e-01
5.326565457025541628e-01
5.736095334159919679e-01
-1.132919935964003810e-01
-7.888649500519689939e-01
-1.086736967194879888e+00
-7.886045076270761234e-01
-1.023811239095357289e-01
3.505527388393362420e-01
8.393197783665153067e-02
-7.122675031315777172e-01
-1.183880761880747645e+00
-9.115925502138649827e-01
-3.926646953582774158e-01
-1.824079546204323832e-01
-2.478822261099803692e-01
-3.516749558230760631e-01
-5.588422100138051851e-01
-1.016712156244510057e+00
-1.045058427891282671e+00
1.487520725855864534e-01
1.771986794183038061e+00
2.391877086453114476e+00
1.877205023524967320e+00
1.172322506818945342e+00
8.493363926797877772e-01
4.871951274104819318e-01
-3.527066403418773616e-02
-8.425310509175744367e-02
4.171697792798219617e-01
9.616106482024151525e-01
1.234607363581826434e+00
1.147610030339590859e+00
1.064279213796305967e+00
1.748922250484625796e+00
2.704899735875851530e+00
2.202469251839201281e+00
8.432564462525421467e-02
-1.955824869173309999e+00
-2.718983011100450931e+00
-2.225225476851461437e+00
-1.014017518792327266e+00
-2.201970667388663816e-01
-2.693910128750401367e-01
-6.261941005544044980e-01
-1.007227766379015010e+00
-1.408020655851004221e+00
-1.545399145873267210e+00
-1.210776187889540223e+00
-9.318503739469782277e-01
-1.039737126424779889e+00
-1.209950540160239951e+00
-1.615033742143301643e+00
-2.276007136653000362e+00
-2.347322344521756143e+00
-1.598576840486110040e+00
-6.043759735108834574e-01
1.478403414278798567e-01
5.763851587175721214e-01
1.072477864428084349e+00
1.460465163987849868e+00
1.281520062080059530e+00
1.095777581514663312e+00
1.148164187844161965e+00
8.118069685095943289e-01
2.107393874995413252e-01
-4.778343308970628422e-02
-5.557208755723119786e-02
-8.727653661279012598e-02
-2.234810828208498301e-01
-5.271060764886530414e-01
-5.521345734935729777e-01
3.580451968103134236e-02
6.780988051802031569e-01
9.825925769885093253e-01
9.919807228578918501e-01
4.939983640556340205e-01
-4.276613615864167106e-01
-1.101189731395392890e+00
-9.453771235319916588e-01
-1.250708058210849849e-01
6.729518654089543528e-01
1.074363059786205055e+00
1.290321921597756383e+00
1.718880342769335323e+00
2.126351481764078510e+00
1.685976353047966558e+00
4.009510309082165991e-01
-5.675835705621664617e-01
-4.131290101017049410e-01
3.547248432070831958e-01
1.175115817412175856e+00
1.955550821667261685e+00
1.897768150907624740e+00
5.666015741117004234e-01
-9.110141775729608815e-01
-1.463182540847735247e+00
-1.343745511877709964e+00
-1.147151847986700002e+00
-7.154361751925845114e-01
6.901799105644783328e-02
6.452583465545577157e-01
6.222611558575732449e-01
3.967254576373649422e-01
3.702438295117816969e-01
-4.902996333937616885e-02
-1.231215033275600668e+00
-2.272397512355662563e+00
-2.520801574806793344e+00
-2.101207866141153513e+00
-1.239262900647481569e+00
-3.410334712232117038e-01
1.017356202153652522e-01
2.566882202527982493e-01
5.647961289602561052e-01
8.810531165146777699e-01
8.387745916896685028e-01
5.747756257472753649e-01
5.378606764575125654e-01
5.926169588232345076e-01
2.580008594245450371e-01
-1.970412035321093824e-01
-2.644577323777112521e-01
-9.982039029080688654e-04
8.464578737343324277e-02
-4.505060832488817502e-01
-8.918715616495562770e-01
-3.953455164269155109e-01
4.365409577186498691e-01
6.862305917631297270e-01
4.918696567710750811e-01
3.542991965649344155e-01
3.278529772039318058e-01
3.893399220358096380e-01
8.589992795196800257e-01
1.615814368764557418e+00
1.852819854850971781e+00
1.424681975877460038e+00
9.388037667089254024e-01
8.049713045071172912e-01
7.700646151554366714e-01
4.720079261773213464e-01
2.556797596204079745e-02
-2.927186466372933005e-01
-2.163411243608343582e-01
2.329007026586165860e-02
-1.749024777742146097e-01
-7.135898813347866243e-01
-7.661663024841386394e-01
-1.959170914746422854e-01
9.911335708774726694e-03
-3.140845548839144019e-01
-1.587428784391907710e-01
5.895099499242804075e-01
9.247063445367896817e-01
4.595856509364393827e-01
-1.495479654042181084e-01
-4.672549114248383817e-01
-4.473478630581790294e-01
2.424408205784579339e-03
3.658040073970304507e-01
1.063363720639988741e-01
-1.339162117138861241e-01
2.885355550541695568e-01
9.406612995019617562e-01
1.345084629541866361e+00
1.430648776646832321e+00
1.040170289111893354e+00
1.783750137064800401e-01
-3.605746473288841125e-01
-7.462972789743642643e-01
-1.887561352775287693e+00
-2.758457195509597337e+00
-2.758457195509597337e+00
-1.775913969440380269e+00
-1.709234644971296124e-01
1.173103385530914311e+00
1.805025372873208189e+00
1.641852779027533016e+00
1.230805942614833448e+00
1.041287211171269877e+00
1.005936064411921516e+00
7.681245885459132561e-01
1.776210301013085302e-01
-3.659219105845083475e-01
-4.317917352753259386e-01
-1.750331748039614665e-01
-1.715230634670018017e-01
-2.499441048749040106e-01
2.288901836968117443e-01
8.971732196297299566e-01
1.239656359377829142e+00
1.278767445549373383e+00
1.006786774392328665e+00
3.171337041593039752e-01
-6.674618364781028657e-01
-1.183945714844202080e+00
-1.033192479950875819e+00
-1.211204113249711112e+00
-1.790984322702649401e+00
-1.480495345935880946e+00
-2.296720955108604301e-01
2.707657528616945197e-01
-4.238394257081861682e-01
-9.077668987114440036e-01
-4.528015722035397261e-01
1.653381568743964580e-01
3.712768757576448975e-01
4.956568709644580406e-01
7.140023119591508705e-01
8.812986857483472436e-01
8.278581330191320253e-01
3.485935516560063618e-01
-1.749477614340151921e-01
-1.974746047974273166e-01
-3.666445389419318301e-01
-8.842501210594452266e-01
-7.336046490627488037e-01
-9.060431649767779205e-02
8.456706749862780148e-02
4.431034650300683109e-02
3.963986619573814374e-01
6.925630211632560762e-01
2.150675790705340873e-01
-6.532601671183823067e-01
-1.125590021871813562e+00
-1.186142520202130957e+00
-1.176707242792682795e+00
-1.190860552476265211e+00
-1.141055934904030789e+00
-6.833137009734698841e-01
2.236594056971335231e-01
8.378912421773558883e-01
6.995099453627166008e-01
3.642566040317179454e-01
5.066588175199029376e-01
8.146271209129541946e-01
5.662253124363455514e-01
-9.384780495083926144e-02
-2.174996617632319051e-01
7.648214781602932222e-01
2.197917546391920940e+00
2.761580444072933016e+00
2.761580444072933016e+00
2.649129777344795933e+00
1.707328499213507378e+00
7.972909661884574062e-01
3.738744756552490889e-02
-7.003203081927068530e-01
-8.459507381282629357e-01
-1.087691682004432447e-01
7.814009542625126592e-01
1.115800768062702009e+00
1.120148623709682267e+00
1.356765618462365097e+00
1.610700605455951173e+00
1.127424844474523846e+00
-2.127492790748839180e-01
-1.264661898107993121e+00
-9.257536149208369647e-01
4.175712175140874338e-01
1.659828032981817580e+00
2.360496228490271520e+00
2.424891344496394652e+00
1.824480967448027124e+00
9.856962625546673573e-01
1.934039347348191495e-01
-5.913863612389469449e-01
-1.052155606292236589e+00
-1.062964424056271451e+00
-1.091026807824913458e+00
-1.230323534713396727e+00
-1.390833433704514732e+00
-1.800128612970575803e+00
-2.281023124538456681e+00
-2.219948332064331620e+00
-1.352598471397881585e+00
-8.229620974462358018e-02
8.797176661601622261e-01
1.188273930272786050e+00
1.055339899553630056e+00
7.826584085534554758e-01
4.934702485086995272e-01
3.069492898909703671e-01
3.064775201759122880e-01
3.074270773713020377e-01
1.087425172640379828e-01
-1.217683948725020449e-01
-9.422627886828804922e-02
-4.389539448893256535e-02
-6.676624849733280020e-02
3.646732833758281056e-01
8.987835581763753412e-01
5.223737393540945906e-01
-5.102683643576235717e-01
-9.501850265546954999e-01
-4.367302943782794267e-01
-8.205245619282550487e-03
-3.600150698786653281e-01
-7.611766731469332692e-01
-6.884351488918383222e-01
-5.166798904813109106e-01
-2.789191692000658196e-01
9.560745246971810718e-02
8.292435640837836353e-02
-3.844993393588445607e-01
-8.064215605230276029e-01
-1.179155828036990483e+00
-1.452417650850277520e+00
-1.281727666162758794e+00
-8.109475726935162498e-01
-4.620901484350790067e-01
-2.227583719376086402e-01
5.122051593783671919e-02
3.203166180379655725e-01
4.513006952696242968e-01
1.041946715835527226e-01
-8.673192004749776807e-01
-1.883794808937308440e+00
-2.190898219403544900e+00
-1.871728533754278390e+00
-1.435774580052095351e+00
-9.917758312082531891e-01
-3.666928774661202817e-01
3.573801019347340180e-01
5.856584600906595828e-01
2.439828828676336991e-01
4.547524452925689326e-02
3.100636208699398266e-01
6.414886828564613230e-01
5.649580477989831762e-01
3.599035718539619899e-02
-5.710853827625058665e-01
-6.944045443731373668e-01
-9.035356240221946444e-02
7.555400857059689779e-01
1.174277613863473624e+00
9.442843945780626802e-01
2.008186561278685889e-01
-7.153621325560294286e-01
-1.160199094907847117e+00
-9.024502403318392929e-01
-3.967078848064630736e-01
1.065409805553775707e-01
5.518207647543761363e-01
9.455199145894039869e-01
1.192736452542616954e+00
1.050058665567907168e+00
8.957728626201101330e-01
9.719712154301777263e-01
8.148721986135167850e-01
2.486276150495262682e-01
-3.389941805134153996e-01
-5.546236689775503326e-01
-5.022202663674362189e-01
-4.127059058947816217e-01
-2.099426991146025046e-01
1.379006141578870692e-01
3.813650336123894369e-01
3.894011559206381201e-01
3.285896707911330483e-01
3.301957471992009729e-01
4.491599983359584325e-01
5.619108178328097170e-01
2.160374635770331009e-01
-6.058166736082098991e-01
-9.274080455032071013e-01
-3.155671833108066315e-01
3.315560026842553354e-01
3.722543284660491669e-01
-6.172878885401575921e-01
-6.276015336009824752e-01
6.836640543861545460e-02
8.465771025597125243e-01
8.097722138421389326e-01
2.382783730960798263e-01
-1.016490498164359796e-01
4.226893531609673266e-02
7.628012139429726224e-01
1.725850717961423975e+00
2.220079689332817185e+00
1.945230569071688009e+00
1.169567161154471790e+00
4.355462012707513875e-01
1.066471948932086189e-01
5.962329878500606528e-02
6.328140057927024442e-02
6.928778673748545169e-02
1.647705608859552640e-01
3.066747285367434905e-01
6.214405140553978107e-02
-3.815888067123031080e-01
-1.222625778111838535e-01
8.478287273257840706e-01
1.683050635925230409e+00
2.044757661223504108e+00
2.197988416948977619e+00
1.988803457512676953e+00
1.009268652368058072e+00
-1.956481934470269135e-01
-8.011353034010159080e-01
-1.103201047588674211e+00
-1.388019256228950393e+00
-9.890228090229790103e-01
9.125788666610884503e-02
7.617487318418464382e-01
5.936454483745093880e-01
2.541674954846549483e-01
2.871993713778281943e-01
5.628027956894482431e-01
6.022997493317606699e-01
3.243804168101994678e-01
3.151368566836162954e-01
8.239220485199761912e-01
1.245096801828918576e+00
1.313095926090199983e+00
1.497075251276411167e+00
1.759199103205203452e+00
1.534100132711665010e+00
7.874315311430749587e-01
-2.267003366805474263e-01
-1.276093422457135418e+00
-1.866950659046669569e+00
-1.761839557801171186e+00
-1.282908882101746251e+00
-4.780267610620996255e-01
8.452722946919467573e-01
1.946021808916904794e+00
1.796879488029367034e+00
9.014535613259823110e-01
3.757852252197341758e-01
3.445753374410225889e-01
1.728117814513049078e-01
-7.104367751447998591e-01
-1.876251166586371921e+00
-2.297864739492636144e+00
-2.045261861789223090e+00
-1.706031254827955479e+00
-1.081101068243194074e+00
-1.065963195028169080e-01
5.236874468229663071e-01
3.949461948483483642e-01
-1.535776981365549465e-01
-4.950821668003477227e-01
-7.355566989774037223e-02
6.875848950678382643e-01
7.094170603464517999e-01
-6.986351925354092329e-02
-6.067693952844819272e-01
-4.071015541892378797e-01
-6.523636607542000754e-02
-2.225121009970132402e-03
-1.487080604029273889e-01
-4.832048596242380367e-01
-6.919384708317709576e-01
-2.600877672494901760e-01
5.970321473121036338e-01
1.072144562115668665e+00
9.695110360341140376e-01
6.116106687787092877e-01
1.171787829377776424e-01
-4.386190887643419134e-01
-9.092784227814927345e-01
-1.098452511466792902e+00
-9.445855842789139256e-01
-3.162690096928144068e-01
5.306361345339776214e-01
7.185145238191184003e-01
5.387136742196509120e-02
-7.003842201024895742e-01
-6.647886594099450264e-01
1.714135590123496700e-01
9.001693495596693184e-01
8.653137977863912811e-01
3.848834885224041713e-01
-1.675811503968759608e-01
-8.946430774623908011e-01
-1.262203999238229679e+00
-6.020989317132311447e-01
3.698869234004857898e-01
5.531921923775356964e-01
1.493436507890198162e-01
1.766975478785555720e-01
7.507140645616457997e-01
1.046861725125991072e+00
7.974091024588302323e-01
4.894144608468920521e-01
5.878248571399732336e-01
1.030411616031780220e+00
1.186108073895488113e+00
6.239148473280400342e-01
-5.068693111101900683e-01
-1.739798356476768282e+00
-2.230117459688964132e+00
-1.764353649539482483e+00
-1.015452258169194710e+00
-9.320004388157729358e-02
1.126355633532216016e+00
1.692978617654449458e+00
9.197793484076647319e-01
-1.884026374406616300e-01
-5.216025619362073540e-01
-2.153656399673882782e-01
2.225597102323529919e-01
4.047167544760476576e-01
1.613823621069555847e-01
1.988501313461472561e-02
1.323080500344467891e-01
-1.113237817783473138e-01
-7.011709126501733946e-01
-1.061524364393672926e+00
-8.961262370348530570e-01
-2.865729875434974150e-01
6.278071278141256206e-01
1.571934933196843076e+00
1.489606430565672213e+00
-1.084527734977327740e-01
-1.928881032096606551e+00
-2.719917513347330118e+00
-2.691054915409621273e+00
-2.072969142504474505e+00
-9.933981889431550139e-01
-9.801954767868580054e-02
4.487448687593239074e-03
-2.308023691929587118e-01
-2.052032781391865957e-01
2.077536482469646006e-01
6.514854888843950587e-01
3.827812770885039018e-01
-3.432866470765347233e-01
-4.275481830188359034e-01
2.658551878294101445e-01
8.724752299681748369e-01
9.091186114663629692e-01
1.049858005799458205e+00
1.738163676373326805e+00
1.919954470287571269e+00
1.125048890137763991e+00
3.554156083844223768e-01
6.580530983807494905e-02
-2.377255670411892660e-02
-1.146453640358178205e-01
-6.111240314096193504e-01
-1.652943924318263980e+00
-2.523121321601839995e+00
-2.515194602568694204e+00
-1.746515929062330441e+00
-1.036693443049392371e+00
-9.170566288384842668e-01
-9.762903882905281661e-01
-8.131637609708686210e-01
-6.994494571077487510e-01
-8.977155244471294315e-01
-1.219739111201427084e+00
-1.159425769719354182e+00
-5.218685368791948775e-01
1.500583457266132514e-01
3.475558596207027340e-01
1.923700845006067195e-01
4.427916799576418067e-02
6.280139538396375953e-02
3.342539795900500987e-02
-1.372666457887647129e-01
-1.869618143615427164e-01
9.576605712561782335e-03
2.527802729383322733e-01
3.410598527314510631e-01
5.420257731193407758e-02
-4.788620431316690240e-01
-5.961854500361161158e-01
8.951545116694050730e-01
1.406250199136381607e+00
1.348222920688344040e+00
1.058954905757802711e+00
7.542889876918036363e-01
4.508626838233544820e-01
9.186664875636105232e-02
-2.976012743725838239e-01
-7.048933299497048832e-01
-9.075876994925811125e-01
-5.652987167945046076e-01
-5.285093443549705033e-02
2.517794582779067300e-02
-1.656878311182939656e-01
-1.331000070964326876e-01
1.139211626822434972e-02
-1.529709291694465179e-01
-4.692384472096627901e-01
-3.809382664516265948e-01
1.782580535097224583e-01
6.624358868541124767e-01
4.447060148753297359e-01
-4.217592992890054626e-01
-1.146858160912773705e+00
-1.293922601710783660e+00
-1.358046634904965355e+00
-1.610335766509459310e+00
-1.659756161194269053e+00
-1.372658823278461560e+00
-9.751438057204964149e-01
-8.391429063791151499e-01
-1.029554258960229340e+00
-8.645446123506437264e-01
-4.717553551062202838e-02
4.822879838524435914e-01
2.418565726336267818e-01
-4.839367829697839574e-02
-5.294624395452607324e-02
-3.430369852715577789e-02
-4.527944016052135728e-02
-1.625818556701946194e-01
-4.365254158714798050e-01
-5.038056604425262819e-01
-1.970798059242010736e-01
2.197133446842951809e-01
2.863340409950284604e-01
-1.692852771456070105e-01
-5.605315412690710097e-01
-4.378175432185461013e-01
-3.508109057989996504e-01
-8.905883636885774113e-01
-1.414391297621624410e+00
-1.130306561118971542e+00
-3.858717721769747144e-01
1.412941497921688661e-01
1.243452474488898618e-01
-2.974832920432748939e-01
-4.768118246860098552e-01
-8.626970717094582797e-03
7.316252546330810347e-01
1.096139543721999621e+00
9.206306935771545463e-01
4.399978083682033470e-01
-1.589300918494163106e-01
-1.017877925131616124e+00
-2.220957834351998450e+00
-2.722888518441594741e+00
-2.188591743237622289e+00
-1.130880061943596360e+00
-3.446824913946261448e-01
2.839750503535419246e-01
7.523760230565527118e-01
8.347060614843070381e-01
5.967594240765198288e-01
5.676883231152929365e-01
1.028182935646443363e+00
1.637253542554205854e+00
1.993521834187299557e+00
1.747250758246720936e+00
1.053101483933528648e+00
7.908247588336503320e-01
8.996147764846285089e-01
4.501226259683379083e-01
-2.287700338332950278e-01
-3.021368508411865217e-01
-1.365095535107973754e-02
1.714402144287112129e-01
2.376516271496847410e-01
3.214678623520895728e-01
6.205265739837562133e-01
1.008944521370006120e+00
1.172905721396517054e+00
8.532630800597224008e-01
-1.846144026099002800e-01
-1.545202866612801706e+00
-2.233117264916510081e+00
-1.812386736912218188e+00
-8.846428539664215052e-01
-7.087819447042971455e-02
4.054258701622600602e-01
3.582769609344465533e-01
-2.101636336114960091e-01
-6.799226591726262869e-01
-5.296251061478727262e-01
-2.058599935311251905e-01
-1.646439575998503990e-01
-1.944682559307301106e-01
-8.699326795257139588e-02
-2.988991288967042248e-01
-1.119574214942987256e+00
-1.851575678286188076e+00
-1.799917909097172863e+00
-9.904886503991241486e-01
1.751941797433112236e-01
1.139983584271823558e+00
1.383422135823733079e+00
1.059162931238901706e+00
6.224955351114093149e-01
1.714069164630250761e-02
-6.429909019438462270e-01
-1.044199053297192537e+00
-1.273092687841740345e+00
-1.175147562464893491e+00
-2.949406116755780016e-01
1.034650605608055551e+00
2.063933724341410425e+00
2.536528705522430815e+00
2.423539711011367004e+00
1.777821618745169641e+00
1.037219542710164255e+00
5.770290988963447942e-01
6.062419197861264319e-02
-5.091649790641401552e-01
-3.947138631052941604e-01
1.312498415579559097e-01
-1.013777333220168414e-01
-1.173104388608336546e+00
-1.511394370269303122e+00
-1.426059405508142974e-01
1.237310194086923332e+00
1.057609593489123201e+00
5.236935075369645448e-02
-6.695084343186189502e-01
-8.259820016403285337e-01
-6.289327099068091620e-01
-2.987837882824983526e-01
8.142530509123103305e-03
6.219240223279252217e-02
3.089161611407932259e-02
1.131812070574390594e-01
-1.107149668731687159e-01
-9.515758258734140496e-01
-1.960405263887463168e+00
-2.405850445223135736e+00
-1.973046149004164640e+00
-9.656517281464708224e-01
-2.048521477067953567e-02
4.862264979702524692e-01
6.451056748090864268e-01
5.850455926696058739e-01
3.618972413145799538e-01
4.122800457208124492e-01
1.115763050396212153e+00
1.881826066815625254e+00
2.002517840878274225e+00
1.661871551700973448e+00
1.190355073536562447e+00
6.929223588331331340e-01
3.182513065450358059e-01
6.993801122331230746e-02
7.544518851725033615e-02
4.747317767445841108e-01
8.658866627053847242e-01
5.997360680832870550e-01
-3.249744554829014920e-01
-1.347248438148846095e+00
-2.134806787786095672e+00
-2.223235048167915284e+00
-1.377662333480708767e+00
-4.982106405911675417e-01
-3.394756913695800016e-01
-5.062527484710916958e-01
-4.315299864675493091e-01
1.185203116011453173e-01
9.648147520296360691e-01
1.678455090712730247e+00
1.790468940990274982e+00
1.130956636556828876e+00
3.600867304010786363e-01
3.811681262704794126e-01
1.052857198666834471e+00
1.198145240736078421e+00
4.549035601236958715e-01
-9.257681459389292822e-02
2.655843829607333895e-01
9.804833787873022954e-01
1.375592603244725654e+00
1.501478082977245831e+00
1.498002892731403080e+00
1.004403523157831435e+00
-3.785385705911543663e-01
-8.421790833249248598e-01
-1.043509255892514531e+00
-6.217365327131544328e-01
1.102542159659813774e-02
2.090428864096526840e-01
-2.183278258565466978e-01
-8.961242294506149841e-01
-1.394606852833425226e+00
-1.703756233641843032e+00
-1.663217937370911281e+00
-1.111539515035927961e+00
-4.815512950835565409e-01
9.186666970298359991e-02
8.034603126696809872e-01
1.220524749305456735e+00
1.111573908679448275e+00
9.789273340576452043e-01
6.935489646145517328e-01
-1.069625825019094451e-01
-4.118431398604052718e-01
4.956750170481419304e-01
1.463323235036782188e+00
1.329667450327325584e+00
4.500760158914645648e-01
-1.654775278658824345e-01
-9.889361330000075168e-02
4.410835378109788651e-01
1.023333873677050532e+00
1.246275752722429520e+00
7.280541105545781377e-01
-4.901539335615803794e-01
-1.379858658208845679e+00
-1.198976006452725729e+00
-5.029687879721187471e-01
-7.238852953934639400e-02
-1.213217171756499208e-01
-4.290494455067637714e-01
-6.217831322418260198e-01
-5.127207555107972103e-01
-2.966242256445734693e-01
-4.063710883959797404e-01
-7.936919064618367381e-01
-8.987488314950484725e-01
-5.906699936054099487e-01
-2.743822941381998670e-01
1.711634853157371350e-01
8.599663656254460387e-01
1.007936441093473245e+00
4.514467175691653789e-01
-1.376812885013680710e-01
-6.765581026103777429e-01
-1.285135387925297357e+00
-1.332804052267275274e+00
-3.133244197730454261e-01
1.087972272986907685e+00
1.708123819468424953e+00
1.171675293831801357e+00
2.442703458428332475e-01
-1.383317426137858908e-01
-4.376777845169128878e-02
-1.754464466843985160e-01
-8.315099037022373185e-01
-1.556935778444662244e+00
-1.574549999042034409e+00
-6.479000833835180106e-01
8.413513907491613208e-01
2.131652563213656926e+00
2.664604679138199206e+00
2.691307542160056521e+00
2.695983541997803989e+00
2.326071303984377003e+00
9.088277242784298382e-01
-1.035968441470347390e+00
-2.026619353135896251e+00
-1.518882910797746399e+00
-5.815834675987585634e-01
-1.037953716714167668e-01
2.764608697736989362e-01
1.177637932307436186e+00
1.976242634567956458e+00
1.737805260306542809e+00
8.950997942777630945e-01
1.763285624100933979e-01
-1.460103865477961615e-01
5.352233950020316572e-02
2.485310942807974210e-01
-2.015659307873680917e-01
-7.466927157434001261e-01
-6.344205806822319493e-01
-1.892565707912545470e-01
-6.355820896849534440e-02
-4.604529884979009502e-01
-1.079166893704662344e+00
-1.234377494111044804e+00
-9.245421577340484642e-01
-9.893326394873194207e-01
-1.422331773733468196e+00
-1.373069130709041907e+00
-7.066041680840113859e-01
-1.331922151712591484e-01
2.578938894149593319e-02
1.660489676306747264e-01
4.630170003327989114e-01
3.704606501140975672e-01
-3.222819376085969689e-01
-6.953365423673103507e-01
-3.763227795830608180e-01
-1.435787129998105094e-01
-2.347580210712277016e-01
-4.348767562753292903e-01
-9.996232536302033234e-01
-1.796444083073347464e+00
-1.970543950467827266e+00
-1.191020528511183008e+00
-1.344354481455774519e-01
3.386568996085227434e-01
-5.918538157371827473e-03
-5.989867395654276949e-01
-5.960152373532228154e-01
-1.735087585415670264e-01
-2.147640198052937488e-01
-4.955292102359182826e-01
-7.908999022756466046e-02
7.465366966820711214e-01
9.003556405191294187e-01
4.007845802865191431e-01
-1.195351263955673760e-01
-3.486292597142181537e-01
-2.123608693753206156e-01
3.563510716885258112e-01
1.252841630310008281e+00
1.639363200078764349e+00
7.791589603628649163e-01
-6.129789782757386618e-01
-1.435839350044983309e+00
-1.520517846067118706e+00
-1.045967837229054398e+00
-2.759054946508792128e-01
3.422943027482188705e-01
7.200491830373172419e-01
7.298508149122148181e-01
2.420700210081518644e-01
-2.255817370334686489e-01
-1.977657355435853692e-01
8.166143366355931021e-02
3.021983149649108413e-01
5.235085315820168228e-01
4.998544981225716555e-01
7.821770968451979833e-02
-2.861700249195056611e-01
-5.263383846695818269e-01
-9.213542774298884019e-01
-1.281325868404865620e+00
-1.284506244853591772e+00
-1.032942631538591005e+00
-6.988218206791553255e-01
4.045529613440869421e-02
1.002870199010783558e+00
1.568012431380646055e+00
2.011255245727032293e+00
2.480250037467365498e+00
2.357586622552345634e+00
1.552071582121385074e+00
7.713805668096946899e-01
5.424560780702124552e-01
5.890876560399802564e-01
5.404666297812409370e-01
5.819208015583628990e-01
7.199292248896692614e-01
5.417182329792394890e-01
-1.429276098192040767e-01
-9.003148778338110336e-01
-9.115167789089864137e-01
-7.260818242048711069e-02
1.015451015246898292e+00
1.983292663816898393e+00
2.540124636056257934e+00
2.125075099218185493e+00
7.085355655219779392e-01
-5.390574957227203257e-01
-6.360221846871813023e-01
-3.183926327011413898e-02
2.389970962514649522e-01
8.028236513916187089e-02
1.393798576116955512e-01
6.869490587310039809e-01
1.276834409915593049e+00
1.289185441639458141e+00
6.484678541542436836e-01
-3.705858452718097662e-01
-1.284985094198523470e+00
-1.492558488715102216e+00
-1.174876100386912148e+00
-1.084040675190264036e+00
-1.247350724587423576e+00
-1.135371084176857170e+00
-6.904393149838859989e-01
-3.533572481434606449e-01
-2.217775320665635874e-01
2.294451807503112839e-01
2.705335586757279809e-01
4.248783995505190925e-01
7.527066748959496678e-01
7.786171150443602640e-01
4.665532326231738858e-01
3.202591864017338419e-01
4.715631569967181913e-01
7.467401706544213313e-01
8.500369252548969357e-01
2.358710657408792100e-01
-7.371579435783900403e-01
-7.059585414162519168e-01
2.093711911767926481e-01
8.616612740453686303e-01
1.145181356459423094e+00
1.518134295684738566e+00
1.766951404847020513e+00
1.601795728169998378e+00
1.391670019885250742e+00
1.145208103727184179e+00
6.083449895493786563e-01
1.254852653827389364e-01
-6.598769542459918813e-02
-5.216723158919350789e-02
1.292893979663936044e-01
5.283222268856190285e-01
1.119870833339611016e+00
1.386947621328732394e+00
1.016811923979434429e+00
6.546275245620928329e-01
9.852450895781896811e-01
1.597266331966558095e+00
1.605474064347642615e+00
1.122421222801111895e+00
8.055695729877575539e-01
8.455287022026952704e-01
1.175139827344796162e+00
1.599768513892504407e+00
1.576403985181864531e+00
7.704507297519460618e-01
-3.211097093082830312e-01
-1.064550003572377834e+00
-1.001218442835915878e+00
-2.818312277317460701e-01
7.368839088824613581e-02
-1.310198995797094146e-01
2.017253521359987922e-01
1.213007730658593575e+00
1.600468226526341242e+00
8.287327585255368501e-01
-2.206187678578711009e-01
-7.361694336799793348e-01
-8.244631333899041792e-01
-6.891250029402163912e-01
-3.078181017509369344e-01
-1.491573135107908121e-01
-4.227970417660193436e-01
-4.199368617665917292e-01
3.057762053393207613e-01
1.161538761757678451e+00
1.361522821419234752e+00
1.041295521044684369e+00
6.151542557746653150e-01
-7.997685314278310531e-02
-8.533384197210206468e-01
-1.067317955520902695e+00
-8.695309898374619095e-01
-8.274225029682689136e-01
-8.887312240608040703e-01
-6.825811573238917962e-01
-2.326272371914930026e-01
7.407504410915403958e-02
2.351761496511630203e-02
-1.852234460614328726e-01
-2.185198924789812924e-01
-9.674208572976742554e-03
1.570291518239876893e-01
-8.120109519137597848e-03
-2.714472247203543187e-01
-3.219293457664514913e-01
-5.278636578183426575e-01
-1.095295666477245078e+00
-1.413797052497877349e+00
-8.614921582531195332e-01
3.696814723261485081e-01
1.163473362326969296e+00
6.154069082769798582e-01
-8.821036009149477719e-01
-2.141566867621905512e+00
-2.574631915913904834e+00
-2.439150172985020681e+00
-1.875351493012858528e+00
-1.076278867153271479e+00
-6.521833929840429311e-01
-7.369272305992992100e-01
-8.281280652784882568e-01
-8.170604711323778968e-01
-9.222794492141871414e-01
-9.274719614976756343e-01
-5.466229222550135214e-01
-9.730128499005981368e-02
1.643492561292645149e-01
4.611287336334873310e-01
6.777687157046846655e-01
5.427430026592159340e-01
2.507127301635552197e-01
1.500711996034069240e-01
7.218923042588164252e-02
-2.017540078473867848e-01
-1.699420985520480043e-01
2.803832959083844556e-01
5.969669528487957511e-01
6.028183864015297377e-01
4.239362409810643606e-01
3.661073806842236045e-01
8.142650704746722257e-01
1.445187697910991886e+00
1.488942328518300107e+00
9.007715272308493004e-01
2.051611445428258018e-01
-1.968712484259586004e-01
-1.017408233265302969e-01
1.246268727760072997e-01
-1.091572119007676450e-01
-5.280880817121448301e-01
-3.858141298894178783e-01
2.316383117164851901e-01
4.581392700354550152e-01
-1.978962858535744940e-01
-1.162955974504018997e+00
-1.456964680464029049e+00
-9.900605590291191582e-01
-1.065732790066022534e-01
1.011966180585411657e+00
1.801295738367137078e+00
1.782667578547468823e+00
1.112783485198791666e+00
1.969092943023765252e-01
-5.199258968629771882e-01
-5.516674178262049866e-01
-1.276770675131321531e-01
-1.856793912740316299e-01
-9.302396146851804604e-01
-1.671692899238756969e+00
-1.815271815473070927e+00
-1.446450710243840643e+00
-1.208779381760269223e+00
-1.375197285677620007e+00
-1.578955789860679415e+00
-1.282061038871620040e+00
-5.720705030672613711e-01
-3.914918983365447414e-01
-7.732540270846706143e-01
-5.946401681469021261e-01
9.538574883263357951e-02
3.652793832392092210e-01
1.302523147242988788e-01
-2.960618317245060638e-01
-6.928843784789241456e-01
-7.837924000384201006e-01
-2.786090370676184147e-01
7.353154361625621194e-01
1.488535472704536788e+00
1.072101712373984883e+00
-4.781135568897855737e-01
-1.704559510465928573e+00
-1.306478356228798487e+00
-5.926295282091398331e-02
6.102244968475594167e-01
7.149829702371478524e-01
7.534159960880234541e-01
8.312967288172169456e-01
9.358962895052477249e-01
9.951327132575654710e-01
1.192917401071794670e+00
1.466142719444626152e+00
1.179340929506538238e+00
2.656081705868627019e-01
-4.102073543196776972e-01
-1.373753686988145595e-01
7.451150284886882691e-01
1.565654123717309387e+00
1.920005480424651800e+00
1.566558894969377613e+00
7.323564697685367442e-01
-5.051178181989332550e-02
-3.025316413265132787e-01
3.100017056335774290e-02
4.173162096096542650e-01
3.018424296394601747e-01
-5.546452014617857529e-01
-1.796595093826383716e+00
-2.643334907797033395e+00
-2.722014392849602338e+00
-2.464962168953964916e+00
-2.138576680763097482e+00
-2.229855935401551914e+00
-2.053899475191355073e+00
-1.121267895720000629e+00
