1.472143012186785151e-02
6.895138846677489886e-01
1.505166062296695140e+00
1.941576550470047735e+00
2.162497509542292029e+00
2.179126155650375374e+00
1.665447076890231193e+00
1.025529262048687995e+00
8.795649444263029526e-01
8.792343435902134630e-01
7.618367872390815476e-01
9.455396452299865695e-01
1.200522988988448780e+00
1.267387705990590030e+00
1.650852372549802549e+00
2.267522460504081128e+00
2.359761585379228421e+00
1.882087876738055776e+00
1.050690173820266748e+00
-3.531741912662406287e-03
-6.892757870695978006e-01
-6.951079468406453632e-01
-4.664211686735963425e-01
-5.249253548709126305e-01
-6.839590951212023429e-01
-5.683079117486520282e-01
-2.316917996992031992e-01
2.704319032833479852e-01
5.366433681456885818e-01
-2.369932167031217791e-03
-8.785601124912506554e-01
-1.158767701830080377e+00
-8.372634288056223228e-01
-5.458875494936653583e-01
-6.177605609380451002e-01
-5.386794365810360086e-01
3.325215027926518574e-01
1.176279216132192662e+00
7.491102933836386590e-01
-6.936699313708868386e-01
-2.007234398472664605e+00
-2.280944114692021518e+00
-1.291569745852731543e+00
2.595355768478423975e-01
1.316302217103594074e+00
1.489487710687992461e+00
1.048873530338972904e+00
2.898761314739692341e-01
-4.495056062583845935e-01
-7.117381452138610287e-01
-4.537642505377656454e-01
-4.784836723950972592e-01
-1.079388427120958172e+00
-1.492705961280444527e+00
-1.108527295023072456e+00
-4.441173966261216521e-02
1.077326405231779471e+00
1.644638214368197016e+00
1.310622469590521311e+00
2.504315741647603066e-01
-8.055194811931406518e-01
-1.195948537116792387e+00
-1.031297978161636930e+00
-8.383875037843839806e-01
-1.079554445407879593e+00
-1.771151537601653558e+00
-2.153590595198891400e+00
-1.522630874768751363e+00
-3.389866291902425832e-01
5.222138979086230481e-01
8.821038591741084955e-01
9.639708335783783166e-01
1.027013547594178400e+00
1.083731897322142590e+00
7.922314287071705596e-01
9.520553818153362768e-02
-4.648834885264294114e-01
-3.987592086820527237e-01
1.316551948880740480e-02
2.167534065579087843e-01
6.497009115121524236e-02
-3.641437360926237377e-01
-9.056543312774104626e-01
-1.285241025098405654e+00
-1.117041436541481358e+00
-4.134716737351867288e-01
4.841906827055118129e-02
-2.739630757454038570e-02
-2.372468908919505570e-01
-4.836518625195835863e-01
-7.132245117805965373e-01
-7.679315609730613668e-01
-4.105683618082792696e-01
3.903884113239730058e-01
1.133732378441487221e+00
1.313031594499778354e+00
1.037612967807465925e+00
6.517961835617652744e-01
1.424781024744318503e-01
-3.044756280623545641e-01
-6.332017838640735530e-02
8.759878847558225656e-01
1.679347830328679736e+00
1.828002568951460072e+00
1.603142758139800783e+00
1.349829526354791920e+00
1.152660309733308353e+00
1.013114570242952928e+00
7.711603661055000947e-01
6.499151951999589949e-01
8.651988756160776672e-01
6.529702370168668502e-01
-4.503745796122443634e-01
-1.448536684293001420e+00
-1.522653110639266227e+00
-1.036734262107267490e+00
-4.229191665128917421e-01
-1.221929913094765840e-01
-4.298878251187805422e-01
-1.020763401152417149e+00
-1.420431967246028826e+00
-1.450785794459208633e+00
-1.250586051753146410e+00
-6.939855230633419358e-01
2.658300862178437085e-01
9.333901675552531696e-01
1.158332951340731221e+00
1.215347407772473742e+00
7.822960386491658591e-01
1.146953457653135389e-01
3.062634568084686079e-02
3.941893813463994700e-01
5.745923648029944708e-01
6.255667409790687250e-01
9.840501285646694463e-01
1.434210690200012017e+00
1.087423544538122178e+00
-2.942103765354447953e-01
-1.737407837435092972e+00
-2.154615271433489632e+00
-1.521325341150830734e+00
-6.938641922079663571e-01
-3.209814450381823780e-01
-4.145366049890211180e-01
-5.663138992369401992e-01
-7.475769064611192949e-01
-1.184583878433420612e+00
-1.246156932320976907e+00
-3.460129213068123821e-01
6.918282745858969074e-01
7.817440153364816346e-01
1.105807456938133065e-01
-2.970750571700124798e-01
-1.759993867589380590e-01
-3.067504611680659798e-01
-9.602108171361494193e-01
-1.589773392306991218e+00
-1.821219457432181166e+00
-1.609471217760511497e+00
-9.616142075579674486e-01
-1.852067744773935876e-01
-6.944231608433121955e-03
-5.176881560786069647e-01
-9.038005853573334303e-01
-6.698984467260415965e-01
-9.574008011384808198e-03
6.043311867607867871e-01
8.256626078960200843e-01
9.529425737989434264e-01
1.108362823149197984e+00
1.047676183750166468e+00
1.125986529556351812e+00
1.074227117641324725e+00
1.109029628426046188e-01
-1.119732823881489869e+00
-1.553849315796744124e+00
-1.236772444048325648e+00
-5.839535943118268069e-01
1.927252560258304881e-01
5.500302206808596051e-01
8.022111317317531798e-02
-7.162640024118565041e-01
-1.086095697532262205e+00
-6.672672096321398127e-01
6.359533588036379859e-02
3.062525113001922095e-01
2.422287711375246122e-01
4.596106856687579567e-01
8.739872671832019657e-01
8.561324549922528782e-01
2.063729676950792902e-01
-2.964725447055763241e-01
-2.324058777261020503e-01
-1.615152266695877026e-01
-6.191155335619776823e-01
-1.300639992614143425e+00
-1.480202908950760898e+00
-8.209717887164000860e-01
2.482367758875323183e-01
6.014553721958676435e-01
1.085891561955054208e+00
1.654768827232868889e+00
1.438384520558873003e+00
9.288601125874446085e-01
4.606134906769739357e-01
-1.812786686908469599e-03
-3.117536725615299154e-01
-4.145498006286394560e-02
6.465476533472791498e-01
8.696538551841899167e-01
3.616741633444008897e-01
-3.447302803377849667e-01
-6.979392076149834034e-01
-6.915927384160319713e-01
-7.700285912221541684e-01
-9.674214897787060119e-01
-7.842887480757687602e-01
-1.884427683579648072e-01
2.549054019937004312e-01
3.968997999652806863e-01
5.954310947145495803e-01
1.087823696646603722e+00
1.526840249620481149e+00
1.206114519489872139e+00
3.527928520064339546e-01
6.849599410250443998e-02
5.916033461287801831e-01
1.024042164985188519e+00
5.114606570693616128e-01
-7.091737492254337472e-01
-1.681128515834132919e+00
-2.184932163275135952e+00
-2.641046377387754163e+00
-2.729430310774567658e+00
-2.132049061184061234e+00
-7.920359768222220431e-01
1.237094687582460661e-01
3.267359048264335541e-01
2.350765306158252022e-01
1.268982651869012546e-01
4.960127287986422218e-01
1.614266852780786854e+00
2.496725824457400655e+00
2.045535622657462138e+00
6.778880518792764764e-01
-1.164965444593305394e-01
3.338051590551137093e-01
1.176104951262190390e+00
1.436631556808964927e+00
9.548995670875005670e-01
1.316253225037870289e-01
-2.891238172397143091e-01
2.993557576577971988e-02
8.519050084100786291e-02
-1.097654712349944717e+00
-2.346430425093604999e+00
-2.061126548839364414e+00
-6.718804492389691685e-01
4.784661788135960991e-01
1.092573402310613728e+00
1.416122424750088094e+00
1.306727900146939847e+00
6.774017866849623148e-01
-3.615068474497958734e-02
-2.328379401384002290e-01
2.154534263388684923e-01
8.519291292954856987e-01
9.964411003391585586e-01
4.553965883191083419e-01
-1.466494563399946272e-01
-2.204146193797054953e-01
-4.104755139469878217e-02
1.994640277630020664e-02
2.902169747310681669e-01
8.141335798451453387e-01
1.269189054243971215e+00
1.550503631420958373e+00
1.361747681565672607e+00
9.389913096170207085e-01
1.008933103971435097e+00
1.389489921305858466e+00
1.655036512448968100e+00
1.668645604009320715e+00
1.104871051794806602e+00
1.241155353244632747e-01
-4.661421963568732618e-01
-2.352441289291034021e-01
3.352444220964533872e-01
6.510828935746707513e-01
7.582753297948687798e-01
7.201949592802395772e-01
4.963198726010019657e-01
3.272272412534444341e-01
1.645500829280949207e-01
-3.120698531291025146e-01
-1.010757964059377567e+00
-1.576129002910195975e+00
-1.802939471096198565e+00
-1.381265863626584212e+00
-3.754687317354715725e-01
2.151744472111106754e-01
-1.019163669584830650e-01
-4.873480480511609425e-01
-2.960657678224457023e-01
2.024110011518008290e-01
5.916599481614680522e-01
6.962480098287975316e-01
6.220785295486601640e-01
8.012438476775459728e-01
1.333441049708780080e+00
1.568962371532065969e+00
1.248911381761643957e+00
9.510523898365259576e-01
6.072988946515822661e-01
-8.408657024609339503e-02
-5.360590566974894333e-01
-3.097596383567412515e-01
1.328732049013359728e-01
3.084465567016564935e-01
1.826149678499618401e-01
-1.947009187105768202e-01
-6.920653890491145210e-01
-1.272005693016895700e+00
-1.720726693423403342e+00
-1.623261246543654890e+00
-1.276558456161517086e+00
-1.269007062117055940e+00
-1.397630055893684053e+00
-1.050489322847801610e+00
-3.696320427104755058e-01
-3.088672245230058566e-01
-1.367748656154723408e+00
-2.325628873811306452e+00
-1.829605891980792487e+00
-8.499724284300891330e-01
-6.980251288032085499e-01
-8.368694855061974414e-01
-5.840524619954819974e-01
-3.245366259020518451e-01
-4.586908568705391209e-01
-7.100184600815480085e-01
-7.665572250341625704e-01
-7.389383314673415581e-01
-7.177591175411470736e-01
-5.749206226987394475e-01
-3.522791266132934695e-01
-1.083713901000276647e-01
3.264831334961829090e-01
8.268302026452519771e-01
8.052910526854736295e-01
1.595679872180864323e-01
-4.960191598567385562e-01
-6.087252484409378939e-01
-2.742189528188770931e-01
1.371534826634667747e-01
5.783273227832126384e-01
8.852784276436150845e-01
8.873781786005423555e-01
8.417402390240555921e-01
7.871299757274725639e-01
6.126899387340569714e-01
4.639690394700184406e-01
1.021177682621288441e-01
-8.297240213356795735e-01
-1.734076381211685725e+00
-1.714276799298125376e+00
-1.040339909085522541e+00
-7.458690347831379297e-01
-5.398282669845162474e-01
5.168808934072882666e-01
2.033197602551628957e+00
2.730178402540036853e+00
2.344460370371889812e+00
6.359639758195704262e-01
-9.256204834773379408e-01
-1.650600583346847117e+00
-1.573648159038067762e+00
-1.162875540936704422e+00
-1.022145256126802071e+00
-9.356600370829312174e-01
-4.858820928128914640e-01
3.977325275860017773e-02
2.648921367698831575e-01
3.026984153935490252e-01
4.263173023422207608e-01
6.058202376792356514e-01
5.120179534661427612e-01
-8.200474017196125731e-02
-8.323454350857582007e-01
-1.058748432596647193e+00
-7.019307755620399769e-01
-2.823381838632572083e-01
2.081156014361564346e-02
2.757558046851044109e-01
1.430727907857781145e-01
-5.363739599462572505e-01
-1.023405173738525464e+00
-7.241157573644753098e-01
-8.139579753248511740e-02
1.641268026292835025e-01
-1.051638563574836538e-01
-1.313713892117154558e-01
2.470652983501002431e-01
5.968751449154789945e-01
5.938971441905763760e-01
2.534855398737698717e-01
-5.434079344680519119e-01
-1.314108243981581881e+00
-1.483187025257546754e+00
-1.190355013394982064e+00
-8.219753508581387758e-01
-8.588829907759070181e-01
-1.400909023746994997e+00
-2.020030276315025741e+00
-2.349682077876022124e+00
-2.138519199005020965e+00
-1.482904296535938915e+00
-6.666398994842674952e-01
1.539774054932358804e-01
4.797062896494351802e-01
2.180255674376686825e-02
-6.517893190211928589e-01
-1.047461594048317401e+00
-8.402972452158390393e-01
3.298963716128447965e-01
1.842173080391948714e+00
2.516458349169646613e+00
2.102460111809223431e+00
1.626503016780030286e+00
1.736435159984906829e+00
1.702463260324794003e+00
9.453670359333965489e-01
2.483028772376591475e-02
-4.477326543153452021e-01
-3.857754855991449849e-01
2.123164241545706377e-01
9.931302438617620743e-01
1.107641089817847257e+00
5.198601556559944159e-01
2.974338848919256817e-01
6.483354070310920481e-01
7.577156034886365354e-01
2.944808128841199246e-01
-4.310143221284153947e-01
-8.326703468190214119e-01
-4.230214865103859578e-01
5.379052388535680018e-01
1.318326146332759574e+00
1.580471121860022032e+00
1.346230132320987094e+00
6.148640677411462141e-01
-4.860108418580691980e-01
-1.150574233061435470e+00
-7.927782832835756910e-01
-1.497094439284099854e-01
6.859359097711877074e-02
5.808318693183938536e-02
1.664568745617942269e-01
3.735066933202339512e-01
4.128938956918831171e-01
3.005066327485489408e-01
1.800776740050689662e-01
3.430389171657130531e-02
-1.058325729774902135e-01
-2.264770148583672982e-01
-6.423687497121288725e-01
-1.488624888593191420e+00
-1.892989885277472251e+00
-1.177385085877875603e+00
-5.873395648481102155e-02
5.588724799508381080e-01
5.043302688537327771e-01
2.846451852319802911e-01
1.972896059169750860e-01
-1.714885766749360552e-01
-5.329374709692387135e-01
-2.204706796611524411e-01
3.000436743976115928e-01
3.225419787554283935e-01
-8.229054471091454270e-02
-4.967683193095272509e-01
-7.028833199210092753e-01
-7.844346549858958184e-01
-5.820689923408625122e-01
2.324383753102614580e-01
1.180465937168421409e+00
1.331700209498511311e+00
7.092872086580845892e-01
1.092750207993339329e-01
9.389544817570472796e-03
5.100347354720133897e-01
1.311270507045729561e+00
1.628820983675451917e+00
1.151366889765029544e+00
5.418644777677995572e-01
2.875232777522857552e-01
6.495761366230870526e-02
-2.875315355789758720e-01
-5.749444994188270819e-01
-8.097448973263919880e-01
-8.716975516395976120e-01
-4.434237486839055498e-01
2.362489472626133624e-01
6.179985843404987023e-01
4.647569770874026007e-01
-1.944287478207093744e-01
-8.337043255369218642e-01
-9.121206393583338734e-01
-6.861165263783319812e-01
-2.415866953496993152e-01
5.918002030027210703e-01
1.240589236821359798e+00
9.028076342099725649e-01
-2.768791680168708469e-01
-1.079807283139603502e+00
-7.438632627051066093e-01
1.422360434716403721e-01
8.091521336996269076e-01
1.068004162693325432e+00
9.130626941086712467e-01
4.298921994577731831e-01
2.549512170515523812e-01
9.013532878470109644e-01
1.787579307751052227e+00
1.916323240690192442e+00
1.109432160378193144e+00
9.111510814390287594e-02
-4.439389224545325918e-01
-4.455674011091766973e-01
-4.120659527768429919e-01
-5.485391423169116987e-01
-3.779308282769586191e-01
2.398596603952725115e-01
6.761677434116016849e-01
5.680448259811095024e-01
3.636489242871548400e-01
5.162638667240716517e-01
8.400536156062400339e-01
1.127573407078563461e+00
1.239324404705251848e+00
9.311592548017195714e-01
3.594393249000429336e-01
-1.080448264271735570e-02
-8.270159256960629701e-02
1.514416340886935892e-02
1.375431570205231935e-01
1.987091540093580133e-01
5.486333981900638479e-01
1.296841272695943070e+00
1.757604851047924521e+00
1.408482384028467704e+00
5.364791427985560190e-01
-5.043242118239671390e-01
-1.575434920060289068e+00
-2.364445714354835637e+00
-2.450909827327922397e+00
-1.630898317387884378e+00
-5.765956734918117332e-01
-2.945510926355070502e-01
-4.227840018130693545e-01
-1.534286467274211530e-01
3.653583462046384733e-01
8.813598009884210382e-01
1.035827979073501881e+00
5.821931585925029795e-01
2.197890294294140290e-01
3.544354654958805084e-01
3.541714443114452604e-01
-1.938732136316674848e-01
-9.658689779379738827e-01
-1.567922095445686947e+00
-1.831758847433940574e+00
-1.603024915113807847e+00
-9.691709018787704188e-01
-3.670641289893608050e-01
8.630422280087547693e-02
5.056520673927271670e-01
5.408986132056196050e-01
-2.637853648412519791e-01
-1.299136069312162300e+00
-1.625026493628245916e+00
-1.602365338906240222e+00
-1.924252657978641201e+00
-2.389080870035487525e+00
-2.544234491225816797e+00
-2.266343593420574454e+00
-1.601387237580454759e+00
-8.845609844402705368e-01
-5.382236538052372898e-01
-5.190998579886041409e-01
-4.154757363267428394e-01
1.836516537019743101e-02
6.591022635045138411e-01
1.287724496192431456e+00
1.696554426930291459e+00
1.866148946560918231e+00
1.707816661325031626e+00
1.156336570148035481e+00
6.831086069788149251e-01
4.620818341490862680e-01
-7.847213571692385203e-02
-3.488793693145150199e-01
-4.353166948084283838e-01
-1.050076074128702130e-01
1.569042149617551341e-01
-6.147347888303744678e-02
-6.285897977802462622e-01
-7.827543001471060080e-01
3.156990351032429309e-02
1.127386422490642470e+00
1.442615900942436191e+00
9.902249194255081655e-01
4.170987470871076463e-01
-3.713226062563992208e-02
-2.378984724202720669e-01
-3.442492943008657741e-02
4.432575206908602183e-01
1.194761401847102444e+00
2.354315327563042626e+00
2.758942545169115412e+00
2.758942545169115412e+00
1.934586180247244602e+00
5.662893514547374663e-01
-3.270079505112333251e-01
-6.153438119925236371e-01
-4.789640744926400018e-01
-1.731633667430191037e-01
1.122832869242146453e-01
4.658205099227096802e-01
8.742693170722704021e-01
9.509814690986219121e-01
8.160145400036521446e-01
6.494741585983239140e-01
6.381386035799599399e-02
-6.854463235309639080e-01
-6.507877756533476665e-01
-1.392163314989275924e-01
-2.279198556748068261e-01
-6.801996138849327744e-01
-7.595929859372403392e-01
-4.652522518480125546e-01
-2.447124069366997112e-01
-5.583134821477975240e-01
-1.082148074621294143e+00
-1.105697935960373579e+00
-8.290626657188153725e-01
-5.318631717068461606e-01
-1.177928380064501360e-02
6.146133992617289765e-01
9.024714319283712038e-01
6.938590950231801058e-01
3.442468794308684021e-01
-3.860796502833193505e-02
-6.388661949737436396e-01
-9.813210205371375450e-01
-5.820196010821026000e-01
9.637974740858330086e-03
1.739410133393938518e-01
1.315422165577364855e-01
2.315235072014630024e-01
4.312648357066287130e-01
8.227235705860531656e-01
1.307119527689622140e+00
1.226075154219816943e+00
4.784845367383391279e-01
-1.100581608741954404e-01
-9.809745737192296366e-02
1.718329989599182983e-01
3.843642692960009821e-01
3.028558602921000986e-01
-3.414462997072435502e-01
-1.185487815407948009e+00
-1.302171856593139054e+00
-4.097648865988950950e-01
5.994555137253466670e-01
7.043773338351531077e-01
-2.229871759095285177e-01
-1.354442874677084241e+00
-1.898086636997641241e+00
-1.902081264701875218e+00
-1.429295147985781833e+00
-2.114237998814852693e-01
1.400020233455398833e+00
2.108320640151848835e+00
1.555580719378485188e+00
8.857915676684311457e-01
5.487431883165941882e-01
-5.070231905131337632e-03
-9.367826650505679531e-01
-1.792791627604699789e+00
-2.192433354635332066e+00
-2.135190550365595019e+00
-1.481981578945832601e+00
-3.218513502429844464e-01
4.824062883333275487e-01
2.950456435376694331e-01
-4.708700367175932544e-01
-1.104784167288094476e+00
-1.129442859536939014e+00
-6.163769997635255571e-01
-1.686165740196931551e-01
-1.463553487247227537e-02
7.205021635948277714e-02
1.968844169653761467e-01
5.818181940370356631e-02
-3.747036853622929264e-01
-3.056528744899134620e-01
3.849433512817658221e-01
7.514941287985780205e-01
5.091512715833438341e-01
1.946711262169731615e-01
1.256678819215860110e-01
1.301740513006634792e-01
1.749118014456530479e-01
4.431854078345042192e-01
7.336285017844811351e-01
8.366202572806232807e-01
7.329298474149491538e-01
1.424305510215237713e-01
-7.786476832215475374e-01
-1.137329794594823973e+00
-5.669269831748949828e-01
2.871936047503861889e-01
6.216881495875529184e-01
4.770623477837817594e-01
3.036881147680459136e-01
-1.149715410743057803e-01
-1.102025036120861001e+00
-1.938215066989843471e+00
-1.441621766247553449e+00
7.436125239468102666e-02
1.099341494073427627e+00
1.314598580677603268e+00
1.498948810587747094e+00
1.855260186391083810e+00
2.117224548331510192e+00
2.118159994367343035e+00
1.784418517588091335e+00
1.309830099034742679e+00
7.097757426733920516e-01
-6.513978525235432533e-03
-2.621713846898318656e-01
-2.010187007849764951e-01
-5.162118319628045127e-01
-8.828741447642860507e-01
-6.715382536933718338e-01
-3.440392583652744363e-01
-8.031104610314254710e-01
-1.883238297722618304e+00
-2.459874742307895712e+00
-2.125889862770599770e+00
-1.507300393154148210e+00
-1.037924414996997946e+00
-6.449703307409022646e-01
1.258531973939261972e-01
1.018143170998522029e+00
9.621626174668113096e-01
-5.485638220337187010e-02
-9.488367682466706254e-01
-9.136943438156097663e-01
-9.899336581648948696e-02
7.267937741757275472e-01
1.006002107657728128e+00
7.871609621437190007e-01
4.058335278719477079e-01
-7.127331653241684994e-02
-4.071094673469211611e-01
-3.550043418715805310e-01
-1.721138192250840082e-01
4.960023623075048710e-02
4.262749387082729879e-01
8.152498154908695005e-01
1.042058057706287233e+00
1.112358687016058889e+00
1.271746106074797655e+00
1.514642696032894476e+00
1.483287838065696862e+00
1.118389137547852741e+00
6.665389959246844631e-01
3.322269638686985438e-01
4.474824548567095384e-02
-4.862107889254921322e-01
-1.193429622880197494e+00
-1.566480687162157714e+00
-1.368100774442721823e+00
-9.403146570308834606e-01
-4.435085976168485211e-01
8.930513401457294831e-02
4.553920371260847810e-01
7.883132581906019398e-01
1.269964535716153309e+00
1.502571100431298268e+00
9.195884324253573716e-01
-2.233967286479141834e-01
-1.216697923702105166e+00
-1.837347787176491387e+00
-2.192517352877040082e+00
-2.155188378646088587e+00
-1.726293177833256198e+00
-1.036986302037192109e+00
1.868528233792130511e-01
8.576228200098122423e-02
-5.229945787159382409e-01
-1.319426744098481930e+00
-1.489406285300708843e+00
-1.194117100102440210e+00
-9.812999116552550971e-01
-9.102581248351251375e-01
-1.204436104825408638e+00
-1.612336792406619201e+00
-1.529344907987210345e+00
-1.239541634519193414e+00
-1.385026591265358098e+00
-1.612880546276685534e+00
-1.197366632540612708e+00
-3.600146069908123359e-01
1.529083211321902169e-01
-6.017005469087827879e-02
-6.675054283365283725e-01
-8.093269830059086622e-01
-5.170827178657366741e-01
-6.545231091570713478e-01
-1.020308100336563939e+00
-7.962572134953902481e-01
-1.469302902314585380e-01
1.825042151137434288e-01
1.875514820803161342e-01
2.375814407768064296e-01
3.880414821283997284e-01
6.832771175550707010e-01
1.041124639721001888e+00
1.341032461008378807e+00
1.561350259067820767e+00
1.754581480934704674e+00
2.009596052263951549e+00
1.924504506543743387e+00
1.008872340859779060e+00
-2.563912313200815141e-01
-8.628182676164015685e-01
-4.829053662639614108e-01
4.003976189860522505e-01
1.000589434697033875e+00
9.541813993994804344e-01
7.092287857110083360e-01
3.952026514964512294e-01
-4.253214383275325527e-01
-1.465091050598044342e+00
-1.896728574337968709e+00
-1.603525296023145641e+00
-1.135197999166385197e+00
-5.659346542607566199e-01
7.258376297703028612e-02
1.938979643307361389e-01
-1.856499536692237662e-01
-6.559184815809174784e-01
-1.127466001297746878e+00
-1.375017703373277111e+00
-9.822968610947825363e-01
-9.610739627483623482e-02
4.777277880304372504e-01
2.640374174833222121e-01
-2.888570506986657405e-01
-4.515478644811814490e-01
-9.280784131177341467e-02
3.459495472110780678e-01
5.185183380652421681e-01
5.750116867368544327e-01
9.216829377717865590e-01
1.482736509749897902e+00
1.286904682957844548e+00
-4.655350963173530976e-02
-1.385594690369498672e+00
-1.671814613797333982e+00
-1.250174910407698237e+00
-1.020868332969460335e+00
-1.197409588035532213e+00
-1.249905670793149293e+00
-8.428450435100479643e-01
-4.904415003793651806e-01
-3.483163528486669103e-01
1.729409261673187648e-01
1.006100569541939382e+00
1.349388908686328437e+00
9.682497099069391489e-01
3.866300047616091362e-01
3.766467163897742332e-02
1.828819802222303170e-01
8.020408127016231958e-01
1.456629740016603725e+00
1.706274950090655329e+00
1.459294504621658328e+00
8.806653002434868815e-01
-1.067994936493366354e-01
-8.882422056048057124e-01
-2.968715898015052423e-01
1.053918307224837925e+00
1.515967709799665331e+00
1.257254849209987091e+00
1.585820442398023333e+00
2.330382060398527688e+00
2.270902502120521138e+00
1.384678207418801543e+00
6.284476710779385300e-01
4.007976120675350584e-01
2.040335919591766967e-01
-4.678945910113073703e-01
-1.149405731909279416e+00
-1.297558326360017000e+00
-1.110588899058422285e+00
-8.470889165348109984e-01
-6.156246783254037958e-01
-6.998575360783509947e-01
-1.125024369357247256e+00
-1.327038502443259604e+00
-8.922913595653294561e-01
-1.670303520310462420e-01
3.514062031083542426e-01
5.218782902045306926e-01
3.949714771933426349e-01
2.597972123847334669e-01
2.488975934335894424e-01
4.126710728324187866e-02
-1.852071989164195687e-01
4.989355148182385291e-02
5.989117674477235642e-01
1.094508152442288829e+00
1.345910720616416700e+00
1.376917888322384709e+00
1.423087972507705912e+00
1.325140633756749509e+00
8.071921449193545373e-01
1.634360901479710304e-01
-4.298249285625656002e-01
-1.080255903472199464e+00
-1.651630401284303495e+00
-1.968795366858177909e+00
-1.762868531304740083e+00
-8.708757278324815720e-01
3.589502483186358117e-01
1.522049443916576150e+00
2.208491347843717367e+00
2.087974713943486105e+00
1.481147967034119883e+00
9.377497596928068280e-01
5.027419401815387268e-01
1.950227362027568551e-02
-4.128854239336093856e-01
-6.353191940852552788e-01
-4.093094305353753293e-01
3.982072533561312744e-01
9.598638850530752942e-01
7.394738934371982708e-01
5.236248316434184424e-01
3.310473059784286298e-01
-3.390613137065946470e-01
-8.821377093126782087e-01
-6.428047127688011342e-01
1.010263253548956686e-01
7.292833951884322152e-01
8.992984321543818771e-01
7.102501682674597916e-01
4.250012648780250868e-01
2.226596172139954088e-01
1.907421280450261325e-01
2.540274019889378621e-01
3.831698607404839252e-01
5.280897465793024104e-01
4.936991071003851705e-01
4.748561743768929810e-01
9.845882416669654580e-01
1.746222959906552852e+00
1.968688674155331997e+00
1.246070854128456862e+00
-3.189746018735075683e-01
-1.640826779805083291e+00
-1.677285079139986257e+00
-1.115494034463230255e+00
-1.041103516556182385e+00
-1.448003248595050030e+00
-1.757327592837691022e+00
-1.338459070684906882e+00
-5.579879777672331898e-01
-4.187202132178607372e-01
-7.800223924118628860e-01
-7.007223375375082330e-01
1.892899963166842503e-01
1.256716801735261013e+00
1.456156574726841679e+00
6.511744972140881549e-01
-2.511753553083234114e-01
-4.318934775478402988e-01
-2.565645604705071511e-02
2.436942052359735156e-01
2.188500090272283150e-01
2.196110192755697799e-01
1.392416599545768241e-01
-3.797033437064533112e-01
-1.005998167122658549e+00
-9.711723556626895570e-01
-3.847271492791127234e-01
7.133320012648456387e-01
1.262069985103348113e+00
1.072639566175827674e+00
7.954722264752918381e-02
-6.478137371712839876e-01
-2.441208733970582911e-01
9.536118722798253566e-02
-6.838085858645954751e-01
-1.664349456936393246e+00
-2.045036686110349944e+00
-1.712565501758131381e+00
-5.275034209550455433e-01
1.195970209429304321e+00
2.597760869832126396e+00
2.730182030057557885e+00
2.355189311422743792e+00
1.185017891138615997e+00
4.264747606649879619e-01
6.295713900720621981e-01
1.344286862238147418e+00
1.739900448771231734e+00
1.489671971455220900e+00
9.785094897506437794e-01
7.054287171592505956e-01
4.498443248079622703e-01
-1.518335449674661775e-01
-7.461302339509796600e-01
-7.855921746356421265e-01
-4.956606350596306498e-01
-5.948381042112078632e-01
-7.474940651201246178e-01
-1.767299276253683216e-01
5.427688053291309656e-01
5.439260654892001945e-01
1.976882274907673098e-01
2.818535022086952058e-01
7.659262434213160997e-01
1.231676169526510822e+00
1.420583887468158668e+00
1.241485022883489053e+00
7.526901677117063816e-01
8.493988440640797000e-02
-5.667479039977439959e-01
-8.697452149909363772e-01
-6.940520728704628883e-01
-2.873672706984002345e-01
1.112066722331595536e-01
2.706280851407653620e-01
1.201213404334195989e-01
1.536295437105098804e-01
5.838678658867221261e-01
6.673989652453578003e-01
-3.148958591338858054e-02
-7.272913188816986230e-01
-1.031917430885642029e+00
-1.228099320400054539e+00
-6.868864736434356910e-01
7.094542809445626430e-01
1.616353330134319144e+00
1.461965073371481516e+00
9.355580298558916486e-01
6.264112157772937506e-01
4.584228586927068805e-01
-9.672597548125622113e-02
-1.182312682505915813e+00
-1.973473422604950622e+00
-1.859420049684476606e+00
-1.166256120896452586e+00
-2.284955878647813854e-01
7.009491915243903915e-01
1.453348618270143389e+00
2.001578008797796571e+00
2.142380113702197608e+00
1.827459989257734563e+00
1.360768264263001903e+00
1.160017019270194405e+00
1.566728984027465410e+00
2.082001689832620350e+00
1.698223642059056182e+00
5.445133793744052486e-01
-4.239910852977559208e-01
-8.365164101355321291e-01
-8.105704621901174134e-01
-3.971924687993024228e-01
1.105814469013437634e-01
3.810474912197209241e-01
4.901049734162171156e-01
3.176062390590013718e-01
-3.521407353943343255e-01
-1.134219290956504311e+00
-1.474040606298182121e+00
-1.426364483361513669e+00
-1.397663636721247160e+00
-1.450493294853496984e+00
-1.344930495519230051e+00
-1.083781835871070909e+00
-8.034436673594445022e-01
-4.012388790319261767e-01
1.813398859497439841e-01
8.943106738097252872e-01
1.479086658630193174e+00
1.461353795089630925e+00
1.093487229802309502e+00
1.032124615631279108e+00
1.345663315471711918e+00
1.441424719643830787e+00
6.130205346964291424e-01
-6.960124862602542484e-01
-1.165707307575726936e+00
-7.398759596448656328e-01
-2.198767369755228740e-01
1.845324735492723522e-01
3.138205354845559070e-01
-8.844308143319792176e-03
-2.952061443463845913e-01
3.238176701715846095e-02
6.054892772202514761e-01
6.139605839826001166e-01
1.161688751607430209e-01
-8.638459277782294110e-02
-1.888155583992529724e-02
-3.856507580490462495e-01
-1.016717001836845435e+00
-1.308556608125427179e+00
-1.238349719455539732e+00
-1.012551688498143143e+00
-6.048520424701480103e-01
-1.723139849369916821e-01
-1.561342492989783171e-01
-6.071399385410718441e-01
-1.019170211238404455e+00
-9.274343323246502235e-01
-3.170065399609269252e-01
5.511169306493822750e-01
1.010335617182359647e+00
5.176432351178583691e-01
-3.695810141455915243e-01
-9.637098247297364306e-01
-1.253333712841907088e+00
-1.241605908532357638e+00
-8.437940978457346697e-01
-4.682219800412293909e-01
-8.250179580760236275e-01
-1.509981148323318534e+00
-1.426443945043217809e+00
-9.023935103179954176e-01
-7.461102311492676664e-01
-8.256228483026868403e-01
-7.260782789548515526e-01
-1.837096983777015621e-02
1.295651404008944185e+00
2.233220059059909168e+00
1.933802125826243223e+00
8.406219858840029424e-01
2.454560172212119640e-01
4.633613401701054957e-01
6.076694053763438408e-01
3.600157648601947646e-01
1.522737914773381884e-01
2.584050939256081758e-01
7.407186581142198856e-01
1.269190445367445852e+00
9.638334237947784322e-01
-1.114501470666871552e-01
-7.776006346647097445e-01
-5.379103929167344811e-01
-3.106623339473073980e-02
2.460301350879003923e-01
4.578086895121931121e-01
5.301220752008080073e-01
2.106545941371790187e-01
-2.859754016928808817e-01
-7.622012227751736591e-01
-1.216225573300106610e+00
-1.388467314875494685e+00
-1.150486877789450579e+00
-9.966440647490165672e-01
-1.280423165421324283e+00
-1.619918285430861804e+00
-1.588335639676863531e+00
-1.040406559602009118e+00
-2.101241187231445984e-01
2.950573671273594711e-01
2.579554755491867413e-01
1.015376813352917990e-01
-2.772785008463979906e-01
-1.023135409888647818e+00
-1.340851973615935666e+00
-9.245065643531997779e-01
-4.201550435345770551e-01
-1.344285639567886215e-01
2.638287173427316668e-01
7.915830796890225285e-01
8.340173601979725682e-01
2.350692412016437416e-01
-5.160287089709677533e-01
-9.798566161468760249e-01
-1.080867711566258604e+00
-1.013325184810748070e+00
-7.268209480291280000e-01
-8.611905687442489299e-02
-3.823339811731887861e-01
-5.804770708929202216e-01
4.098869165101511752e-02
1.292978166267679141e+00
1.854367656923106455e+00
1.015377674584640344e+00
-2.207701651995934433e-01
-5.732089681129652892e-01
1.200664959025718043e-01
1.150395178475081215e+00
1.864623844362330640e+00
2.106725523430900804e+00
1.769773382138729811e+00
1.145536534699329589e+00
8.350994948801119255e-01
8.349187356983035491e-01
1.011068404542246668e+00
1.353618290372043509e+00
1.447228616634268050e+00
9.964697385801614127e-01
2.993553407390978083e-01
-3.119139420553542763e-01
-7.174761775896909555e-01
-6.838450600597704154e-01
-2.076229140832926701e-01
5.979048007186153063e-02
-1.740151254226949551e-01
-4.706155522125465840e-01
-5.509028509350060165e-01
-4.516781493867317310e-01
-4.910197731357073270e-01
-6.377746354060473966e-01
-5.520018638991861515e-01
-4.446032790560025538e-01
-5.226577918977308723e-01
-4.584832059924134340e-01
1.038743142744784492e-01
1.046307623294910893e+00
1.734343715399192298e+00
1.514479927605949960e+00
5.408211790849943856e-01
-1.888785386102810882e-01
-1.372820894656420210e-01
2.104812109094797434e-01
3.789825226115495216e-01
5.606892715250361148e-01
6.231826878490820398e-01
2.710454888487484268e-02
-9.107101469298369834e-01
-1.518308473142875314e+00
-1.498666523626984493e+00
-9.852019947451764459e-01
-6.307559682413405033e-01
-8.195353216172006627e-01
-1.007291122335134403e+00
-7.410288884619053995e-01
-5.740827699627418790e-01
-9.171968383054679430e-01
-1.165401438278293123e+00
-8.332902894811116123e-01
-1.847284942778955885e-01
1.190435925645883380e-01
-1.625980129180673583e-01
-5.275798174000153606e-01
-6.843306985488334382e-01
-9.656931113265041500e-01
-1.609033276551942171e+00
-2.110766805409318714e+00
-1.811582367359284573e+00
-6.692939534174887628e-01
5.808703660662294377e-01
1.108524583248857720e+00
9.291516026157380370e-01
5.841859036630675517e-01
3.512898988545678503e-01
3.703363927161572589e-01
4.792715463683933086e-01
4.380980800829977206e-01
4.677844491618911582e-01
4.151059281746046215e-01
3.094059290466543571e-02
-1.935518720598043141e-01
-9.032973646288669500e-02
-4.028276309148660222e-02
-1.709430450801260049e-01
-3.131322582682327105e-01
-4.452952787885239294e-02
5.052057302791116422e-01
4.336722014979648154e-01
-6.316974854519201432e-02
-2.687379555511703808e-02
4.636834504039273885e-01
6.534719077804059806e-01
2.673556035808533626e-01
-1.812086641019670097e-01
-5.582286365795000593e-01
-9.497791813836740094e-01
-8.943159072625631589e-01
-5.940589084823650889e-01
-6.115158463922908405e-01
-3.604231709145226392e-01
3.291544904629278845e-01
3.196594524457405107e-01
-6.665105317213001479e-01
-1.750182642302247293e+00
-2.166691138214125179e+00
-1.855648938762575195e+00
-1.380951971212067253e+00
-1.051548184354890836e+00
-5.434156769149210975e-01
2.688527814696771157e-01
8.729866383534558016e-01
1.200710137571940894e+00
1.965663423543589472e+00
2.745005761888592577e+00
2.745005761888592577e+00
1.698804380283947424e+00
-3.958283676403571982e-02
-1.284611527596585701e+00
-1.946209890890250982e+00
-1.848337457246469695e+00
-8.302492486200628852e-01
3.732757220121771802e-01
7.134729245018109900e-01
2.698684319606940996e-01
-1.163261719788107190e-01
-4.081484831462641738e-01
-1.195096674707711637e+00
-2.062856580546064578e+00
-1.892346621962396558e+00
-7.493039299206216697e-01
3.616895932540377667e-01
9.751721196349297793e-01
1.123232771929067786e+00
9.715098073877411755e-01
8.299327430643209658e-01
9.774437584060189366e-01
1.328149950802096413e+00
1.316831411249592021e+00
7.338937599808760259e-01
1.713376287580010149e-01
4.549125114090809413e-02
2.207331332610785457e-01
6.053206561468775782e-01
9.236934362486505234e-01
8.295291372251577533e-01
5.439709893215778358e-01
4.209081170541429939e-01
5.201335044672638075e-01
5.062476077493711646e-01
-1.588461971848825205e-01
-1.356770974069192448e+00
-2.030136267950899409e+00
-1.473504076926770878e+00
-1.754141356717736373e-03
1.282390874096894562e+00
1.051956338342963093e+00
-4.780713574189152104e-01
-1.565882306997944173e+00
-1.701401806532001348e+00
-1.679685991712712267e+00
-1.386238189042914737e+00
-5.192272994449602663e-01
3.117250933093108078e-01
5.947202471766589449e-01
4.110611207543620749e-01
-5.251861059247264762e-02
-7.741703481036528167e-01
-1.413149024396589626e+00
-1.409868305341960726e+00
-9.031669211392997498e-01
-3.149652891594740267e-01
1.826308079707468224e-01
5.377137574194993386e-01
6.917993220018918699e-01
6.605801171275261785e-01
7.771282591629146141e-01
1.064309234989232467e+00
1.099644376776709231e+00
9.015744954711741865e-01
6.872897213669467709e-01
5.728586315639723203e-01
6.595715959269637940e-01
6.833303323863098022e-01
4.867731471273998856e-01
3.310032228589523395e-01
4.400339549342245915e-01
8.038439452139315433e-01
1.198909806801238265e+00
1.417674905875305980e+00
1.295263788272609240e+00
9.614456460309559471e-01
6.648997268900052049e-01
2.125939358447131722e-01
-4.729197871098766992e-01
-1.116312344464464701e+00
-1.749845291924533308e+00
-2.382641051609324379e+00
-2.034855115317164564e+00
1.274895256124324971e+00
1.451712146125138547e+00
7.806781050795094101e-01
3.805487590401465114e-01
6.825830375922944393e-01
1.144351127431814774e+00
1.099214020751547505e+00
6.860675597893171052e-01
4.949193777223563906e-01
7.023928765019661347e-01
1.072551274667603582e+00
1.199194872837443304e+00
8.389940204710628624e-01
1.495400339030907855e-01
-1.143630929019703868e-01
6.658207368641638757e-01
1.604446729527362114e+00
1.645827359497340936e+00
1.248677426756297226e+00
1.059686546638626270e+00
8.140716935954713795e-01
1.772641474341132284e-01
-1.715429015103100974e-01
4.904691967367666439e-01
1.417466549886520433e+00
1.658188482981957312e+00
1.519036784234882864e+00
1.562930641763857320e+00
1.426434606390286852e+00
7.075909061382348320e-01
4.010211478696291271e-02
1.201791966726801532e-02
2.061723434154148493e-01
2.550077652668509831e-01
2.675659814984302498e-01
4.781149910688704124e-02
-4.192566964894819947e-01
-4.899411554957006643e-01
1.426177997005412534e-01
1.118719550944650809e+00
1.798617537932256427e+00
1.524290750748233059e+00
2.541650195491506059e-01
-1.159630031878608136e+00
-1.825723199485507431e+00
-1.316739961061695441e+00
1.365339771103072364e-01
1.370790510131980833e+00
1.782954563961472561e+00
1.667117683438276821e+00
1.031673946483008697e+00
1.692435690407786963e-01
-3.893390980687380654e-01
-7.444798661355154223e-01
-1.160192755992050406e+00
-1.247974598507697763e+00
-6.783410336164247267e-01
2.481445540548011044e-02
3.074684584318720382e-01
1.248985623329604278e-01
-3.088980028683557255e-01
-5.841731990425405030e-01
-4.025035427524815690e-01
-1.776184483637451017e-01
-3.692199478906564303e-01
-4.464691204584468887e-01
2.244267371443077475e-01
1.244905448832516859e+00
1.740364627570413436e+00
1.454768960799365907e+00
1.018333078793296709e+00
9.104146061176023874e-01
5.317127544472584066e-01
-4.593855711070256032e-01
-1.334450103298656876e+00
-1.684280436092264965e+00
-1.739979065288311810e+00
-1.677710685783966760e+00
-1.408461625019252761e+00
-8.485260758908153012e-01
-1.793080689522357218e-01
3.265517809339105182e-01
6.024343816777680827e-01
8.071950824785140144e-01
9.926528679121463528e-01
9.738364720546273112e-01
6.863281963453040646e-01
1.464847668664986668e-01
-3.716316551600725715e-01
-5.421161678210970614e-01
-7.017606932408375631e-01
-9.066807025573040413e-01
-6.452532629705686196e-01
1.131858981186348832e-02
6.054061831772957758e-01
8.231802029663606302e-01
4.592612240972768212e-01
-9.001386405540320879e-02
-2.314703564311617612e-01
-1.481693085310881175e-01
-1.739408289632282389e-01
-2.211106318146330574e-01
-4.499293002981621936e-01
-1.156167198955609043e+00
-2.005217693547166835e+00
-2.476773625946898427e+00
-2.416310745893507139e+00
-1.809237121305306673e+00
-8.089818280842572262e-01
1.562236479143942480e-01
7.211740842685075981e-01
1.031872902413336623e+00
1.299871955709203775e+00
1.247078963171815769e+00
7.912910420306379367e-01
3.889076121808678344e-01
3.349248123292241086e-01
3.500593164233262722e-01
1.095004258838572775e-01
-1.479620886919850720e-01
1.290568234386401114e-01
8.469137862674379624e-01
1.194414657487423259e+00
7.673075153195919595e-01
1.577736041395965683e-01
-1.208084198376604551e-01
-5.514559829994424289e-01
-1.381609039815056672e+00
-1.728053684768957821e+00
-1.230824877807019213e+00
-7.742150879976568145e-01
-8.229280962403449085e-01
-1.104561744362695386e+00
-1.231508033131797575e+00
-8.036911774282393672e-01
1.825830677748926933e-01
1.030375926854602664e+00
1.088204829904311888e+00
4.431872636262117471e-01
-3.672632850020937645e-01
-9.715661735458321902e-01
-1.055929184903702245e+00
-2.751147534619592938e-01
8.130731148066012715e-01
1.083344517574857058e+00
7.448951552743079407e-01
6.670695462982592083e-01
7.501939323706662277e-01
7.759088193212311246e-01
6.382139051035613520e-01
1.601181545253569094e-01
-1.855885698501065217e-01
-7.881850251262541296e-02
5.157631503840241771e-02
5.968321997230422588e-02
6.654569635805149784e-03
-3.835927306273717585e-01
-8.541718353789340412e-01
-7.235135520165322243e-01
-1.001314178920263420e-01
2.601420421041765185e-01
-8.481511108105015129e-02
-6.197045989763100282e-01
-7.341341281799751428e-01
-5.278332600786433959e-01
-2.568041394225054064e-01
-4.876696776565479091e-02
8.816203535006866820e-02
1.873598693702342166e-01
4.281489059369388284e-01
1.139066041333340440e+00
1.957787107183129205e+00
2.181115914746404982e+00
1.924480539709974902e+00
1.423846176673626562e+00
6.530813362888852058e-01
-1.983714767538476698e-01
-7.710093525300292239e-01
-8.299827189279356254e-01
-7.894826993784004321e-01
-9.405850276029873447e-01
-1.029847925635809069e+00
-1.179158361735455074e+00
-1.292361802596324827e+00
-9.806859923574703375e-01
-6.469625758751991196e-01
-9.810876144657030284e-01
-1.814770699860712488e+00
-2.362669028041062713e+00
-2.205975283830690081e+00
-1.525382919170268803e+00
-9.209632922367293473e-01
-7.935502054467370447e-01
-9.288717722976732594e-01
-1.083372169482626379e+00
-1.298199129468988966e+00
-1.576026224001180420e+00
-1.720015508875524235e+00
-1.545545766536502885e+00
-9.888404428058402695e-01
