-9.907196839537024680e-01
-6.198157877895752454e-01
5.355759134596013160e-01
1.049886400578806223e+00
8.235141416626254873e-01
7.849236205351426410e-01
1.209434660680274165e+00
1.581519480135539446e+00
1.759124423504998980e+00
1.972098166235198402e+00
1.884548201214656826e+00
9.933285923888095503e-01
-3.507487722273214814e-01
-1.196588745768100370e+00
-1.011349597397276812e+00
-4.557325494715567249e-01
-6.348169678012818284e-01
-1.291551288313939061e+00
-1.308538130475921379e+00
-7.498235624131213140e-01
-5.484727567891283240e-01
-9.805701318080758400e-01
-1.626927399562744236e+00
-1.840155400643457284e+00
-1.279406673019517493e+00
-2.902354531418955275e-01
4.201993256905208196e-01
2.702727813221412756e-01
-2.941144010280681287e-01
-2.079016746630638623e-01
2.708018754501117509e-01
7.490162079116841412e-03
-6.774128803150561984e-01
-6.560308028105902300e-01
-3.042909052932387115e-01
-4.165885299123670005e-01
-7.865228018094134743e-01
-1.032056699728937543e+00
-9.855121494656781111e-01
-5.048047594294825524e-01
1.069021803407222693e-01
5.096993362527767191e-02
-5.831072325884882890e-01
-9.120800654507715821e-01
-6.223476337816388204e-01
6.833071102793594753e-02
5.689229429071424038e-01
6.312872293036508875e-01
5.783669511243550998e-01
4.661051219035719506e-01
6.091462937355790475e-01
1.324384954382832547e+00
1.988617400054087270e+00
2.003605757354400829e+00
1.679621410854761132e+00
1.378854583633580377e+00
9.003086383263939618e-01
2.784081051283495700e-01
-2.106910528620072887e-01
-4.917177569049978603e-01
-4.702823160392606838e-01
-1.785556149486361155e-01
1.117544209223612639e-01
2.809722119460135725e-01
4.985866380395811426e-01
7.169533044713882752e-01
4.147270383131464455e-01
-2.842324433162285446e-01
-2.228166561254686928e-01
8.762936394105272919e-01
1.760631167181638812e+00
1.531088939678110661e+00
7.841798038881667710e-01
5.412702041670028885e-01
1.015258629382418176e+00
1.371060456071889089e+00
7.539089421786890899e-01
-5.534529213208171372e-01
-1.286377763830662824e+00
-9.189942707716560744e-01
-3.702322747397730485e-01
-3.289531236195803454e-01
-5.385179463716952553e-01
-8.516526718188681677e-01
-1.273564488156879726e+00
-1.372314279140420368e+00
-1.074979331948555439e+00
-8.496600066518664729e-01
-7.044851891840876457e-01
-4.889923920975943195e-01
-4.952563319584155632e-01
-1.193382719419974425e+00
-2.439397693537769474e+00
-2.736627915796348454e+00
-2.353279454482203104e+00
-4.672490039723891098e-01
1.091833300104606996e+00
1.699862797409382287e+00
1.782857990825350791e+00
1.560583842111270547e+00
1.029820243290555437e+00
4.987890199186920670e-01
3.462495863178241540e-01
5.375930849069049389e-01
7.449901469742939986e-01
8.734567407424429497e-01
8.573624029727733298e-01
4.604242205412027444e-01
1.482758048442056331e-01
3.299941302590338466e-01
2.204245400007374400e-01
-4.803039930066327345e-01
-8.625124405044684028e-01
-4.062574733901016533e-01
4.005003352006174522e-01
1.064150301298239842e+00
1.543064879971748349e+00
1.537694549690847179e+00
4.412070736370722335e-01
-1.181445567707486877e+00
-1.643188217462911327e+00
-6.800832619727092965e-01
2.774162140754292682e-01
3.697253288997034426e-01
-1.637741842778443757e-01
-5.090745953330121365e-01
-7.595331253746196234e-03
7.484248090899050521e-01
9.628213942601904218e-01
7.716944209897013129e-01
3.389772897415245234e-01
-4.182063893287087941e-01
-1.235670310062241706e+00
-1.509745892135441636e+00
-1.008020807123502838e+00
-2.771884704418459688e-01
5.322494634672867431e-01
1.682173590851739453e+00
2.248938423817485877e+00
1.346946336733206628e+00
-4.351011110409458427e-02
-4.897232281665555576e-01
-1.393651799889878695e-01
-2.198167049470746079e-02
-5.197129939934873599e-01
-1.052392403520908459e+00
-9.295688642896946519e-01
-3.547925358296925014e-01
2.119386886207829668e-01
5.820839929592995787e-01
5.514395118178959665e-01
3.201001897708073973e-01
2.349948827880314339e-01
2.334120543490076916e-01
2.235729297073860145e-01
2.025947417270063389e-01
5.694184514979154510e-02
-1.003393548957510206e-01
-2.242561285054036069e-01
-4.943007554107612389e-01
-8.011073311320966450e-01
-1.114213298065053426e+00
-1.720857082448185693e+00
-2.382423896900829785e+00
-2.213943204969342826e+00
-1.188487387139848250e+00
-4.807602856079029596e-01
-2.628206267407549590e-01
2.143853183585765765e-01
6.435775622321977529e-01
5.837903345131686406e-01
5.397194732954156970e-01
7.429652556193950819e-01
9.023558080972813311e-01
9.651753810142702505e-01
7.039993563401976129e-01
-2.337624861999635650e-01
-1.319551067591744564e+00
-1.463099902271738140e+00
-7.768985317217250719e-01
-9.065469960095952351e-02
4.634024922723692930e-01
1.134073937788769415e+00
2.004242625665488386e+00
2.632479931353642666e+00
2.216277509748458829e+00
9.192530998447777657e-01
-1.272787623139382818e-01
-5.774845119422203910e-01
-7.882456150485318558e-01
-8.763014123164277747e-01
-8.331286803623400017e-01
-8.319241992577677269e-01
-9.584295660354195112e-01
-1.111026276995180639e+00
-9.683525359425730894e-01
-3.069947562070539648e-01
3.736116847845378230e-01
4.384279712910624238e-01
9.809113653715570424e-02
1.051638563574836538e-01
1.313713892117154558e-01
-2.470652983501002431e-01
-5.968751449154789945e-01
-5.938971441905763760e-01
-2.534855398737698717e-01
5.434079344680519119e-01
1.314108243981581881e+00
1.483187025257546754e+00
1.190355013394982064e+00
8.219753508581387758e-01
8.588829907759070181e-01
1.400909023746994997e+00
2.020030276315025741e+00
2.349682077876022124e+00
2.138519199005020965e+00
1.482904296535938915e+00
6.666398994842674952e-01
-1.539774054932358804e-01
-4.797062896494351802e-01
-2.180255674376686825e-02
6.517893190211928589e-01
1.047461594048317401e+00
8.402972452158390393e-01
-3.298963716128447965e-01
-1.842173080391948714e+00
-2.516458349169646613e+00
-2.102460111809223431e+00
-1.626503016780030286e+00
-1.736435159984906829e+00
-1.702463260324794003e+00
-9.453670359333965489e-01
-2.483028772376591475e-02
4.477326543153452021e-01
3.857754855991449849e-01
-2.123164241545706377e-01
-9.931302438617620743e-01
-1.107641089817847257e+00
-5.198601556559944159e-01
-2.974338848919256817e-01
-6.483354070310920481e-01
-7.577156034886365354e-01
-2.944808128841199246e-01
4.310143221284153947e-01
8.326703468190214119e-01
4.230214865103859578e-01
-5.379052388535680018e-01
-1.318326146332759574e+00
-1.580471121860022032e+00
-1.346230132320987094e+00
-6.148640677411462141e-01
4.860108418580691980e-01
1.150574233061435470e+00
7.927782832835756910e-01
1.497094439284099854e-01
-6.859359097711877074e-02
-5.808318693183938536e-02
-1.664568745617942269e-01
-3.735066933202339512e-01
-4.128938956918831171e-01
-3.005066327485489408e-01
-1.800776740050689662e-01
-3.430389171657130531e-02
1.058325729774902135e-01
2.264770148583672982e-01
6.423687497121288725e-01
1.488624888593191420e+00
1.892989885277472251e+00
1.177385085877875603e+00
5.873395648481102155e-02
-5.588724799508381080e-01
-5.043302688537327771e-01
-2.846451852319802911e-01
-1.972896059169750860e-01
1.714885766749360552e-01
5.329374709692387135e-01
2.204706796611524411e-01
-3.000436743976115928e-01
-3.225419787554283935e-01
8.229054471091454270e-02
4.967683193095272509e-01
7.028833199210092753e-01
7.844346549858958184e-01
5.820689923408625122e-01
-2.324383753102614580e-01
-1.180465937168421409e+00
-1.331700209498511311e+00
-7.092872086580845892e-01
-1.092750207993339329e-01
-9.389544817570472796e-03
-5.100347354720133897e-01
-1.311270507045729561e+00
-1.628820983675451917e+00
-1.151366889765029544e+00
-5.418644777677995572e-01
-2.875232777522857552e-01
-6.495761366230870526e-02
2.875315355789758720e-01
5.749444994188270819e-01
8.097448973263919880e-01
8.716975516395976120e-01
4.434237486839055498e-01
-2.362489472626133624e-01
-6.179985843404987023e-01
-4.647569770874026007e-01
1.944287478207093744e-01
8.337043255369218642e-01
9.121206393583338734e-01
6.861165263783319812e-01
2.415866953496993152e-01
-5.918002030027210703e-01
-1.240589236821359798e+00
-9.028076342099725649e-01
2.768791680168708469e-01
1.079807283139603502e+00
7.438632627051066093e-01
-1.422360434716403721e-01
-8.091521336996269076e-01
-1.068004162693325432e+00
-9.130626941086712467e-01
-4.298921994577731831e-01
-2.549512170515523812e-01
-9.013532878470109644e-01
-1.787579307751052227e+00
-1.916323240690192442e+00
-1.109432160378193144e+00
-9.111510814390287594e-02
4.439389224545325918e-01
4.455674011091766973e-01
4.120659527768429919e-01
5.485391423169116987e-01
3.779308282769586191e-01
-2.398596603952725115e-01
-6.761677434116016849e-01
-5.680448259811095024e-01
-3.636489242871548400e-01
-5.162638667240716517e-01
-8.400536156062400339e-01
-1.127573407078563461e+00
-1.239324404705251848e+00
-9.311592548017195714e-01
-3.594393249000429336e-01
1.080448264271735570e-02
8.270159256960629701e-02
-1.514416340886935892e-02
-1.375431570205231935e-01
-1.987091540093580133e-01
-5.486333981900638479e-01
-1.296841272695943070e+00
-1.757604851047924521e+00
-1.408482384028467704e+00
-5.364791427985560190e-01
5.043242118239671390e-01
1.575434920060289068e+00
2.364445714354835637e+00
2.450909827327922397e+00
1.630898317387884378e+00
5.765956734918117332e-01
2.945510926355070502e-01
4.227840018130693545e-01
1.534286467274211530e-01
-3.653583462046384733e-01
-8.813598009884210382e-01
-1.035827979073501881e+00
-5.821931585925029795e-01
-2.197890294294140290e-01
-3.544354654958805084e-01
-3.541714443114452604e-01
1.938732136316674848e-01
9.658689779379738827e-01
1.567922095445686947e+00
1.831758847433940574e+00
1.603024915113807847e+00
9.691709018787704188e-01
3.670641289893608050e-01
-8.630422280087547693e-02
-5.056520673927271670e-01
-5.408986132056196050e-01
2.637853648412519791e-01
1.299136069312162300e+00
1.625026493628245916e+00
1.602365338906240222e+00
1.924252657978641201e+00
2.389080870035487525e+00
2.544234491225816797e+00
2.266343593420574454e+00
1.601387237580454759e+00
8.845609844402705368e-01
5.382236538052372898e-01
5.190998579886041409e-01
4.154757363267428394e-01
-1.836516537019743101e-02
-6.591022635045138411e-01
-1.287724496192431456e+00
-1.696554426930291459e+00
-1.866148946560918231e+00
-1.707816661325031626e+00
-1.156336570148035481e+00
-6.831086069788149251e-01
-4.620818341490862680e-01
5.951495971607609903e-01
9.941503322651746855e-01
9.781058297891531694e-01
5.918194018844363802e-01
5.017081312698866702e-01
7.899641356457103303e-01
1.044504060711603399e+00
1.132787504659113598e+00
1.108974118550674737e+00
9.467760331982232325e-01
3.938118822904722593e-01
-6.489064558805500704e-01
-1.682741991989330277e+00
-1.976512765529710336e+00
-1.565398971800057826e+00
-1.104992838625243445e+00
-7.691073227341921337e-01
-5.829777358357505213e-01
-7.417729951141386335e-01
-1.165642634032455494e+00
-1.344213957830480588e+00
-7.087194850215242647e-01
2.480110163526262346e-01
5.241972655508959633e-01
9.364595300504775788e-02
-2.967675720681877682e-01
-3.204372586547182822e-01
-4.849586678928680672e-01
-8.303494642291543437e-01
-6.770084478367662806e-01
9.273496070365834509e-02
8.621027954365796386e-01
7.959936064807822120e-01
-1.141498772174175252e-01
-6.733780115226996044e-01
-2.750199643538756566e-01
3.390466591980183519e-01
7.053545011319088953e-01
1.212651614978324410e+00
1.946518281425245744e+00
2.323330727059785605e+00
2.061567791254967918e+00
1.628985788985864547e+00
1.264485471031158159e+00
5.632892792892475464e-01
-1.516839086089210586e-01
-2.369231747379612896e-01
-1.516130025081977584e-01
-2.736859422669273845e-01
-3.261272941446068940e-01
-2.705171366295196500e-01
-1.885262326433570224e-01
-4.678834303706251585e-02
7.770114288019827620e-02
8.793694704017077091e-02
7.509778721001587887e-02
3.065363713334216533e-01
5.844204653017788242e-01
4.552098226451767871e-01
2.212745846685682249e-01
5.483697472561263053e-01
1.217265999781484975e+00
1.518487309346591152e+00
1.298069490642292489e+00
6.515273457666630463e-01
-2.143474410917970141e-01
-5.136448628171044195e-01
1.745816435045063897e-01
1.029036249601451347e+00
1.249141253733931034e+00
8.730987924242031850e-01
4.775060242330027988e-02
-7.310611426339531649e-01
-5.676279423588392881e-01
4.232622270029139377e-01
9.369195574245816616e-01
3.820351283825537680e-01
-6.160735838255990693e-01
-1.378057371628244931e+00
-1.681431998283775542e+00
-1.733344856592260896e+00
-1.774284722468935760e+00
-1.594482365981012117e+00
-9.091959293757336802e-01
-4.538425436805644531e-02
5.201971349528171640e-01
6.726492786704871829e-01
4.172779443077976325e-01
-4.872546846845129398e-01
-1.951271265808893540e+00
-2.651224853999221587e+00
-1.449539436223256983e+00
7.955800655880524985e-01
2.326584142096612684e+00
2.563353746358900231e+00
2.186265771508290712e+00
1.747467531450026312e+00
1.082480800257187514e+00
2.002377627230130519e-01
-3.299023326271569578e-01
-1.830966725742780576e-01
4.547329498923755042e-01
1.090486990087842889e+00
1.209262797098160425e+00
7.947093964183835624e-01
4.366550176155234997e-01
6.544020387580503639e-01
1.226058864175668672e+00
1.496332007624166627e+00
1.291370038726192826e+00
9.897909731811197487e-01
7.355252628003279280e-01
5.568100608281025821e-01
6.508492880148579740e-01
6.152014119216933086e-01
-1.351419582462354101e-02
-4.936465398281235650e-01
-1.508431503730046919e-01
6.064280398524460880e-01
1.330270394375496323e+00
1.642944101113145816e+00
1.346864414345748440e+00
8.005730432656036344e-01
1.615134375261150501e-01
-6.664113904183015524e-01
-1.258077392952027918e+00
-1.175781906850607461e+00
-5.580493953529023221e-01
-5.641257140046103402e-02
-1.141745990916256809e-01
-1.441590457638971257e-01
3.514604226647656260e-01
1.110610466953825037e+00
1.789422027130542325e+00
2.077022460867076425e+00
2.023060898632200733e+00
1.762409586560907515e+00
1.034270892496333083e+00
-6.645532204610800353e-02
-1.161638268374035166e+00
-1.953858349913280668e+00
-2.062116658434147709e+00
-1.459094866420574510e+00
-8.759831631939107854e-01
-1.039505530694670554e+00
-1.560620104530641150e+00
-1.449333069207784375e+00
-5.708823503695009682e-01
1.623048196364640372e-01
1.355931233477485898e-01
-2.222194408192395554e-01
-3.599369660902561052e-01
-4.980981804483176067e-01
-9.006661107257118992e-01
-1.111817493443886473e+00
-7.756752638753442453e-01
-1.696317287182702305e-01
2.547743977264718129e-01
1.392263302542359471e-01
-5.560444694541850641e-01
-1.385301106990830755e+00
-1.446567585676510781e+00
-4.737756416891820144e-01
4.461467429222366055e-01
4.910792916194235413e-01
-9.916959258458030516e-03
-6.257466701971629019e-01
-9.487382172787619528e-01
-5.678657394375232759e-01
-1.344874760922183665e-01
-3.598984151483343163e-01
-9.021055084051793349e-01
-1.259352226764369975e+00
-1.224776584369867471e+00
-8.063769394729026763e-01
-1.698091714644624495e-01
3.257236787486619267e-01
6.076123899841159304e-01
8.116041804799507542e-01
5.884297029047620420e-01
-5.318856179434568870e-02
-3.950126396406088980e-01
-1.597830562676222366e-01
1.802989288484421471e-01
3.494909891705696992e-02
-6.452532774601416055e-01
-1.275471154780837280e+00
-1.352476388879338742e+00
-9.681496736554957572e-01
-4.690522862999035869e-01
-9.708886393188090325e-02
-5.286424811432990922e-02
-7.210110147809010162e-01
-1.685295113571400050e+00
-1.557258657748125552e+00
-5.948913894409409986e-01
-3.851385221519904034e-01
-8.578167201303971146e-01
-9.362948235027018784e-01
-4.607040248081898937e-01
8.295957893630142577e-01
1.263474790251426061e+00
1.655662493653678569e+00
2.133994227309640390e+00
2.282215889228137229e+00
2.183980994730612135e+00
2.284511659380394910e+00
2.342441017632306277e+00
2.132522886225808101e+00
2.174398096659470703e+00
2.652394141916500026e+00
2.721313912067686136e+00
1.989453898588285030e+00
8.237766074268175753e-01
1.160700686206433407e-01
-4.095538775394602649e-01
-1.333666139442263976e+00
-2.204049592930938939e+00
-2.044103974005546664e+00
-8.806589207775609163e-01
1.983331731801726561e-01
5.185195257464750851e-01
4.243369121959953971e-01
4.163739040816832881e-01
5.120903230977230658e-01
3.277286478732564512e-01
-1.344486041225077810e-01
-4.554643958987727448e-01
-5.615287559237585047e-01
-5.811149025885445907e-01
-6.238995348737320645e-01
-6.901702391774745537e-01
-3.713990262983987711e-01
4.227448800188721711e-01
1.104804566273630106e+00
1.177338348949033220e+00
5.952002947643532105e-01
-2.351975678182551821e-01
-7.302497326643114794e-01
-6.396867885299859502e-01
-2.815628088366421977e-01
-1.699352607097996404e-01
-3.498589658119255486e-01
-5.892328004036999634e-01
-8.223060288038539500e-01
-7.678161859788000809e-01
-3.205098810777320256e-02
8.619522885447160609e-01
8.449884800928848527e-01
1.727759359914267934e-01
1.507460200808923290e-01
7.785977327735670306e-01
1.095917962299779225e+00
9.361563949385024452e-01
7.720250687180865157e-01
8.544728258573355273e-01
9.554562560286743444e-01
7.590259843570796860e-01
4.357613755595070582e-01
4.930970828990984822e-01
1.031941936434073170e+00
1.690306768340794186e+00
1.895921427590204322e+00
1.382278430416398418e+00
5.550156189053840894e-01
-7.860104596695507984e-02
-3.592883937177701048e-01
-2.225585409754504695e-01
5.683741763576236755e-02
-1.438609622301399438e-01
-8.710718167789690547e-01
-1.558383313405025117e+00
-1.592511936989832844e+00
-9.686012001611343791e-01
-4.131692545182577003e-01
-1.312914110814288604e-01
4.514565600117423916e-01
1.038585159212717324e+00
7.530723382721050685e-01
2.556534969981128034e-03
-2.172320137305834009e-01
-2.236095773299884293e-02
-3.387581601172708762e-02
-2.384688256376198690e-01
-9.529462369206978534e-02
3.396196297292791155e-01
1.867620262228985029e-01
-6.502689115343602833e-01
-1.320223686100674643e+00
-1.535188077417895203e+00
-1.584435051608814149e+00
-1.528081322101409789e+00
-1.567504478296755543e+00
-1.929841343855664526e+00
-1.970644649627689704e+00
-9.358103978196652406e-01
5.859442865474135953e-01
1.320430242158510792e+00
8.162786628838917258e-01
-3.988509232018904727e-01
-1.354011137979360679e+00
-1.338296909615508179e+00
-7.183411003575336240e-01
-2.777505408560538291e-01
-1.140069285340385291e-01
-2.252581341106137669e-01
-6.520113789980916952e-01
-1.009212842544064737e+00
-1.199101299693325018e+00
-1.511818770324115491e+00
-1.828916333382231585e+00
-1.796922506544575970e+00
-1.387096839314542418e+00
-7.241750453699101753e-01
8.216543197128159393e-02
6.678979071407460388e-01
8.036470611773254280e-01
5.241611056853634487e-01
1.328741096490196061e-01
4.017951997881701737e-02
2.443426349221427540e-01
4.772701415877222964e-01
6.928590293852150417e-01
9.494522958112620037e-01
8.654044730548980935e-01
1.352521493213452441e-01
-8.743935787628194234e-01
-1.299642962091685394e+00
-8.675906183311613562e-01
-4.133706770879616021e-01
-3.178070578009764002e-01
-3.486000097756269955e-02
4.903708019363909321e-01
5.307897964699642701e-01
-1.741106481134511164e-01
-6.893341597964072198e-01
-1.294333015608667148e-01
9.828988383997906420e-01
1.383524923921561456e+00
5.745253239323832029e-01
-7.461478798199951967e-01
-1.492654448234140174e+00
-1.268083315403740752e+00
-6.082739063742875762e-01
1.624852342778613234e-01
1.083474731855063489e+00
1.946473730643848654e+00
2.368716943364229000e+00
1.877092196280581771e+00
6.422309261561250926e-01
-5.530674089887983591e-01
-1.101530028574657205e+00
-9.486281299979189008e-01
-6.505777764910685157e-01
-5.700807457398956446e-01
-4.375155576811943781e-01
6.764265640850850025e-02
7.514007746372899366e-01
1.003302720782151880e+00
5.348833768244612985e-01
-1.131004375684921959e-01
-4.254512494254272803e-01
-4.725763921053169336e-01
-3.241208651546751973e-01
-3.706508594589268124e-02
3.130143236695492881e-01
5.870096191636797744e-01
3.559012918256942437e-01
-1.727625556915735328e-01
-2.178371889623718083e-01
2.492366338017113214e-01
6.069746689351183111e-01
2.315726182033881475e-01
-7.263396799313641683e-01
-1.236465059055844584e+00
-1.120717460100056684e+00
-1.099221701915105598e+00
-9.614681729315120995e-01
-3.020159225600518305e-01
4.152285709996406671e-01
8.945226448423997390e-01
1.086941418160954687e+00
6.390954937654513834e-01
-2.209179087339957215e-01
-7.596627893472387427e-01
-8.034659593117102760e-01
-7.439769260670313633e-01
-8.780271645394979174e-01
-8.927591792410268789e-01
-6.444927496980352721e-01
-5.234039207607915634e-01
-5.102070963280793681e-01
-5.378038143561809648e-01
-7.665321387324208757e-01
-8.321832833122566608e-01
-4.322072714783578573e-01
-1.174527461751091462e-01
-3.358610570746881074e-01
-6.224112810888881020e-01
-4.761705431669210342e-01
-5.230022655269817022e-01
-2.767156235446516233e-01
3.055587475755919269e-01
2.836237459202505806e-01
4.229472495509883218e-02
4.058520021616762175e-01
8.957926674326893712e-01
8.705069858774334701e-01
5.775233763144764776e-01
1.710537688155262803e-01
-1.793260224988132701e-01
6.150064585229435971e-02
5.920347086135399062e-01
7.751619558287606848e-01
6.172701475965846063e-01
2.854384127414800187e-01
-9.301317349735800655e-02
-3.931322145090143105e-01
-3.122919035776184349e-01
1.599078487753314570e-01
5.072619238360024374e-01
4.804346623977898134e-01
2.561295619901793885e-01
9.344332555167153553e-02
3.063142115156239353e-01
7.727123931628013809e-01
9.152096987008724316e-01
6.385537206230396112e-01
6.684230556316782534e-01
1.240661280259154564e+00
1.583846875924692865e+00
1.299954549801069392e+00
6.595821357507346550e-01
6.288867578678852821e-02
-2.474440002665946881e-01
-4.639861774230749081e-01
-8.148245129207123405e-01
-1.286316795704592897e+00
-1.535693458134808287e+00
-1.076315383632191702e+00
-1.765480523917246436e-04
1.004576059584727510e+00
1.251430776127392175e+00
5.145410678097235291e-01
-7.522691019724550010e-01
-1.645509537097218145e+00
-1.634007810890406809e+00
-9.204655195227469111e-01
-7.741750364735995593e-02
2.692129341056672120e-01
-5.196718377379505593e-02
-4.438352363860189609e-01
-2.950059398253965792e-01
1.531697175918310949e-01
4.636792439993870918e-01
3.949201205039979401e-01
-2.590258230228638103e-01
-9.307219281102004915e-01
-9.675623434464030170e-01
-6.514657811164124013e-01
-4.668933736269469947e-01
-7.433096628440661879e-01
-1.337067123194425999e+00
-1.464669563295833310e+00
-8.936286331682032902e-01
-3.289980274697748563e-01
-7.546640131102792803e-02
4.824086781937568236e-01
1.418486756705130247e+00
2.083411460754426514e+00
2.397314559317922811e+00
2.242647471202437792e+00
1.304125991873592794e+00
-5.935903788726862307e-02
-1.319856903478510812e+00
-2.127177981497713422e+00
-1.995827431798541163e+00
-8.674235329305970410e-01
2.323845750922315656e-01
6.079324251216223773e-01
6.833521287638139041e-01
4.620393036693739575e-01
-1.225457514963687461e-01
-4.852901524332784433e-01
-6.387329880048125963e-01
-8.547500191659106461e-01
-9.496336221778034492e-01
-9.881539964212776583e-01
-1.033843838454217678e+00
-7.839809504809582830e-01
-1.216443347446697909e-01
5.798473160610575494e-01
1.041487500132728838e+00
1.399414436962469255e+00
1.708987654441250781e+00
1.847247844160795571e+00
1.849982816257505380e+00
1.743582676326157488e+00
1.222480023624695544e+00
1.861457839488452892e-01
-6.064190542766847436e-01
-3.847499976711376002e-01
5.083291215651118966e-01
1.202779562217624054e+00
1.213647025394046119e+00
7.487796264245378808e-01
2.412799688971544176e-01
-2.010558082344935382e-01
-6.481674305343996245e-01
-8.867775174262224613e-01
-5.981816496535415917e-01
-7.295946642891076861e-02
1.149423205656985719e-01
-3.466910314268214360e-02
6.733066657809831657e-02
5.614683665649268240e-01
7.351833053223869596e-01
1.218282758954123274e-01
-8.908949020844386668e-01
-1.489235517339991155e+00
-1.323965721109839455e+00
-9.529172546261742704e-01
-6.986130291456104091e-01
-2.381900947580490036e-01
5.430757569386146510e-01
1.244066986976336331e+00
1.545904451319569661e+00
1.688949849508111889e+00
1.643180848860906096e+00
8.696885460540848545e-01
-1.081859309185129181e-01
8.085044698584407659e-05
5.934806345746730383e-01
4.760342731616276635e-02
-1.357600914397236735e+00
-2.007676050532632761e+00
-1.294525351617336284e+00
-1.026562174858469678e-01
7.366622311932294886e-01
1.150990411377764921e+00
1.340412718943950976e+00
1.196188699210724904e+00
5.382460702331350877e-01
-1.677202950679430593e-01
-5.663416821681458435e-01
-5.973553794839160380e-01
-5.508782752772443253e-02
6.915129949329759107e-01
7.817284869024514471e-01
1.737114587660440190e-01
-4.201235058013302881e-01
-5.838589517628417491e-01
-5.008404047374276358e-01
-5.970787339341517841e-01
-7.614178668782329851e-01
-7.016277023107945210e-01
-6.558315631451411276e-01
-8.448928675209012029e-01
-1.203238840158098455e+00
-1.558159979973822162e+00
-1.609670512992675606e+00
-1.110606662122317623e+00
-1.908137426501286815e-01
5.232275524257459232e-01
5.506533481193685020e-01
1.351299726553557012e-01
-4.849992631915964192e-01
-1.172434405657317047e+00
-1.586429600243660865e+00
-1.834066807676958399e+00
-2.134271656935690764e+00
-2.337104743125480777e+00
-2.314688781712051835e+00
-2.059836035391664488e+00
-1.658446828505635295e+00
-1.382698944482616543e+00
-1.379596740840169034e+00
-1.497057752066512704e+00
-1.411881730564917836e+00
-7.037514476212286541e-01
3.415673547648045427e-01
8.056995196470494447e-01
7.701309755554588410e-01
9.336449341825687753e-01
1.240368939445751773e+00
1.283631616669123288e+00
9.447748707004340885e-01
7.564820712747866160e-01
1.059819424337816063e+00
1.423546699660596992e+00
1.478933536898976664e+00
1.104061134745462081e+00
5.425555883502779508e-01
4.035857243839703346e-01
8.685724376387382595e-01
1.444862665783772204e+00
1.459468495983301972e+00
6.463608488585715905e-01
-2.466345306959891737e-01
-3.761235944749091731e-01
8.611905687442489299e-02
3.823339811731887861e-01
5.804770708929202216e-01
-4.098869165101511752e-02
-1.292978166267679141e+00
-1.854367656923106455e+00
-1.015377674584640344e+00
2.207701651995934433e-01
5.732089681129652892e-01
-1.200664959025718043e-01
-1.150395178475081215e+00
-1.864623844362330640e+00
-2.106725523430900804e+00
-1.769773382138729811e+00
-1.145536534699329589e+00
-8.350994948801119255e-01
-8.349187356983035491e-01
-1.011068404542246668e+00
-1.353618290372043509e+00
-1.447228616634268050e+00
-9.964697385801614127e-01
-2.993553407390978083e-01
3.119139420553542763e-01
7.174761775896909555e-01
6.838450600597704154e-01
2.076229140832926701e-01
-5.979048007186153063e-02
1.740151254226949551e-01
4.706155522125465840e-01
5.509028509350060165e-01
4.516781493867317310e-01
4.910197731357073270e-01
6.377746354060473966e-01
5.520018638991861515e-01
4.446032790560025538e-01
5.226577918977308723e-01
4.584832059924134340e-01
-1.038743142744784492e-01
-1.046307623294910893e+00
-1.734343715399192298e+00
-1.514479927605949960e+00
-5.408211790849943856e-01
1.888785386102810882e-01
1.372820894656420210e-01
-2.104812109094797434e-01
-3.789825226115495216e-01
-5.606892715250361148e-01
-6.231826878490820398e-01
-2.710454888487484268e-02
9.107101469298369834e-01
1.518308473142875314e+00
1.498666523626984493e+00
9.852019947451764459e-01
6.307559682413405033e-01
8.195353216172006627e-01
1.007291122335134403e+00
7.410288884619053995e-01
5.740827699627418790e-01
9.171968383054679430e-01
1.165401438278293123e+00
8.332902894811116123e-01
1.847284942778955885e-01
-1.190435925645883380e-01
1.625980129180673583e-01
5.275798174000153606e-01
6.843306985488334382e-01
9.656931113265041500e-01
1.609033276551942171e+00
2.110766805409318714e+00
1.811582367359284573e+00
6.692939534174887628e-01
-5.808703660662294377e-01
-1.108524583248857720e+00
-9.291516026157380370e-01
-5.841859036630675517e-01
-3.512898988545678503e-01
-3.703363927161572589e-01
-4.792715463683933086e-01
-4.380980800829977206e-01
-4.677844491618911582e-01
-4.151059281746046215e-01
-3.094059290466543571e-02
1.935518720598043141e-01
9.032973646288669500e-02
4.028276309148660222e-02
1.709430450801260049e-01
3.131322582682327105e-01
4.452952787885239294e-02
-5.052057302791116422e-01
-4.336722014979648154e-01
6.316974854519201432e-02
2.687379555511703808e-02
-4.636834504039273885e-01
-6.534719077804059806e-01
-2.673556035808533626e-01
1.812086641019670097e-01
5.582286365795000593e-01
9.497791813836740094e-01
8.943159072625631589e-01
5.940589084823650889e-01
6.115158463922908405e-01
3.604231709145226392e-01
-3.291544904629278845e-01
-3.196594524457405107e-01
6.665105317213001479e-01
1.750182642302247293e+00
2.166691138214125179e+00
1.855648938762575195e+00
1.380951971212067253e+00
1.051548184354890836e+00
5.434156769149210975e-01
-2.688527814696771157e-01
-8.729866383534558016e-01
-1.200710137571940894e+00
-1.965663423543589472e+00
-2.745005761888592577e+00
-2.745005761888592577e+00
-1.698804380283947424e+00
3.958283676403571982e-02
1.284611527596585701e+00
1.946209890890250982e+00
1.848337457246469695e+00
8.302492486200628852e-01
-3.732757220121771802e-01
-7.134729245018109900e-01
-2.698684319606940996e-01
1.163261719788107190e-01
4.081484831462641738e-01
1.195096674707711637e+00
2.062856580546064578e+00
1.892346621962396558e+00
7.493039299206216697e-01
-3.616895932540377667e-01
-9.751721196349297793e-01
-1.123232771929067786e+00
-9.715098073877411755e-01
-8.299327430643209658e-01
-9.774437584060189366e-01
-1.328149950802096413e+00
-1.316831411249592021e+00
-7.338937599808760259e-01
-1.713376287580010149e-01
-4.549125114090809413e-02
-2.207331332610785457e-01
-6.053206561468775782e-01
-9.236934362486505234e-01
-8.295291372251577533e-01
-5.439709893215778358e-01
-4.209081170541429939e-01
-5.201335044672638075e-01
-5.062476077493711646e-01
1.588461971848825205e-01
1.356770974069192448e+00
2.030136267950899409e+00
1.473504076926770878e+00
1.754141356717736373e-03
-1.282390874096894562e+00
-1.051956338342963093e+00
4.780713574189152104e-01
1.565882306997944173e+00
1.701401806532001348e+00
1.679685991712712267e+00
1.386238189042914737e+00
5.192272994449602663e-01
-3.117250933093108078e-01
-5.947202471766589449e-01
-4.110611207543620749e-01
5.251861059247264762e-02
7.741703481036528167e-01
1.413149024396589626e+00
1.409868305341960726e+00
9.031669211392997498e-01
3.149652891594740267e-01
-1.826308079707468224e-01
-5.377137574194993386e-01
-6.917993220018918699e-01
-6.605801171275261785e-01
-7.771282591629146141e-01
-1.064309234989232467e+00
-1.099644376776709231e+00
-9.015744954711741865e-01
-6.872897213669467709e-01
-5.728586315639723203e-01
-6.595715959269637940e-01
-6.833303323863098022e-01
-4.867731471273998856e-01
-3.310032228589523395e-01
-4.400339549342245915e-01
-8.038439452139315433e-01
-1.198909806801238265e+00
-1.417674905875305980e+00
-1.295263788272609240e+00
-9.614456460309559471e-01
-6.648997268900052049e-01
-2.125939358447131722e-01
4.729197871098766992e-01
1.116312344464464701e+00
1.749845291924533308e+00
2.382641051609324379e+00
2.034855115317164564e+00
-3.078496824871213011e-01
-7.529956611021962898e-01
-1.391001403737915476e+00
-1.716177393249082250e+00
-1.320628445932432671e+00
-2.326363714217700995e-01
7.009498976783830049e-01
4.047418141791068735e-01
-7.067523973442914054e-01
-1.055310054086903815e+00
-4.132992563273003850e-02
1.324461844953989331e+00
2.006268841395135727e+00
1.913890436237117187e+00
1.327702446897267130e+00
7.544839114563264282e-01
5.993375589177849516e-01
5.921433719234288073e-01
3.596989850401903221e-01
6.262719358175709850e-02
-3.050364253115493973e-01
-1.060326999789244384e+00
-1.625108632064731440e+00
-1.112846711842940373e+00
-5.314777667878217704e-02
6.995495935693879508e-01
1.050360819102990728e+00
7.431975887909789691e-01
-3.035453576554680843e-01
-1.127927503361729977e+00
-8.879106190046106573e-01
1.451324756985171958e-03
3.541885251678045243e-01
-4.835122769708934398e-01
-1.865118366310001718e+00
-2.734495400821550071e+00
-2.734495400821550071e+00
-2.453049049862252140e+00
-1.202372140905949793e+00
1.064879458626271647e-01
5.817801991192735889e-01
3.511719411680025438e-01
1.759524479841873545e-01
5.131976556035275361e-02
-2.651689135159170929e-01
-3.375962360259984196e-01
1.763891206530795175e-01
8.943199907979629826e-01
1.517513538465131040e+00
1.874057252623028136e+00
1.657864562310106482e+00
8.965440880273126689e-01
1.117150915910255504e-01
-1.864457695646519753e-01
-1.631126018560497826e-01
1.137877224330127307e-01
6.859375314308217009e-01
1.031725222465833092e+00
8.357134902140815891e-01
4.794630691669115596e-01
3.994251987831234363e-01
5.133852971123836761e-01
4.663671280327389979e-01
3.136588297929666092e-01
4.575785932513280474e-01
9.607108767317448228e-01
1.420414056221192878e+00
1.473631819349218830e+00
1.148958342739813787e+00
8.858203975555866139e-01
1.151389422961168085e+00
2.031634478464756199e+00
2.595275870797732587e+00
1.870480913522011068e+00
7.429869325000953983e-01
3.445065445631159129e-01
2.404958726034011618e-01
3.047503479373072071e-03
8.043401597977610507e-03
3.934986244282286383e-01
7.490036980946159773e-01
8.163143037643545430e-01
7.181893539541892579e-01
3.177723533772033315e-01
-2.275007056331273814e-01
-2.400955554797807312e-01
9.665460570238726401e-02
3.342364108558635305e-01
6.970329738833128674e-01
1.011717139406194566e+00
7.303888444214381437e-01
-1.226028243766667664e-01
-1.155952729516154465e+00
-1.961736650529898540e+00
-2.095466699310648551e+00
-1.474163119471643135e+00
-5.424740008056327945e-01
2.222051176381895088e-02
-1.309293202393810862e-01
-6.606503297976866751e-01
-9.703211085561497251e-01
-9.376986330325909336e-01
-8.653822657971207422e-01
-9.215400796288201191e-01
-1.081088712871842272e+00
-9.402300237666740834e-01
-2.805592616105636039e-01
7.625461987499852767e-02
-4.070893029735720425e-01
-6.094535402765184351e-01
1.729407802838254238e-01
7.801950498688687841e-01
5.383252400103643032e-01
2.785857718731094002e-01
6.083482267623968598e-01
1.128141311946385006e+00
1.031638124003968482e+00
6.697318201022584017e-02
-1.064250714253299757e+00
-1.743620990760952338e+00
-1.925016258349678600e+00
-1.694958095845143120e+00
-1.313354998872011681e+00
-1.236053555932416170e+00
-1.193483020946523698e+00
-4.462308924958476308e-01
6.294704293505551940e-01
1.305703305099092937e+00
1.524312383754234057e+00
1.094539404155879581e+00
-1.298569117547136442e-01
-1.469985659055692118e+00
-2.218471111683440355e+00
-2.217307101217656840e+00
-1.494312803121834010e+00
-4.602964550694655932e-01
2.165755124952825350e-01
6.509804419445329726e-01
1.168991357374101536e+00
1.354124682822416270e+00
6.664950919527438122e-01
-5.546156441061889097e-01
-1.155156123107183630e+00
-7.066920691087589246e-01
2.796651230513000005e-02
2.068109407875210748e-01
4.880395357255345318e-02
4.104828185877604230e-01
1.096460648207298938e+00
1.239026709550296035e+00
8.911030536421649106e-01
7.258876038941219910e-01
6.394243000912573915e-01
-3.895492876674129523e-02
-8.945616719657274452e-01
-9.848446075996837301e-01
-6.388439290818370697e-01
-6.368232950492245248e-01
-8.156200113109994820e-01
-7.132168981614647185e-01
-3.323726961887289444e-01
-3.261819646493561986e-02
-2.458021064917102066e-02
-2.378926281548960839e-02
5.491980899276001360e-02
-2.730989906094609121e-01
-7.852718538074769938e-01
-9.342261223397843040e-01
-1.064239996903917573e+00
-1.258655966093229717e+00
-1.123217173293586946e+00
-7.293960450189777012e-01
-2.586713556828521554e-01
3.225700057760143014e-01
9.050389986728024638e-01
1.136367569019255841e+00
8.111820991014506710e-01
2.126634126722112272e-01
-2.369044150344535582e-01
-3.923941364120254738e-01
-3.512732497009067867e-01
-5.309278884765402662e-01
-1.092237818345988876e+00
-1.380469146101650724e+00
-9.939388754113427371e-01
-4.370718219550918660e-01
-8.320292244412791360e-02
1.724833789204309464e-01
4.171038544390087144e-01
7.673573244327235310e-01
1.142410262486172945e+00
1.175737715619358692e+00
6.709564381538999367e-01
3.545747682199861667e-02
2.158875142722315732e-01
1.209946925863278455e+00
1.860492483500804983e+00
1.698688469494244346e+00
1.055946536322075691e+00
3.405091083844933308e-01
-4.721636778049834171e-02
-3.164125104311904524e-01
-2.147332024511670323e-01
5.643490511104608531e-01
1.334570806437085144e+00
1.656510907893059104e+00
1.866085921388868973e+00
2.377218367033474333e+00
2.519797977976697023e+00
1.420544987041900908e+00
-1.303986132190425862e-01
-1.066681792184101640e+00
-1.350954365032153159e+00
-1.100289569914354226e+00
-4.677418364289839259e-01
1.176437089086545124e-01
3.582952986900486136e-01
5.146063645195415592e-01
8.613012733187955794e-01
1.213741315563948042e+00
1.090600120862937450e+00
5.557002373906707454e-02
-1.173996110662619108e+00
-1.269503244404054598e+00
-3.571572228776215274e-01
4.620411553480692213e-01
7.655457048294658229e-01
6.677613756588965943e-01
1.557948414764176448e-01
-5.143187620993004971e-01
-8.573234910421175803e-01
-1.170942368719434912e+00
-1.599050697534063481e+00
-1.428118946076916140e+00
-8.519536539832470723e-01
-6.410188832885571619e-01
-7.721832117623292913e-01
-1.185707655657822768e+00
-1.831036972241685490e+00
-2.219360111551056836e+00
-1.952379915693586154e+00
-1.003880978366256782e+00
2.307557768393289979e-02
5.539778012625605763e-01
1.006288270536438434e+00
1.731676839183848848e+00
2.128876930364750564e+00
1.681295818996860980e+00
1.014942387805488178e+00
9.716533537114009356e-01
1.312076679141719104e+00
1.179743062540008491e+00
4.227909665351977098e-01
-1.916711028866255051e-01
-1.113846363405228586e-02
5.318447778476742549e-01
3.948431403473147139e-01
-3.159156260671541760e-01
-6.432763142600020911e-01
-6.165499295501671861e-01
-6.519225571599127633e-01
-6.992017960394234510e-01
-7.336128272175920229e-01
-6.690777033311080535e-01
-3.323620268277472922e-01
1.302233972653085714e-01
4.223471477702196442e-01
6.064798527121787464e-01
1.025526194152939219e+00
1.546715804545080841e+00
1.581849413736840182e+00
8.471699342239050745e-01
3.641642688157235158e-02
9.810950096478399107e-02
7.561311525895317853e-01
1.117385506398887340e+00
1.074751936008640385e+00
7.609135318268908099e-01
-8.549747707272851993e-02
-9.460895868143887055e-01
-9.195874031166739737e-01
-2.924954960249631086e-01
1.562578091318205242e-01
4.288988631875608609e-02
-4.529951307436629881e-01
-6.725978579690637948e-01
-1.184866731589838962e-01
8.868877618382057237e-01
1.332501675014588827e+00
9.428188545598648052e-01
4.312659133220163032e-01
1.203374306673290900e-01
-4.894383767501048199e-01
-1.302061618284618527e+00
-1.300360123201208751e+00
-3.836845960300971914e-01
4.014586792290246731e-01
7.921598070810803582e-01
1.171059234849282982e+00
1.277375402323999598e+00
8.798163536872321000e-01
4.093664332078994494e-01
3.808411542936231964e-01
6.784840680530018764e-01
7.456915771640020285e-01
3.560580615851708375e-01
-3.092316625749579884e-01
-9.650253303679345862e-01
-1.550262233119982680e+00
-1.915183359208132874e+00
-1.723023327139598937e+00
-1.317614993189162531e+00
-1.339347993506840639e+00
-1.712243724938549372e+00
-1.773052574273706883e+00
-1.087366022937131360e+00
-6.108812224005551184e-02
5.724915873566179814e-01
5.092676071283241956e-01
-9.160352374168977130e-02
-7.259800871819491741e-01
-8.108307077490524151e-01
-2.282493225614756482e-01
4.506395808824248950e-01
4.798494181901387656e-01
-7.587303508861618917e-02
-3.659150000105413358e-01
1.759973749337923055e-02
6.127630701498537613e-01
7.893852580416926834e-01
4.402133881118026060e-01
1.854574690518751845e-01
5.877495674253955249e-01
1.633946309953527409e+00
2.554726191544546499e+00
2.571074599061264010e+00
1.691512159738845389e+00
3.117233273746318756e-01
-7.342988619540429251e-01
-7.055602226062819282e-01
3.439385330584632944e-02
8.643726824218213034e-01
1.675403218628779278e+00
2.177233042366188531e+00
1.857495781593276218e+00
8.162388344818390928e-01
6.476227218008376307e-03
-8.104100555558912955e-02
1.118410231001259192e-01
1.184462843154136941e-01
-1.772976593396026479e-01
-7.387553596743923201e-01
-1.593716042072150563e+00
-2.355569931511338755e+00
-2.387292012210552983e+00
-1.676162544909094665e+00
-7.121906656618773868e-01
3.206648602853032996e-03
2.510691746778977995e-01
7.781553087695319837e-02
-2.946997370819145479e-01
-5.479746608407223274e-01
-6.694417733761439671e-01
-8.474866617994265550e-01
-1.116423504654100007e+00
-1.422022016901031805e+00
-1.512856189670424234e+00
-1.061808028818362892e+00
-4.322147583159695605e-01
-3.063183332709538687e-01
-4.646169797685386071e-01
-1.816590091880272151e-01
4.452421211453981842e-01
5.963736137553606875e-01
8.914294438022170308e-02
-4.360321755624514961e-01
-8.090233105467229402e-01
-1.187726390205747995e+00
-1.226734520809166007e+00
-8.613233224026470847e-01
-3.256808068967614322e-01
2.573483719547661197e-01
3.215058983342413135e-01
-2.402045670992086490e-01
-6.841809338643145555e-01
-6.786918794230519802e-01
-5.528122374022024221e-01
-5.418437353947120894e-01
-5.387845309480236988e-01
-5.086421387326234278e-01
-3.234063272038614767e-01
1.525897356765750223e-01
6.173398998317166653e-01
6.541864002298979353e-01
4.729508672180621209e-01
6.398543070764840524e-01
9.039467323415079081e-01
7.456057697243210214e-01
5.719849592624055568e-01
5.019491218613095773e-01
