-4.753997742858481756e-01
-3.908901466293215887e-01
2.483408742982999573e-02
6.384964236949112193e-01
1.059655030471056358e+00
5.360088282238169022e-01
-6.063658056060622359e-01
-1.129598117314992489e+00
-7.777718946547206302e-01
-2.887259744169921594e-01
1.197806773423136378e-01
6.562113946062618774e-01
7.518690585452371122e-01
-2.734538404530635902e-01
-1.853117170656294332e+00
-2.628201866588630864e+00
-2.012827375610708014e+00
-8.312797004594543182e-01
-1.678352705591482641e-01
-1.994320472077552309e-01
-2.082562654078339293e-01
1.776018171894561473e-02
-6.487338568623271517e-02
-2.916995866999382292e-01
-2.754925119195264505e-02
5.585654340289197828e-01
7.075825731487799253e-01
2.475631112308138149e-01
-1.072849802497810173e-01
7.363867666370668696e-02
3.309573850475978629e-01
2.215694566014165812e-01
-8.074444590977529479e-02
-2.825827069105155687e-01
-4.742483419966437297e-01
-7.111470047088761515e-01
-7.216332293975120660e-01
-3.878567120776641453e-01
-1.172665429683824451e-02
7.358147814817177224e-02
-9.782474066760256382e-02
-1.917940772938876437e-01
-1.431575662027565754e-01
-5.047853168020974834e-01
-1.524005454914265201e+00
-2.389290787168880215e+00
-2.224561978468172718e+00
-1.210836807361699519e+00
-2.273740321947350096e-01
1.502572093344176907e-01
4.993587795489200232e-02
-1.777035215185749362e-01
-3.370144305107614646e-01
-3.744484065233208425e-01
-2.002289870837458963e-01
4.015926872504924083e-01
1.339945594744060164e+00
2.098384549573095725e+00
2.049171177902882501e+00
1.293518281252651114e+00
9.602461497103383925e-01
1.690574503729971312e+00
2.492500202816370081e+00
2.239755965295816775e+00
1.358775661587614092e+00
9.074453276384816247e-01
7.314991547418533413e-01
2.623691422867089895e-01
-6.297614201365370201e-02
4.638003717523403457e-02
2.230538276909528606e-01
5.947045728024462352e-02
-5.110894144222644098e-01
-1.013552377860708731e+00
-9.821998913148539678e-01
-4.619031203165127053e-01
-4.542098017790974912e-02
-2.373956980979600451e-01
-6.588815520664850212e-01
-8.630770629208308620e-01
-9.383136508246574525e-01
-8.953976891366253188e-01
-8.974462595952847899e-01
-1.088453734190428568e+00
-9.552328980185579299e-01
-4.464178788661276043e-01
-4.683917368511537060e-01
-1.326592496442552394e+00
-2.009555432819673637e+00
-1.755168662465252938e+00
-1.061663798295135575e+00
-4.598850190281300043e-01
8.229511244078256682e-02
3.358935414929924423e-01
1.572502900617158417e-01
1.605093505529963382e-01
5.190022493128110259e-01
3.437590964805913307e-01
-4.966475506755586022e-01
-1.006979948268992953e+00
-8.353553267162758811e-01
-4.351948996767022737e-01
-3.892936046268820061e-01
-9.484810547436638428e-01
-1.583650295369766869e+00
-1.476507649223022911e+00
-6.740509234325009480e-01
2.900960381748295819e-02
4.620985312164238579e-01
8.018582787539852985e-01
5.378546262711144665e-01
-2.577038360235328063e-01
-6.596230037356960452e-01
-5.972618892373148247e-01
-3.559556372421907589e-01
-3.910419574528473802e-02
-4.039321514978887195e-02
-1.437435736663608132e-01
2.279399381903572663e-01
4.987928320009748506e-01
1.907482872796196771e-01
-4.646462225763371701e-02
-3.010447507922105279e-03
1.075363159405958238e-02
1.189928294808081932e-01
5.935581825656897070e-01
1.198349002378689354e+00
1.328148223377159542e+00
7.140653339562528235e-01
-1.760279129858728364e-01
-4.061851212783363918e-01
2.961199659202947143e-01
9.148110981479624648e-01
3.951032659590651974e-01
-9.890763632148712459e-01
-2.298284456561419109e+00
-2.719846482408990074e+00
-2.004319235856009129e+00
-6.026641622528028375e-01
3.784514279273987758e-01
8.274120288414316127e-01
1.439188494454010536e+00
2.018777498629376055e+00
2.037488368845916220e+00
1.569373573023208124e+00
8.671223391970580563e-01
6.270500484341172687e-01
1.060848011822984605e+00
1.146220266087576212e+00
5.459612444617041316e-01
1.290987131849369134e-02
-9.303532682840441603e-02
1.748822608129572131e-01
5.260471889175561966e-01
4.417170402172103105e-01
-8.895388761979247660e-02
-7.663964733433212828e-01
-1.410296551843639667e+00
-1.712180851875001464e+00
-1.693932314289456675e+00
-1.665835964025634386e+00
-1.410027485705510619e+00
-5.949916338316085795e-01
5.607816149875912703e-01
1.520318614156940473e+00
2.049142367834657197e+00
2.110699649122896648e+00
1.588516772881591876e+00
7.410269152201135467e-01
3.212040520107581898e-01
6.488339191376463200e-01
9.174627854729754395e-01
3.134386552415568405e-01
-7.331495916285183378e-01
-1.330609985351212110e+00
-1.335972854642127894e+00
-1.057025309519012524e+00
-4.900725795937186935e-01
2.332539842287903731e-01
7.219113410349589088e-01
8.976078539842260451e-01
1.080734640007529057e+00
1.266787963417717489e+00
8.448960252507691226e-01
-1.201138348047498666e-01
-6.651158013645624978e-01
-3.825115365722603356e-01
4.692178055519544144e-01
1.637694453126098848e+00
2.386039748624059431e+00
1.802359587993701995e+00
4.992200984011767040e-01
5.709968720736924297e-02
7.464618847230979348e-01
1.413686573536535152e+00
1.441276360408558110e+00
1.183832540965397362e+00
8.082467896614989877e-01
3.050386043280258197e-01
-4.751328552113524145e-02
-1.033432769024723807e+00
-1.841390721095579774e+00
-1.952257967764456037e+00
-1.552316429707476964e+00
-1.316407380736075217e+00
-1.379863498968430857e+00
-1.280827636774264811e+00
-8.906029880734855908e-01
-7.428065222966591108e-01
-1.142183509726138135e+00
-1.315788996207358563e+00
-5.423894559334357934e-01
6.200087355600930605e-01
1.326078414212665812e+00
1.699897577774851065e+00
1.961506097448234565e+00
1.771154843866073580e+00
1.124524425732124966e+00
3.690313645075924409e-01
-2.519801666300057197e-01
-3.897463204645880697e-01
4.537308515250568219e-02
5.065212502288930496e-01
6.915765031479998992e-01
1.036676333964871244e+00
1.527489715940428816e+00
1.529856188887496637e+00
9.644704111398147983e-01
3.697529669762629201e-01
2.162338561485993849e-01
3.777680483596582151e-01
5.627966701352266066e-01
7.993366957553230678e-01
1.030314085278685843e+00
1.064950936725113539e+00
8.827825979124220845e-01
7.482132385052893131e-01
6.497362859881365971e-01
3.119980672619447892e-01
2.390261645282256431e-01
7.334535000409524441e-01
9.786295328414890138e-01
5.084030807948727304e-01
4.102806601815203735e-02
1.538301637805220279e-01
3.161666537934969545e-01
-5.451610042026661801e-02
-7.446418126712632812e-01
-1.254998367218924660e+00
-1.402037238456533386e+00
-1.328292029166352251e+00
-1.045323029239351165e+00
-5.720169998610037387e-01
-2.470093104726880928e-01
-2.972306301864975353e-01
-4.814006722283219464e-01
-3.840351479673909663e-01
-3.500466977271887020e-02
2.583687526509545473e-01
1.695125142732887835e-01
-4.180687966504777475e-01
-9.025426662484727913e-01
-8.012954929178156549e-01
-5.092012618875672025e-01
-2.946038162655024717e-01
-4.918571990232137314e-02
-8.125475088122770251e-02
-8.562822732507257006e-01
-1.981905532510812362e+00
-2.210686339045559556e+00
-1.125733197987048628e+00
8.809674330531416797e-02
3.845583936782645540e-01
-3.488838583563699802e-02
-4.499250052646660003e-01
-5.265811444164605337e-01
-3.957635529702714927e-01
-2.947498297946692380e-01
-4.580463417032313855e-01
-7.182179532630972307e-01
-7.324697366108334773e-01
-7.439137858536741810e-01
-1.052389107271738844e+00
-1.419261856704695957e+00
-1.577266392806426776e+00
-1.517273668964897126e+00
-1.252046109129328233e+00
-1.098067028862339756e+00
-1.172067661258679117e+00
-6.221813593772841378e-01
8.783085189868664600e-01
2.220508285784606795e+00
2.405029524828360188e+00
1.696909978449803624e+00
9.175028126919482219e-01
5.010235708000393418e-01
4.306738306270388450e-01
4.322275261932720380e-01
7.102642219961678716e-02
-8.023133385597233103e-01
-1.581606172080335604e+00
-1.778095856612463166e+00
-1.552157208260851906e+00
-1.083336194762579252e+00
-5.093268821591254714e-01
-9.326261111728319231e-02
1.059962991352588618e-01
1.711896871685710531e-01
-1.225183693181428612e-01
-8.232192894089949142e-01
-1.353445875548286104e+00
-1.235459657285359336e+00
-6.447069032970814684e-01
-1.895654195673264208e-01
-3.556915172062616870e-01
-9.469120263555548256e-01
-1.348322746192073929e+00
-9.215263651179815829e-01
3.046077185809297205e-01
1.284288680389902071e+00
1.445385541303829235e+00
1.207976803364001928e+00
1.000240320790313886e+00
1.161600035575516277e+00
1.532946667231345872e+00
1.444718436149956986e+00
8.352773280299097269e-01
1.688230105699654870e-01
-3.353985288749081750e-01
-4.134205016754657902e-01
2.964318350501702337e-01
1.342723722702734657e+00
2.089983085478770430e+00
2.522434020712134295e+00
2.515054073854174455e+00
1.908995786756201518e+00
1.005902004343398604e+00
8.885152956881660347e-02
-4.233207033756355986e-01
-3.576953785355637683e-01
-3.824689701556896471e-01
-9.175376559821087907e-01
-1.424173646879315358e+00
-1.118694055371786122e+00
-2.127669350731427600e-01
3.194224991475967945e-01
3.678492622967929337e-01
5.698921289610664465e-01
9.174382055463969898e-01
7.615493792971115283e-01
3.953285391112447422e-02
-4.174017459733291857e-01
-4.361671714573715497e-01
-4.736873969630054360e-01
-1.059053100714006657e-01
7.981387630743833617e-01
1.385953799888739235e+00
1.451319032597354397e+00
1.151720418061609186e+00
1.185921812543345027e-01
-1.218838067159965233e+00
-1.519542973351955650e+00
-3.241646578488709407e-01
1.260652574390530356e+00
1.891215961865928330e+00
1.625412215974027630e+00
1.252893714345116649e+00
9.287160245472223519e-01
5.169796728675445374e-01
3.303466664842914513e-01
4.562088582745232324e-01
4.608753846563050649e-01
3.065812735458051455e-02
-6.776970452252981669e-01
-9.534429536620945278e-01
-4.960889784953507187e-01
1.393699330196835895e-01
5.168589023728455967e-01
7.610362962864224423e-01
9.982991647204326746e-01
1.097022142093704300e+00
1.031367959839608828e+00
8.516510210942658254e-01
6.087018626189062420e-01
3.785250720380091694e-01
3.200131551121965234e-01
5.456097124014992472e-01
7.578068520276260989e-01
4.354364960864048339e-01
-3.856567386303138556e-01
-8.846118268036435861e-01
-9.211341234460962424e-01
-1.132871432571301629e+00
-1.244870922222826248e+00
-8.883456287740087998e-01
-7.105460742980036493e-01
-9.112195307003746469e-01
-9.175393504806400591e-01
-5.934934747711441139e-01
-2.082879637620004276e-01
-1.004722202680727650e+00
-1.434807817640025407e+00
-1.577003580943372674e+00
-2.032328989743285241e+00
-2.584352892698238424e+00
-2.288784381445140514e+00
-1.206200652773290694e+00
-5.464225862262844791e-01
-6.274854550690938115e-01
-4.986339471148134583e-01
4.106590812031873372e-01
1.602540310835399273e+00
2.134913736683305974e+00
1.617797053054281564e+00
4.685931456469504264e-01
-6.398968964361613221e-01
-1.141858990657317330e+00
-1.074017135022248048e+00
-9.199502607002169041e-01
-7.879735152047920854e-01
-7.010047289301798434e-01
-6.862564739160837979e-01
-6.594353501004943663e-01
-5.237017975492433974e-01
3.061379638482399079e-02
7.335926087767875581e-01
9.527634424646520550e-01
8.270419192702462841e-01
8.944412428619190614e-01
1.275403630702102387e+00
1.463922315223139758e+00
1.200307306542702346e+00
7.456894946145823377e-01
2.234052232991359521e-01
-1.985441497911663855e-01
-3.082647971939111442e-01
-3.315376144557400512e-02
4.550986240091269286e-01
7.354772675378278279e-01
6.466967974421105048e-01
3.064183022812139723e-01
-1.910740833031218944e-01
-5.990298152541025933e-01
-5.241852321777644708e-01
5.376958828974990473e-02
5.539120828720158762e-01
5.252772486404171381e-01
2.952232598204787561e-01
4.497469596407944192e-01
1.146569848168307537e+00
1.608914933903363931e+00
1.090959927790041251e+00
8.403075044878366429e-02
-4.225843789465302813e-01
-3.138163777080366784e-02
6.415306753640243054e-01
6.142565581071136593e-01
-1.068173891982148738e-01
-5.843852840708183560e-01
-3.071790457903558202e-01
4.904209359065928031e-01
1.198613751610093203e+00
1.429780033896219660e+00
1.262809057996361783e+00
7.962431789853324782e-01
3.143028625672789622e-01
-4.363802949610410403e-02
-6.946684998344032635e-01
-1.420878010582581563e+00
-1.369145414361419233e+00
-4.197722204513105182e-01
7.524998752993690143e-01
1.304185926867288847e+00
9.526848793332016729e-01
2.290860494152415217e-01
-2.852723636016125663e-01
-6.024111407781755911e-01
-6.207270385834157134e-01
-2.285138505477967430e-01
-1.312372350073888194e-01
-6.527792778211389813e-01
-1.008850019793187336e+00
-7.931752189568362921e-01
-6.071672837647648091e-01
-8.829199743047601023e-01
-1.100638017109625499e+00
-4.487803291346609824e-01
8.441667840268733958e-01
1.488728955857866465e+00
7.906360254046773672e-01
-6.101898207770881655e-01
-1.645965313440986177e+00
-1.684388011002883712e+00
-9.078253114686316572e-01
-8.760260086411815472e-02
2.666194575227607833e-01
-1.657290140021143443e-01
-1.120668840546547695e+00
-1.586560056672212449e+00
-1.175243537600140664e+00
-3.300974907089479493e-01
3.239349579012938407e-01
7.644669414977091071e-01
1.377118781248799051e+00
1.703399627534381455e+00
1.163079626657500976e+00
3.345874618917443755e-01
-1.395606049361917678e-01
-4.892597420298813726e-01
-1.026872132987427522e+00
-1.349692274344914233e+00
-9.554015889874597489e-01
-2.227349118466975253e-01
-2.920782722589909328e-02
-3.345583194032821783e-01
-3.876108669562345344e-01
-1.504589046293883792e-01
-6.660718597986772446e-03
1.499452609495265099e-01
3.544110379443790593e-01
1.698107978603496937e-01
-4.092298023426452214e-01
-5.756205028577522365e-01
2.214228680285646594e-02
7.000710043510841585e-01
8.790893648958504336e-01
6.346421763875217392e-01
1.356068590627058923e-01
-3.586116629589032878e-01
-6.290808416664369629e-01
-9.354868463530310319e-01
-1.244000038956184495e+00
-1.057241122828252333e+00
-4.791740786194502166e-01
6.841317768836420454e-02
4.416704193112088728e-01
1.999028509738279835e-01
-6.685365519380985777e-01
-1.217664316944157221e+00
-9.935946726212273594e-01
-5.191824075028024232e-01
-1.964833063805061231e-01
1.864935665950085975e-01
5.775265260958478697e-01
6.014288965143063104e-01
5.321032160786659526e-01
8.380794669403327513e-01
1.222425918445251725e+00
1.092688814729341429e+00
5.655173170292754348e-01
1.320552492392643995e-01
8.343322194598405683e-02
6.637606249919260071e-01
1.685260653161497979e+00
2.441428205325399503e+00
2.473029353736686975e+00
1.954148650334991189e+00
1.285553390223596271e+00
7.988451945349186456e-01
4.772211103236341789e-01
4.394727627698233330e-01
1.129667756301744097e+00
1.968002254764534831e+00
1.889470949651888887e+00
1.055025968205377751e+00
3.085932760009456599e-01
-5.828401018899973668e-02
-2.926896967400375305e-01
-7.686137666234919008e-01
-1.346265241843447091e+00
-1.567616755054621169e+00
-1.786759695317968299e+00
-2.117983929495670381e+00
-1.738443938831770952e+00
-6.196927032702331806e-01
2.748127310015033853e-01
3.863839339680725793e-01
-3.652950296963110993e-02
-2.790947346171986920e-01
1.877633301811992284e-01
1.207465483194125833e+00
1.884825317728457295e+00
1.865784286605325137e+00
1.773630572496919688e+00
1.537513855037971888e+00
7.967131204827572200e-01
2.017267140126037250e-01
2.315346460256726135e-01
3.422584314944744910e-01
2.278359624631269287e-01
1.430236756721450508e-01
-4.508057202100285155e-02
-7.567024601106615567e-01
-1.856227013760031408e+00
-2.372058464960581148e+00
-1.881073680855827046e+00
-1.201355533314984791e+00
-9.638593366955803265e-01
-1.039549375985329371e+00
-8.250563362533372969e-01
-1.868528233792130511e-01
-8.576228200098122423e-02
5.229945787159382409e-01
1.319426744098481930e+00
1.489406285300708843e+00
1.194117100102440210e+00
9.812999116552550971e-01
9.102581248351251375e-01
1.204436104825408638e+00
1.612336792406619201e+00
1.529344907987210345e+00
1.239541634519193414e+00
1.385026591265358098e+00
1.612880546276685534e+00
1.197366632540612708e+00
3.600146069908123359e-01
-1.529083211321902169e-01
6.017005469087827879e-02
6.675054283365283725e-01
8.093269830059086622e-01
5.170827178657366741e-01
6.545231091570713478e-01
1.020308100336563939e+00
7.962572134953902481e-01
1.469302902314585380e-01
-1.825042151137434288e-01
-1.875514820803161342e-01
-2.375814407768064296e-01
-3.880414821283997284e-01
-6.832771175550707010e-01
-1.041124639721001888e+00
-1.341032461008378807e+00
-1.561350259067820767e+00
-1.754581480934704674e+00
-2.009596052263951549e+00
-1.924504506543743387e+00
-1.008872340859779060e+00
2.563912313200815141e-01
8.628182676164015685e-01
4.829053662639614108e-01
-4.003976189860522505e-01
-1.000589434697033875e+00
-9.541813993994804344e-01
-7.092287857110083360e-01
-3.952026514964512294e-01
4.253214383275325527e-01
1.465091050598044342e+00
1.896728574337968709e+00
1.603525296023145641e+00
1.135197999166385197e+00
5.659346542607566199e-01
-7.258376297703028612e-02
-1.938979643307361389e-01
1.856499536692237662e-01
6.559184815809174784e-01
1.127466001297746878e+00
1.375017703373277111e+00
9.822968610947825363e-01
9.610739627483623482e-02
-4.777277880304372504e-01
-2.640374174833222121e-01
2.888570506986657405e-01
4.515478644811814490e-01
9.280784131177341467e-02
-3.459495472110780678e-01
-5.185183380652421681e-01
-5.750116867368544327e-01
-9.216829377717865590e-01
-1.482736509749897902e+00
-1.286904682957844548e+00
4.655350963173530976e-02
1.385594690369498672e+00
1.671814613797333982e+00
1.250174910407698237e+00
1.020868332969460335e+00
1.197409588035532213e+00
1.249905670793149293e+00
8.428450435100479643e-01
4.904415003793651806e-01
3.483163528486669103e-01
-1.729409261673187648e-01
-1.006100569541939382e+00
-1.349388908686328437e+00
-9.682497099069391489e-01
-3.866300047616091362e-01
-3.766467163897742332e-02
-1.828819802222303170e-01
-8.020408127016231958e-01
-1.456629740016603725e+00
-1.706274950090655329e+00
-1.459294504621658328e+00
-8.806653002434868815e-01
1.067994936493366354e-01
8.882422056048057124e-01
2.968715898015052423e-01
-1.053918307224837925e+00
-1.515967709799665331e+00
-1.257254849209987091e+00
-1.585820442398023333e+00
-2.330382060398527688e+00
-2.270902502120521138e+00
-1.384678207418801543e+00
-6.284476710779385300e-01
-4.007976120675350584e-01
-2.040335919591766967e-01
4.678945910113073703e-01
1.149405731909279416e+00
1.297558326360017000e+00
1.110588899058422285e+00
8.470889165348109984e-01
6.156246783254037958e-01
6.998575360783509947e-01
1.125024369357247256e+00
1.327038502443259604e+00
8.922913595653294561e-01
1.670303520310462420e-01
-3.514062031083542426e-01
-5.218782902045306926e-01
-3.949714771933426349e-01
-2.597972123847334669e-01
-2.488975934335894424e-01
-4.126710728324187866e-02
1.852071989164195687e-01
-4.989355148182385291e-02
-5.989117674477235642e-01
-1.094508152442288829e+00
-1.345910720616416700e+00
-1.376917888322384709e+00
-1.423087972507705912e+00
-1.325140633756749509e+00
-8.071921449193545373e-01
-1.634360901479710304e-01
4.298249285625656002e-01
1.080255903472199464e+00
1.651630401284303495e+00
1.968795366858177909e+00
1.762868531304740083e+00
8.708757278324815720e-01
-3.589502483186358117e-01
-1.522049443916576150e+00
-2.208491347843717367e+00
-2.087974713943486105e+00
-1.481147967034119883e+00
-9.377497596928068280e-01
-5.027419401815387268e-01
-1.950227362027568551e-02
4.128854239336093856e-01
6.353191940852552788e-01
4.093094305353753293e-01
-3.982072533561312744e-01
-9.598638850530752942e-01
-7.394738934371982708e-01
-5.236248316434184424e-01
-3.310473059784286298e-01
3.390613137065946470e-01
8.821377093126782087e-01
6.428047127688011342e-01
-1.010263253548956686e-01
-7.292833951884322152e-01
-8.992984321543818771e-01
-7.102501682674597916e-01
-4.250012648780250868e-01
-2.226596172139954088e-01
-1.907421280450261325e-01
-2.540274019889378621e-01
-3.831698607404839252e-01
-5.280897465793024104e-01
-4.936991071003851705e-01
-4.748561743768929810e-01
-9.845882416669654580e-01
-1.746222959906552852e+00
-1.968688674155331997e+00
-1.246070854128456862e+00
3.189746018735075683e-01
1.640826779805083291e+00
1.677285079139986257e+00
1.115494034463230255e+00
1.041103516556182385e+00
1.448003248595050030e+00
1.757327592837691022e+00
1.338459070684906882e+00
5.579879777672331898e-01
4.187202132178607372e-01
7.800223924118628860e-01
7.007223375375082330e-01
-1.892899963166842503e-01
-1.256716801735261013e+00
-1.456156574726841679e+00
-6.511744972140881549e-01
2.511753553083234114e-01
4.318934775478402988e-01
2.565645604705071511e-02
-2.436942052359735156e-01
-2.188500090272283150e-01
-2.196110192755697799e-01
-1.392416599545768241e-01
3.797033437064533112e-01
1.005998167122658549e+00
9.711723556626895570e-01
3.847271492791127234e-01
-1.051638563574836538e-01
-1.313713892117154558e-01
2.470652983501002431e-01
5.968751449154789945e-01
5.938971441905763760e-01
2.534855398737698717e-01
-5.434079344680519119e-01
-1.314108243981581881e+00
-1.483187025257546754e+00
-1.190355013394982064e+00
-8.219753508581387758e-01
-8.588829907759070181e-01
-1.400909023746994997e+00
-2.020030276315025741e+00
-2.349682077876022124e+00
-2.138519199005020965e+00
-1.482904296535938915e+00
-6.666398994842674952e-01
1.539774054932358804e-01
4.797062896494351802e-01
2.180255674376686825e-02
-6.517893190211928589e-01
-1.047461594048317401e+00
-8.402972452158390393e-01
3.298963716128447965e-01
1.842173080391948714e+00
2.516458349169646613e+00
2.102460111809223431e+00
1.626503016780030286e+00
1.736435159984906829e+00
1.702463260324794003e+00
9.453670359333965489e-01
2.483028772376591475e-02
-4.477326543153452021e-01
-3.857754855991449849e-01
2.123164241545706377e-01
9.931302438617620743e-01
1.107641089817847257e+00
5.198601556559944159e-01
2.974338848919256817e-01
6.483354070310920481e-01
7.577156034886365354e-01
2.944808128841199246e-01
-4.310143221284153947e-01
-8.326703468190214119e-01
-4.230214865103859578e-01
5.379052388535680018e-01
1.318326146332759574e+00
1.580471121860022032e+00
1.346230132320987094e+00
6.148640677411462141e-01
-4.860108418580691980e-01
-1.150574233061435470e+00
-7.927782832835756910e-01
-1.497094439284099854e-01
6.859359097711877074e-02
5.808318693183938536e-02
1.664568745617942269e-01
3.735066933202339512e-01
4.128938956918831171e-01
3.005066327485489408e-01
1.800776740050689662e-01
3.430389171657130531e-02
-1.058325729774902135e-01
-2.264770148583672982e-01
-6.423687497121288725e-01
-1.488624888593191420e+00
-1.892989885277472251e+00
-1.177385085877875603e+00
-5.873395648481102155e-02
5.588724799508381080e-01
5.043302688537327771e-01
2.846451852319802911e-01
1.972896059169750860e-01
-1.714885766749360552e-01
-5.329374709692387135e-01
-2.204706796611524411e-01
3.000436743976115928e-01
3.225419787554283935e-01
-8.229054471091454270e-02
-4.967683193095272509e-01
-7.028833199210092753e-01
-7.844346549858958184e-01
-5.820689923408625122e-01
2.324383753102614580e-01
1.180465937168421409e+00
1.331700209498511311e+00
7.092872086580845892e-01
1.092750207993339329e-01
9.389544817570472796e-03
5.100347354720133897e-01
1.311270507045729561e+00
1.628820983675451917e+00
1.151366889765029544e+00
5.418644777677995572e-01
2.875232777522857552e-01
6.495761366230870526e-02
-2.875315355789758720e-01
-5.749444994188270819e-01
-8.097448973263919880e-01
-8.716975516395976120e-01
-4.434237486839055498e-01
2.362489472626133624e-01
6.179985843404987023e-01
4.647569770874026007e-01
-1.944287478207093744e-01
-8.337043255369218642e-01
-9.121206393583338734e-01
-6.861165263783319812e-01
-2.415866953496993152e-01
5.918002030027210703e-01
1.240589236821359798e+00
9.028076342099725649e-01
-2.768791680168708469e-01
-1.079807283139603502e+00
-7.438632627051066093e-01
1.422360434716403721e-01
8.091521336996269076e-01
1.068004162693325432e+00
9.130626941086712467e-01
4.298921994577731831e-01
2.549512170515523812e-01
9.013532878470109644e-01
1.787579307751052227e+00
1.916323240690192442e+00
1.109432160378193144e+00
9.111510814390287594e-02
-4.439389224545325918e-01
-4.455674011091766973e-01
-4.120659527768429919e-01
-5.485391423169116987e-01
-3.779308282769586191e-01
2.398596603952725115e-01
6.761677434116016849e-01
5.680448259811095024e-01
3.636489242871548400e-01
5.162638667240716517e-01
8.400536156062400339e-01
1.127573407078563461e+00
1.239324404705251848e+00
9.311592548017195714e-01
3.594393249000429336e-01
-1.080448264271735570e-02
-8.270159256960629701e-02
1.514416340886935892e-02
1.375431570205231935e-01
1.987091540093580133e-01
5.486333981900638479e-01
1.296841272695943070e+00
1.757604851047924521e+00
1.408482384028467704e+00
5.364791427985560190e-01
-5.043242118239671390e-01
-1.575434920060289068e+00
-2.364445714354835637e+00
-2.450909827327922397e+00
-1.630898317387884378e+00
-5.765956734918117332e-01
-2.945510926355070502e-01
-4.227840018130693545e-01
-1.534286467274211530e-01
3.653583462046384733e-01
8.813598009884210382e-01
1.035827979073501881e+00
5.821931585925029795e-01
2.197890294294140290e-01
3.544354654958805084e-01
3.541714443114452604e-01
-1.938732136316674848e-01
-9.658689779379738827e-01
-1.567922095445686947e+00
-1.831758847433940574e+00
-1.603024915113807847e+00
-9.691709018787704188e-01
-3.670641289893608050e-01
8.630422280087547693e-02
5.056520673927271670e-01
5.408986132056196050e-01
-2.637853648412519791e-01
-1.299136069312162300e+00
-1.625026493628245916e+00
-1.602365338906240222e+00
-1.924252657978641201e+00
-2.389080870035487525e+00
-2.544234491225816797e+00
-2.266343593420574454e+00
-1.601387237580454759e+00
-8.845609844402705368e-01
-5.382236538052372898e-01
-5.190998579886041409e-01
-4.154757363267428394e-01
1.836516537019743101e-02
6.591022635045138411e-01
1.287724496192431456e+00
1.696554426930291459e+00
1.866148946560918231e+00
1.707816661325031626e+00
1.156336570148035481e+00
6.831086069788149251e-01
4.620818341490862680e-01
-7.847213571692385203e-02
-3.488793693145150199e-01
-4.353166948084283838e-01
-1.050076074128702130e-01
1.569042149617551341e-01
-6.147347888303744678e-02
-6.285897977802462622e-01
-7.827543001471060080e-01
3.156990351032429309e-02
1.127386422490642470e+00
1.442615900942436191e+00
9.902249194255081655e-01
4.170987470871076463e-01
-3.713226062563992208e-02
-2.378984724202720669e-01
-3.442492943008657741e-02
4.432575206908602183e-01
1.194761401847102444e+00
2.354315327563042626e+00
2.758942545169115412e+00
2.758942545169115412e+00
1.934586180247244602e+00
5.662893514547374663e-01
-3.270079505112333251e-01
-6.153438119925236371e-01
-4.789640744926400018e-01
-1.731633667430191037e-01
1.122832869242146453e-01
4.658205099227096802e-01
8.742693170722704021e-01
9.509814690986219121e-01
8.160145400036521446e-01
6.494741585983239140e-01
6.381386035799599399e-02
-6.854463235309639080e-01
-6.507877756533476665e-01
-1.392163314989275924e-01
-2.279198556748068261e-01
-6.801996138849327744e-01
-7.595929859372403392e-01
-4.652522518480125546e-01
-2.447124069366997112e-01
-5.583134821477975240e-01
-1.082148074621294143e+00
-1.105697935960373579e+00
-8.290626657188153725e-01
-5.318631717068461606e-01
-1.177928380064501360e-02
6.146133992617289765e-01
9.024714319283712038e-01
6.938590950231801058e-01
3.442468794308684021e-01
-3.860796502833193505e-02
-6.388661949737436396e-01
-9.813210205371375450e-01
-5.820196010821026000e-01
9.637974740858330086e-03
1.739410133393938518e-01
1.315422165577364855e-01
2.315235072014630024e-01
4.312648357066287130e-01
8.227235705860531656e-01
1.307119527689622140e+00
1.226075154219816943e+00
4.784845367383391279e-01
-1.100581608741954404e-01
-9.809745737192296366e-02
1.718329989599182983e-01
3.843642692960009821e-01
3.028558602921000986e-01
-3.414462997072435502e-01
-1.185487815407948009e+00
-1.302171856593139054e+00
-4.097648865988950950e-01
5.994555137253466670e-01
7.043773338351531077e-01
-2.229871759095285177e-01
-1.354442874677084241e+00
-1.898086636997641241e+00
-1.902081264701875218e+00
-1.429295147985781833e+00
-2.114237998814852693e-01
1.400020233455398833e+00
2.108320640151848835e+00
1.555580719378485188e+00
8.857915676684311457e-01
5.487431883165941882e-01
-5.070231905131337632e-03
-9.367826650505679531e-01
-1.792791627604699789e+00
-2.192433354635332066e+00
-2.135190550365595019e+00
-1.481981578945832601e+00
-3.218513502429844464e-01
4.824062883333275487e-01
2.950456435376694331e-01
-4.708700367175932544e-01
-1.104784167288094476e+00
-1.129442859536939014e+00
-6.163769997635255571e-01
-1.686165740196931551e-01
-1.463553487247227537e-02
7.205021635948277714e-02
1.968844169653761467e-01
5.818181940370356631e-02
-3.747036853622929264e-01
-3.056528744899134620e-01
3.849433512817658221e-01
7.514941287985780205e-01
5.091512715833438341e-01
1.946711262169731615e-01
1.256678819215860110e-01
1.301740513006634792e-01
1.749118014456530479e-01
4.431854078345042192e-01
7.336285017844811351e-01
8.366202572806232807e-01
7.329298474149491538e-01
1.424305510215237713e-01
-7.786476832215475374e-01
-1.137329794594823973e+00
-5.669269831748949828e-01
2.871936047503861889e-01
6.216881495875529184e-01
4.770623477837817594e-01
3.036881147680459136e-01
-1.149715410743057803e-01
-1.102025036120861001e+00
-1.938215066989843471e+00
-1.441621766247553449e+00
7.436125239468102666e-02
1.099341494073427627e+00
1.314598580677603268e+00
1.498948810587747094e+00
1.855260186391083810e+00
2.117224548331510192e+00
2.118159994367343035e+00
1.784418517588091335e+00
1.309830099034742679e+00
7.097757426733920516e-01
-6.513978525235432533e-03
-2.621713846898318656e-01
-2.010187007849764951e-01
-5.162118319628045127e-01
-8.828741447642860507e-01
-6.715382536933718338e-01
-3.440392583652744363e-01
-8.031104610314254710e-01
-1.883238297722618304e+00
-2.459874742307895712e+00
-2.125889862770599770e+00
-1.507300393154148210e+00
-1.037924414996997946e+00
-6.449703307409022646e-01
1.258531973939261972e-01
1.018143170998522029e+00
9.621626174668113096e-01
-5.485638220337187010e-02
-9.488367682466706254e-01
-9.136943438156097663e-01
-9.899336581648948696e-02
7.267937741757275472e-01
1.006002107657728128e+00
7.871609621437190007e-01
4.058335278719477079e-01
-7.127331653241684994e-02
-4.071094673469211611e-01
-3.550043418715805310e-01
-1.721138192250840082e-01
4.960023623075048710e-02
4.262749387082729879e-01
8.152498154908695005e-01
1.042058057706287233e+00
1.112358687016058889e+00
1.271746106074797655e+00
1.514642696032894476e+00
1.483287838065696862e+00
1.118389137547852741e+00
6.665389959246844631e-01
3.322269638686985438e-01
4.474824548567095384e-02
-4.862107889254921322e-01
-1.193429622880197494e+00
-1.566480687162157714e+00
-1.368100774442721823e+00
-9.403146570308834606e-01
-4.435085976168485211e-01
8.930513401457294831e-02
4.553920371260847810e-01
7.883132581906019398e-01
1.269964535716153309e+00
1.502571100431298268e+00
9.195884324253573716e-01
-2.233967286479141834e-01
-1.216697923702105166e+00
-1.837347787176491387e+00
-2.192517352877040082e+00
-2.155188378646088587e+00
-1.726293177833256198e+00
-1.036986302037192109e+00
-8.295957893630142577e-01
-1.263474790251426061e+00
-1.655662493653678569e+00
-2.133994227309640390e+00
-2.282215889228137229e+00
-2.183980994730612135e+00
-2.284511659380394910e+00
-2.342441017632306277e+00
-2.132522886225808101e+00
-2.174398096659470703e+00
-2.652394141916500026e+00
-2.721313912067686136e+00
-1.989453898588285030e+00
-8.237766074268175753e-01
-1.160700686206433407e-01
4.095538775394602649e-01
1.333666139442263976e+00
2.204049592930938939e+00
2.044103974005546664e+00
8.806589207775609163e-01
-1.983331731801726561e-01
-5.185195257464750851e-01
-4.243369121959953971e-01
-4.163739040816832881e-01
-5.120903230977230658e-01
-3.277286478732564512e-01
1.344486041225077810e-01
4.554643958987727448e-01
5.615287559237585047e-01
5.811149025885445907e-01
6.238995348737320645e-01
6.901702391774745537e-01
3.713990262983987711e-01
-4.227448800188721711e-01
-1.104804566273630106e+00
-1.177338348949033220e+00
-5.952002947643532105e-01
2.351975678182551821e-01
7.302497326643114794e-01
6.396867885299859502e-01
2.815628088366421977e-01
1.699352607097996404e-01
3.498589658119255486e-01
5.892328004036999634e-01
8.223060288038539500e-01
7.678161859788000809e-01
3.205098810777320256e-02
-8.619522885447160609e-01
-8.449884800928848527e-01
-1.727759359914267934e-01
-1.507460200808923290e-01
-7.785977327735670306e-01
-1.095917962299779225e+00
-9.361563949385024452e-01
-7.720250687180865157e-01
-8.544728258573355273e-01
-9.554562560286743444e-01
-7.590259843570796860e-01
-4.357613755595070582e-01
-4.930970828990984822e-01
-1.031941936434073170e+00
-1.690306768340794186e+00
-1.895921427590204322e+00
-1.382278430416398418e+00
-5.550156189053840894e-01
7.860104596695507984e-02
3.592883937177701048e-01
2.225585409754504695e-01
-5.683741763576236755e-02
1.438609622301399438e-01
8.710718167789690547e-01
1.558383313405025117e+00
1.592511936989832844e+00
9.686012001611343791e-01
4.131692545182577003e-01
1.312914110814288604e-01
-4.514565600117423916e-01
-1.038585159212717324e+00
-7.530723382721050685e-01
-2.556534969981128034e-03
2.172320137305834009e-01
2.236095773299884293e-02
3.387581601172708762e-02
2.384688256376198690e-01
9.529462369206978534e-02
-3.396196297292791155e-01
-1.867620262228985029e-01
6.502689115343602833e-01
1.320223686100674643e+00
1.535188077417895203e+00
1.584435051608814149e+00
1.528081322101409789e+00
1.567504478296755543e+00
1.929841343855664526e+00
1.970644649627689704e+00
9.358103978196652406e-01
-5.859442865474135953e-01
-1.320430242158510792e+00
-8.162786628838917258e-01
3.988509232018904727e-01
1.354011137979360679e+00
1.338296909615508179e+00
7.183411003575336240e-01
2.777505408560538291e-01
1.140069285340385291e-01
2.252581341106137669e-01
6.520113789980916952e-01
1.009212842544064737e+00
1.199101299693325018e+00
1.511818770324115491e+00
1.828916333382231585e+00
1.796922506544575970e+00
1.387096839314542418e+00
7.241750453699101753e-01
-8.216543197128159393e-02
-6.678979071407460388e-01
-8.036470611773254280e-01
-5.241611056853634487e-01
-1.328741096490196061e-01
-4.017951997881701737e-02
-2.443426349221427540e-01
-4.772701415877222964e-01
-6.928590293852150417e-01
-9.494522958112620037e-01
-8.654044730548980935e-01
-1.352521493213452441e-01
8.743935787628194234e-01
1.299642962091685394e+00
8.675906183311613562e-01
4.133706770879616021e-01
3.178070578009764002e-01
3.486000097756269955e-02
-4.903708019363909321e-01
-5.307897964699642701e-01
1.741106481134511164e-01
6.893341597964072198e-01
1.294333015608667148e-01
-9.828988383997906420e-01
-1.383524923921561456e+00
-5.745253239323832029e-01
7.461478798199951967e-01
1.492654448234140174e+00
1.268083315403740752e+00
6.082739063742875762e-01
-1.624852342778613234e-01
-1.083474731855063489e+00
-1.946473730643848654e+00
-2.368716943364229000e+00
-1.877092196280581771e+00
-6.422309261561250926e-01
5.530674089887983591e-01
1.101530028574657205e+00
9.486281299979189008e-01
6.505777764910685157e-01
5.700807457398956446e-01
4.375155576811943781e-01
-6.764265640850850025e-02
-7.514007746372899366e-01
-1.003302720782151880e+00
-5.348833768244612985e-01
1.131004375684921959e-01
4.254512494254272803e-01
4.725763921053169336e-01
3.241208651546751973e-01
3.706508594589268124e-02
-3.130143236695492881e-01
-5.870096191636797744e-01
-3.559012918256942437e-01
1.727625556915735328e-01
2.178371889623718083e-01
-2.492366338017113214e-01
-6.069746689351183111e-01
-2.315726182033881475e-01
7.263396799313641683e-01
1.236465059055844584e+00
1.120717460100056684e+00
1.099221701915105598e+00
9.614681729315120995e-01
3.020159225600518305e-01
-4.152285709996406671e-01
-8.945226448423997390e-01
-1.086941418160954687e+00
-6.390954937654513834e-01
2.209179087339957215e-01
7.596627893472387427e-01
8.034659593117102760e-01
7.439769260670313633e-01
8.780271645394979174e-01
8.927591792410268789e-01
6.444927496980352721e-01
5.234039207607915634e-01
5.102070963280793681e-01
5.378038143561809648e-01
7.665321387324208757e-01
8.321832833122566608e-01
4.322072714783578573e-01
1.174527461751091462e-01
3.358610570746881074e-01
6.224112810888881020e-01
4.761705431669210342e-01
-9.322967025235740293e-03
3.301244357058408241e-01
3.947260839994469195e-01
-6.761052440561818311e-02
-7.305476779407957810e-01
-1.030396642806940877e+00
-8.076565801296134994e-01
-5.698746389358445574e-01
-4.303761746772660213e-01
2.773784106103963643e-01
1.618402936988898144e+00
2.540164016170656236e+00
2.167072289220103531e+00
1.162455542538229247e+00
7.130256942392928510e-01
6.840365072881154918e-01
1.816193368892970728e-01
-7.471505980407394665e-01
-1.425075355738342209e+00
-1.652972520228740860e+00
-1.552019607877490381e+00
-9.674237501592996002e-01
3.924614090032454428e-01
1.674465639117377336e+00
1.583192778440947412e+00
3.976019372291839105e-01
-5.962853684561648659e-01
-8.923285137201045769e-01
-8.370176996134457426e-01
-8.839553307776633062e-01
-1.089935242467571008e+00
-1.183394209092519356e+00
-1.125943132942476943e+00
-1.068510721332397884e+00
-1.020245264710262223e+00
-7.807915955472132241e-01
-5.063674901515503590e-01
-4.877430115651247289e-01
-3.311360129799456598e-01
1.187199981544868194e-01
4.691312825798356623e-01
5.100068256315732906e-01
4.117673868806495108e-01
5.116217028119462995e-01
6.913672986778882645e-01
5.542161234253503155e-01
1.397694674171354456e-01
9.990611623388298557e-02
6.219794333736993197e-01
1.062162181268788252e+00
1.081326395510264105e+00
8.651069201340012560e-01
4.771508280146067871e-01
2.824271349799970313e-02
-7.887718638326287821e-03
4.785738111700947872e-01
9.511897183848637694e-01
9.281548171663516200e-01
2.924897035464621986e-01
-6.677203924615339181e-01
-1.184701048691782388e+00
-8.670214806564107146e-01
-4.636194079445085103e-01
-4.161046582850614350e-01
-1.756642853566340312e-01
1.614511013442541665e-01
1.427243768843900196e-01
5.678957960629168328e-02
7.195968123553179996e-02
6.653870538930138634e-02
1.905186309914428111e-01
4.899886262333853493e-01
6.063377276346112454e-01
1.980541284387013212e-01
-4.778686772076176648e-01
-9.476700175759927847e-01
-1.206279008327879820e+00
-1.086378560150312200e+00
-4.106708751552777259e-01
3.302677159039071886e-01
9.752756035113876454e-01
1.465365308792912158e+00
1.434780145827924791e+00
1.006091089428540863e+00
3.934616781187845747e-01
-6.983809919619025086e-01
-1.884508971848314118e+00
-1.934550862283560546e+00
-7.822606271662595478e-01
2.763118540176426330e-01
3.624912939509395970e-01
-9.689517387440301985e-03
-1.114402800371576824e-01
-1.661796743678557176e-01
-6.302880069989352796e-01
-1.119273538718158489e+00
-7.942536812303857552e-01
2.075622197605475616e-01
9.261310734126558808e-01
1.207413428071203887e+00
1.397676485781401912e+00
1.066353130426219487e+00
-4.790500936264508597e-02
-9.124662444280532414e-01
-7.591084075307650281e-01
-2.095854155033200494e-01
3.042848328927143520e-01
9.602848191489562479e-01
1.419959654094432144e+00
1.122643252431202665e+00
3.959355195764068247e-01
1.873774023961790047e-01
7.783396946610786626e-01
1.531761650306545208e+00
1.865319840430715859e+00
1.720037281418248742e+00
1.125949355510368788e+00
3.808589377185037650e-01
-1.196036398729546368e-01
-2.030465101806731287e-01
2.870369904934464977e-01
8.314452438969833770e-01
5.748727437212042268e-01
-3.316885010641325016e-01
-1.200437193778606915e+00
-1.556408475362930144e+00
-1.424988428789718320e+00
-1.260045871702222708e+00
-1.182161455863780297e+00
-9.729752492841761136e-01
-6.580654349512267132e-01
-3.457206163236619112e-01
-4.600217865505412326e-03
1.033644619018299349e-01
-3.742557415987077807e-01
-9.732892789663448729e-01
-9.789463456919821338e-01
-6.436738664643648633e-01
-6.703879003651490587e-01
-1.214360895053731015e+00
-2.011190671066850122e+00
-2.454181587499856487e+00
-2.196115767449701384e+00
-1.421085466036382305e+00
-1.972193900676517397e-01
9.523999730587813239e-01
1.113894968548703401e+00
5.123776044441815669e-01
1.125325494713082797e-01
3.771625915955825192e-01
9.578558563632033618e-01
8.532285843282212401e-01
-1.510123957749066603e-01
-1.123899729285674276e+00
-1.694927321346205273e+00
-2.097197495075012519e+00
-2.122116952510280985e+00
-1.710112853873833938e+00
-1.543142660416267020e+00
-2.028592924765430183e+00
-2.478775076475529637e+00
-1.822024414916352031e+00
-2.362159463359514711e-01
9.243278791201656741e-01
1.110427091835189062e+00
8.768172419629549630e-01
7.113614328837248868e-01
8.856129646187822502e-01
1.368185559904033344e+00
1.629393954602145200e+00
1.554971748298312306e+00
1.466058180909151298e+00
1.356318848767925633e+00
1.221826277785504899e+00
9.316765967200363319e-01
6.379887231048121388e-01
9.539868605612685792e-01
1.248358536891623460e+00
3.904921512645960213e-01
-8.192648632413402909e-01
-7.955418598293382271e-01
1.196579533550567037e-01
6.518695665527526328e-01
5.211295963995674629e-01
-5.098340490304890948e-02
-5.932800688240038589e-01
-5.924178085775521074e-01
-2.543998065813565246e-01
-5.571625631666983491e-02
1.844940982741999705e-02
3.866764590380993294e-01
1.186521888110183109e+00
1.572619589147072450e+00
8.272048034410874884e-01
-3.031531374024094005e-01
-5.615361273207650772e-01
1.986667604004036247e-01
1.048858298470087380e+00
1.423016406160257041e+00
1.059765685046806016e+00
