6.476762997693993884e-02
4.974481028778578451e-01
6.850510152801715380e-01
4.870772483489672622e-01
3.647575083058481882e-01
2.493685298176639420e-01
-3.096920470976159967e-01
-1.367151197161558418e+00
-2.129052542353653266e+00
-1.566353331382862590e+00
1.457547228245922311e-01
1.800832709022982314e+00
2.316631464898033066e+00
1.634920325619486192e+00
8.203792206717266389e-01
5.134691855020133699e-01
4.692645023833959539e-01
3.429770360925989969e-01
-6.760146806385747102e-03
-2.035629836367313927e-01
3.150492407474066447e-01
1.238545690617080863e+00
1.433852354357284753e+00
5.485962456209539928e-01
-5.420752720269550462e-01
-9.810950649025987902e-01
-7.234632711889117385e-01
-3.443165928137361664e-01
-1.989431649745354025e-01
8.038865847916958074e-02
7.084047425862100011e-01
1.157117175688279209e+00
1.048120252931791452e+00
6.851984805993396321e-01
2.929227491206025658e-01
-3.333046560383966517e-01
-9.522083229399813664e-01
-1.000572290432918177e+00
-6.257046745973728896e-01
-3.517113152040164392e-01
-4.762421121194670981e-01
-8.314111966127646358e-01
-1.042138298816518649e+00
-1.204816474638171986e+00
-1.424100976599588453e+00
-1.368465045571151339e+00
-1.108235567573073954e+00
-9.690605433650788525e-01
-7.749741062681512194e-01
-3.951333481890666466e-01
-1.689329929024262489e-01
-4.020968485553029770e-01
-9.110386297328005867e-01
-1.194906781625353576e+00
-7.776825748543161332e-01
1.694764626854327605e-01
7.368981928816780158e-01
3.733582449239535306e-01
-5.162252890919328818e-01
-1.283750798821336803e+00
-1.619873704110333046e+00
-1.481529190268844332e+00
-9.559659387705029543e-01
-4.309063523379741967e-01
-3.834392245427485912e-01
-6.168172694580117410e-01
-5.892618072635836812e-01
-2.527106245270315243e-01
5.884035143236214516e-02
5.317209296558438048e-02
-2.339262957145417932e-01
-3.780386999647510904e-01
-1.049462269802805547e-01
4.225042279018163816e-02
-3.216304340987407584e-01
-3.774912670051162045e-01
3.509895884314960801e-01
1.130098507072149205e+00
1.454410099483471219e+00
1.515256178881856153e+00
1.229628541405478392e+00
5.569016090947901398e-01
-1.879367392659457917e-02
-3.735047043491850904e-01
-5.048808048154850292e-01
-3.545981435807822879e-01
-1.533108549897032324e-01
-4.767549655511778978e-02
-7.490586267309326529e-02
-1.634472408400688415e-01
-1.504026764663381199e-02
2.768785072141319303e-01
2.433695379483120369e-01
-1.524931009554275907e-01
-5.372270375583714230e-01
-6.159940585153028669e-01
-5.904114252228395143e-01
-8.066423170592508241e-01
-1.263688734748600107e+00
-1.453040906509804664e+00
-8.814149710043698294e-01
9.179946856330568894e-02
7.019763130071333679e-01
6.781388987799260581e-01
4.186708543304799024e-01
4.701172409557237697e-01
7.480974932460335847e-01
7.538735211915960077e-01
2.682976533070368097e-01
-3.384882652533200975e-01
-5.582936871599591955e-01
-2.437820288085121856e-01
5.082978700911268133e-01
1.271471346062597707e+00
1.705166051014695539e+00
1.805977262408785533e+00
1.451549887863312627e+00
8.182645895311859707e-01
5.041537348489402159e-01
5.428422859635990694e-01
6.149139755777591754e-01
7.867260766507238046e-01
1.005673429071239022e+00
9.439812912139349255e-01
4.500050665912204151e-01
-2.253325420694957948e-01
-7.930328357808885675e-01
-1.347243863080276105e+00
-1.844838490938801367e+00
-1.856579208637453959e+00
-1.150106868418339090e+00
2.805297801700817883e-01
1.735563143673206188e+00
2.058436308665190229e+00
1.292694267685480458e+00
3.412285784541719824e-01
-7.681448903441413789e-02
2.417770560073810304e-01
8.453461987263861666e-01
1.360609790795311191e+00
1.651791872998435773e+00
1.732947237124692785e+00
1.693012964825685973e+00
1.363545900851330872e+00
9.431418884220346133e-01
8.766123695831015139e-01
7.802310677047393783e-01
1.379551646663268460e-01
-4.997966590505379947e-01
-4.685664291351105959e-01
-3.804741234849300380e-01
-9.109269794916518004e-01
-1.479332083494336869e+00
-1.340031780236246917e+00
-4.694909625799418285e-01
2.987532290161970527e-01
9.774242110555511620e-02
-7.948457606974150824e-01
-1.620915865809525069e+00
-1.822812255502069601e+00
-1.356031103400636040e+00
-8.055933568969743108e-01
-2.377830151581968865e-01
6.727628263766881611e-01
1.530093199310593732e+00
1.824035952264096982e+00
1.861168172874757998e+00
1.943234568809877549e+00
1.732771942535981324e+00
9.514896324040854614e-01
-2.022722824498440208e-01
-1.031443384416222964e+00
-9.598167152435285177e-01
-4.058716904335833431e-01
-2.238883874613512709e-02
2.847130749433616215e-01
8.181742767662650850e-01
1.192706765582310480e+00
1.094227758460977640e+00
7.625922044432524860e-01
3.306382000604387028e-01
-2.940415804442714776e-01
-1.037638373432801409e+00
-1.429890334005703645e+00
-1.316831572028219544e+00
-1.186788376802288214e+00
-1.499977322062412632e+00
-2.227696775601090362e+00
-2.622735818309215095e+00
-2.168850017732170343e+00
-1.407530930277691272e+00
-4.879636620004838554e-01
9.964422561046273330e-01
2.152168421348129801e+00
1.735666994810877606e+00
5.018010005154549535e-01
-1.532398791346062938e-01
-9.810481583452207791e-03
3.022429846574472001e-01
2.734188711144177053e-01
3.273789171616539040e-01
8.408300413680469543e-01
9.221169715045463011e-01
5.769599659439972328e-01
1.743724063945283342e-01
-5.458517549799972723e-01
-1.502547297747296007e+00
-1.712733169655975107e+00
-1.130229022720422360e+00
-6.046142846053238484e-01
-3.121391233238290375e-01
-1.274041407610740084e-01
7.655310568131125717e-03
3.313569671309403164e-01
7.532093388273287671e-01
6.678713466690813227e-01
-1.124144533047646277e-01
-7.527482706150838698e-01
-2.983927749231068405e-01
9.556001063334275125e-01
1.910798044545554575e+00
2.077446327193795295e+00
1.561557900245325037e+00
6.848894425251280671e-01
1.113868654825714705e-01
2.492939395922199111e-02
-4.132534981096375876e-02
8.233320075978237118e-02
6.852515969220585035e-01
1.011102173442487873e+00
3.432875019230421931e-01
-7.719170212858668112e-01
-1.192308730480785339e+00
-8.832445706079197212e-01
-8.877456536523252728e-01
-1.241250539647000828e+00
-9.874081852001959092e-01
4.591920852718222451e-02
1.033430732174530409e+00
1.117372133730644590e+00
2.419156681818130095e-01
-7.259109471477459552e-01
-1.173700439951473440e+00
-1.390193202958225127e+00
-1.499491935935046039e+00
-1.181159835214007359e+00
-3.290753334587280809e-01
5.531862305376911149e-01
9.969871811136797879e-01
1.361935227880977539e+00
1.808228410627674698e+00
1.605656861124236112e+00
6.059050681292795781e-01
-2.836552301883772387e-01
-5.056885787656261178e-01
-4.047119685185058824e-01
-4.058226170297803970e-01
-5.192129773337815779e-01
-4.652481255936431470e-01
-2.168248957883969763e-01
-2.912912355820261312e-01
-7.721643371424504743e-01
-9.901296620698993856e-01
-7.220372206485712319e-01
-1.996914602661929994e-01
4.052105835353795316e-01
6.175031711128087242e-01
1.962192785181437471e-01
-1.297631576170155399e-01
2.935336683244353928e-01
1.066535865364032221e+00
1.395899963459532822e+00
1.073647052310854333e+00
6.334731814974035036e-01
6.934570841444220868e-01
9.531674728962861165e-01
7.829891470039075374e-01
4.151657556455140563e-01
1.770184919059033524e-01
1.625658566961709730e-05
-7.981720448087087361e-02
6.733470995397214387e-02
3.422477156783746421e-01
5.208570139841542934e-01
4.455645228479704900e-01
3.453444382929074519e-01
5.119578300226865775e-01
6.328080290445385891e-01
3.759947285734067668e-01
-1.289662114597310005e-01
-5.912555341225719241e-01
-8.844534129669583411e-01
-9.517498952692333702e-01
-7.848190074447806142e-01
-8.278482125118683532e-01
-1.308032241497582682e+00
-1.770244421262759937e+00
-1.803355952978655141e+00
-1.194103419113443643e+00
-4.663599321770205142e-02
1.026435454262745628e+00
1.317347559231458742e+00
6.550430549876798958e-01
-6.875648264764014361e-02
-6.648183086381992402e-02
1.687735981037947475e-01
4.522678116500050000e-02
-3.629685743494609484e-02
4.593635001182526101e-01
1.301600003414385309e+00
1.779396850862774881e+00
1.313312701141652550e+00
3.549177337031506757e-02
-1.037939336494264397e+00
-1.234346631104457748e+00
-1.196043939461508110e+00
-1.425345013364403446e+00
-1.438474181878212521e+00
-9.066432280741637539e-01
-2.311758096718084798e-01
-4.609475997812769593e-02
-5.012250962739100979e-01
-1.056842909221224591e+00
-1.230368334530139274e+00
-8.208823048647786447e-01
1.851626587490273201e-01
9.640119736459528132e-01
7.785126449928353454e-01
1.749284229160065762e-01
-5.657717508089220582e-01
-1.678627887019302545e+00
-2.549607819810257858e+00
-2.619675325039837688e+00
-2.173372272860642607e+00
-1.758779284790758402e+00
-1.548713220079432462e+00
-1.447645691434896298e+00
-1.425332412076210309e+00
-1.247912019274026063e+00
-7.791260756454723158e-01
-2.076910528205968831e-01
1.082867692698047390e-01
-4.346500879617398033e-02
-3.290812111292004682e-01
-4.919440595374917624e-01
-7.547317361151021364e-01
-1.130256062830032215e+00
-1.178809819725356700e+00
-6.236758514597734449e-01
2.017117226336815061e-01
8.900247236311871202e-01
1.538542408171655884e+00
2.076571680095218753e+00
2.161328343379824712e+00
1.640969353834078159e+00
8.901535954704757891e-01
6.602393120034358853e-01
8.769272669886236660e-01
8.738132518458634479e-01
6.942951369991104960e-01
8.696580120095218636e-01
1.335609760349184105e+00
1.245736954748481784e+00
3.830378147811122624e-01
-4.421437358280350116e-01
-7.333118813496510846e-01
-6.839439403743269308e-01
-5.641421199889711247e-01
-4.258359388494439290e-01
-2.540947174887333571e-01
3.706601510916386621e-02
6.024135507304343440e-01
1.137383214188802505e+00
1.364495931938639606e+00
1.760820894893134980e+00
2.123344022051353530e+00
1.536512471951181347e+00
2.354770637642664977e-01
-6.794436834711515827e-01
-8.619062477872895256e-01
-9.084809690020366757e-01
-1.099548351502135590e+00
-1.175937352359837096e+00
-1.206943971906039081e+00
-1.383040248339829414e+00
-1.368713693945372567e+00
-7.984302751449336988e-01
2.007011571318924048e-01
9.276969567416366580e-01
9.639718614700343302e-01
9.806157985669287092e-01
1.466840704534284834e+00
1.913249977775458133e+00
1.890611397818154238e+00
1.471914446592600623e+00
8.908422855431193943e-01
3.629787631583015206e-01
5.371451097707586469e-02
6.683576631492149644e-02
1.125650392570809039e-01
1.472143012186785151e-02
6.895138846677489886e-01
1.505166062296695140e+00
1.941576550470047735e+00
2.162497509542292029e+00
2.179126155650375374e+00
1.665447076890231193e+00
1.025529262048687995e+00
8.795649444263029526e-01
8.792343435902134630e-01
7.618367872390815476e-01
9.455396452299865695e-01
1.200522988988448780e+00
1.267387705990590030e+00
1.650852372549802549e+00
2.267522460504081128e+00
2.359761585379228421e+00
1.882087876738055776e+00
1.050690173820266748e+00
-3.531741912662406287e-03
-6.892757870695978006e-01
-6.951079468406453632e-01
-4.664211686735963425e-01
-5.249253548709126305e-01
-6.839590951212023429e-01
-5.683079117486520282e-01
-2.316917996992031992e-01
2.704319032833479852e-01
5.366433681456885818e-01
-2.369932167031217791e-03
-8.785601124912506554e-01
-1.158767701830080377e+00
-8.372634288056223228e-01
-5.458875494936653583e-01
-6.177605609380451002e-01
-5.386794365810360086e-01
3.325215027926518574e-01
1.176279216132192662e+00
7.491102933836386590e-01
-6.936699313708868386e-01
-2.007234398472664605e+00
-2.280944114692021518e+00
-1.291569745852731543e+00
2.595355768478423975e-01
1.316302217103594074e+00
1.489487710687992461e+00
1.048873530338972904e+00
2.898761314739692341e-01
-4.495056062583845935e-01
-7.117381452138610287e-01
-4.537642505377656454e-01
-4.784836723950972592e-01
-1.079388427120958172e+00
-1.492705961280444527e+00
-1.108527295023072456e+00
-4.441173966261216521e-02
1.077326405231779471e+00
1.644638214368197016e+00
1.310622469590521311e+00
2.504315741647603066e-01
-8.055194811931406518e-01
-1.195948537116792387e+00
-1.031297978161636930e+00
-8.383875037843839806e-01
-1.079554445407879593e+00
-1.771151537601653558e+00
-2.153590595198891400e+00
-1.522630874768751363e+00
-3.389866291902425832e-01
5.222138979086230481e-01
8.821038591741084955e-01
9.639708335783783166e-01
1.027013547594178400e+00
1.083731897322142590e+00
7.922314287071705596e-01
9.520553818153362768e-02
-4.648834885264294114e-01
-3.987592086820527237e-01
1.316551948880740480e-02
2.167534065579087843e-01
6.497009115121524236e-02
-3.641437360926237377e-01
-9.056543312774104626e-01
-1.285241025098405654e+00
-1.117041436541481358e+00
-4.134716737351867288e-01
4.841906827055118129e-02
-2.739630757454038570e-02
-2.372468908919505570e-01
-4.836518625195835863e-01
-7.132245117805965373e-01
-7.679315609730613668e-01
-4.105683618082792696e-01
3.903884113239730058e-01
1.133732378441487221e+00
1.313031594499778354e+00
1.037612967807465925e+00
6.517961835617652744e-01
1.424781024744318503e-01
-3.044756280623545641e-01
-6.332017838640735530e-02
8.759878847558225656e-01
1.679347830328679736e+00
1.828002568951460072e+00
1.603142758139800783e+00
1.349829526354791920e+00
1.152660309733308353e+00
1.013114570242952928e+00
7.711603661055000947e-01
6.499151951999589949e-01
8.651988756160776672e-01
6.529702370168668502e-01
-4.503745796122443634e-01
-1.448536684293001420e+00
-1.522653110639266227e+00
-1.036734262107267490e+00
-4.229191665128917421e-01
-1.221929913094765840e-01
-4.298878251187805422e-01
-1.020763401152417149e+00
-1.420431967246028826e+00
-1.450785794459208633e+00
-1.250586051753146410e+00
-6.939855230633419358e-01
2.658300862178437085e-01
9.333901675552531696e-01
1.158332951340731221e+00
1.215347407772473742e+00
7.822960386491658591e-01
1.146953457653135389e-01
3.062634568084686079e-02
3.941893813463994700e-01
5.745923648029944708e-01
6.255667409790687250e-01
9.840501285646694463e-01
1.434210690200012017e+00
1.087423544538122178e+00
-2.942103765354447953e-01
-1.737407837435092972e+00
-2.154615271433489632e+00
-1.521325341150830734e+00
-6.938641922079663571e-01
-3.209814450381823780e-01
-4.145366049890211180e-01
-5.663138992369401992e-01
-7.475769064611192949e-01
-1.184583878433420612e+00
-1.246156932320976907e+00
-3.460129213068123821e-01
6.918282745858969074e-01
7.817440153364816346e-01
1.105807456938133065e-01
-2.970750571700124798e-01
-1.759993867589380590e-01
-3.067504611680659798e-01
-9.602108171361494193e-01
-1.589773392306991218e+00
-1.821219457432181166e+00
-1.609471217760511497e+00
-9.616142075579674486e-01
-1.852067744773935876e-01
-6.944231608433121955e-03
-5.176881560786069647e-01
-9.038005853573334303e-01
-6.698984467260415965e-01
-9.574008011384808198e-03
6.043311867607867871e-01
8.256626078960200843e-01
9.529425737989434264e-01
1.108362823149197984e+00
1.047676183750166468e+00
1.125986529556351812e+00
1.074227117641324725e+00
1.109029628426046188e-01
-1.119732823881489869e+00
-1.553849315796744124e+00
-1.236772444048325648e+00
-5.839535943118268069e-01
1.927252560258304881e-01
5.500302206808596051e-01
8.022111317317531798e-02
-7.162640024118565041e-01
-1.086095697532262205e+00
-6.672672096321398127e-01
6.359533588036379859e-02
3.062525113001922095e-01
2.422287711375246122e-01
4.596106856687579567e-01
8.739872671832019657e-01
8.561324549922528782e-01
2.063729676950792902e-01
-2.964725447055763241e-01
-2.324058777261020503e-01
-1.615152266695877026e-01
-6.191155335619776823e-01
-1.300639992614143425e+00
-1.480202908950760898e+00
-8.209717887164000860e-01
2.482367758875323183e-01
6.014553721958676435e-01
1.085891561955054208e+00
1.654768827232868889e+00
1.438384520558873003e+00
9.288601125874446085e-01
4.606134906769739357e-01
-1.812786686908469599e-03
-3.117536725615299154e-01
-4.145498006286394560e-02
6.465476533472791498e-01
8.696538551841899167e-01
3.616741633444008897e-01
-3.447302803377849667e-01
-6.979392076149834034e-01
-6.915927384160319713e-01
-7.700285912221541684e-01
-9.674214897787060119e-01
-7.842887480757687602e-01
-1.884427683579648072e-01
2.549054019937004312e-01
3.968997999652806863e-01
5.954310947145495803e-01
1.087823696646603722e+00
1.526840249620481149e+00
1.206114519489872139e+00
3.527928520064339546e-01
6.849599410250443998e-02
5.916033461287801831e-01
1.024042164985188519e+00
5.114606570693616128e-01
-7.091737492254337472e-01
-1.681128515834132919e+00
-2.184932163275135952e+00
-2.641046377387754163e+00
-2.729430310774567658e+00
-2.132049061184061234e+00
-7.920359768222220431e-01
1.237094687582460661e-01
3.267359048264335541e-01
2.350765306158252022e-01
1.268982651869012546e-01
4.960127287986422218e-01
1.614266852780786854e+00
2.496725824457400655e+00
2.045535622657462138e+00
6.778880518792764764e-01
-1.164965444593305394e-01
3.338051590551137093e-01
1.176104951262190390e+00
1.436631556808964927e+00
9.548995670875005670e-01
1.316253225037870289e-01
-2.891238172397143091e-01
2.993557576577971988e-02
8.519050084100786291e-02
-1.097654712349944717e+00
-2.346430425093604999e+00
-2.061126548839364414e+00
-6.718804492389691685e-01
4.784661788135960991e-01
1.092573402310613728e+00
1.416122424750088094e+00
1.306727900146939847e+00
6.774017866849623148e-01
-3.615068474497958734e-02
-2.328379401384002290e-01
2.154534263388684923e-01
8.519291292954856987e-01
9.964411003391585586e-01
4.553965883191083419e-01
-1.466494563399946272e-01
-2.204146193797054953e-01
-4.104755139469878217e-02
1.994640277630020664e-02
2.902169747310681669e-01
8.141335798451453387e-01
1.269189054243971215e+00
1.550503631420958373e+00
1.361747681565672607e+00
9.389913096170207085e-01
1.008933103971435097e+00
1.389489921305858466e+00
1.655036512448968100e+00
1.668645604009320715e+00
1.104871051794806602e+00
1.241155353244632747e-01
-4.661421963568732618e-01
-2.352441289291034021e-01
3.352444220964533872e-01
6.510828935746707513e-01
7.582753297948687798e-01
7.201949592802395772e-01
4.963198726010019657e-01
3.272272412534444341e-01
1.645500829280949207e-01
-3.120698531291025146e-01
-1.010757964059377567e+00
-1.576129002910195975e+00
-1.802939471096198565e+00
-1.381265863626584212e+00
-3.754687317354715725e-01
2.151744472111106754e-01
-1.019163669584830650e-01
-4.873480480511609425e-01
-2.960657678224457023e-01
2.024110011518008290e-01
5.916599481614680522e-01
6.962480098287975316e-01
6.220785295486601640e-01
8.012438476775459728e-01
1.333441049708780080e+00
1.568962371532065969e+00
1.248911381761643957e+00
9.510523898365259576e-01
6.072988946515822661e-01
-8.408657024609339503e-02
-5.360590566974894333e-01
-3.097596383567412515e-01
1.328732049013359728e-01
3.084465567016564935e-01
1.826149678499618401e-01
-1.947009187105768202e-01
-6.920653890491145210e-01
-1.272005693016895700e+00
-1.720726693423403342e+00
-1.623261246543654890e+00
-1.276558456161517086e+00
-1.269007062117055940e+00
-1.397630055893684053e+00
-1.050489322847801610e+00
-3.696320427104755058e-01
-3.088672245230058566e-01
-1.367748656154723408e+00
-2.325628873811306452e+00
-1.829605891980792487e+00
-8.499724284300891330e-01
-6.980251288032085499e-01
-8.368694855061974414e-01
-5.840524619954819974e-01
-3.245366259020518451e-01
-4.586908568705391209e-01
-7.100184600815480085e-01
-7.665572250341625704e-01
-7.389383314673415581e-01
-7.177591175411470736e-01
-5.749206226987394475e-01
-3.522791266132934695e-01
-1.083713901000276647e-01
3.264831334961829090e-01
8.268302026452519771e-01
8.052910526854736295e-01
1.595679872180864323e-01
-4.960191598567385562e-01
-6.087252484409378939e-01
-2.742189528188770931e-01
1.371534826634667747e-01
5.783273227832126384e-01
8.852784276436150845e-01
8.873781786005423555e-01
8.417402390240555921e-01
7.871299757274725639e-01
6.126899387340569714e-01
4.639690394700184406e-01
1.021177682621288441e-01
-8.297240213356795735e-01
-1.734076381211685725e+00
-1.714276799298125376e+00
-1.040339909085522541e+00
-7.458690347831379297e-01
-5.398282669845162474e-01
5.168808934072882666e-01
2.033197602551628957e+00
2.730178402540036853e+00
2.344460370371889812e+00
6.359639758195704262e-01
-9.256204834773379408e-01
-1.650600583346847117e+00
-1.573648159038067762e+00
-1.162875540936704422e+00
-1.022145256126802071e+00
-9.356600370829312174e-01
-4.858820928128914640e-01
3.977325275860017773e-02
2.648921367698831575e-01
3.026984153935490252e-01
4.263173023422207608e-01
6.058202376792356514e-01
5.120179534661427612e-01
-8.200474017196125731e-02
-8.323454350857582007e-01
-1.058748432596647193e+00
-7.019307755620399769e-01
-2.823381838632572083e-01
2.081156014361564346e-02
2.757558046851044109e-01
1.430727907857781145e-01
-5.363739599462572505e-01
-1.023405173738525464e+00
-7.241157573644753098e-01
-8.139579753248511740e-02
1.641268026292835025e-01
1.033432769024723807e+00
1.841390721095579774e+00
1.952257967764456037e+00
1.552316429707476964e+00
1.316407380736075217e+00
1.379863498968430857e+00
1.280827636774264811e+00
8.906029880734855908e-01
7.428065222966591108e-01
1.142183509726138135e+00
1.315788996207358563e+00
5.423894559334357934e-01
-6.200087355600930605e-01
-1.326078414212665812e+00
-1.699897577774851065e+00
-1.961506097448234565e+00
-1.771154843866073580e+00
-1.124524425732124966e+00
-3.690313645075924409e-01
2.519801666300057197e-01
3.897463204645880697e-01
-4.537308515250568219e-02
-5.065212502288930496e-01
-6.915765031479998992e-01
-1.036676333964871244e+00
-1.527489715940428816e+00
-1.529856188887496637e+00
-9.644704111398147983e-01
-3.697529669762629201e-01
-2.162338561485993849e-01
-3.777680483596582151e-01
-5.627966701352266066e-01
-7.993366957553230678e-01
-1.030314085278685843e+00
-1.064950936725113539e+00
-8.827825979124220845e-01
-7.482132385052893131e-01
-6.497362859881365971e-01
-3.119980672619447892e-01
-2.390261645282256431e-01
-7.334535000409524441e-01
-9.786295328414890138e-01
-5.084030807948727304e-01
-4.102806601815203735e-02
-1.538301637805220279e-01
-3.161666537934969545e-01
5.451610042026661801e-02
7.446418126712632812e-01
1.254998367218924660e+00
1.402037238456533386e+00
1.328292029166352251e+00
1.045323029239351165e+00
5.720169998610037387e-01
2.470093104726880928e-01
2.972306301864975353e-01
4.814006722283219464e-01
3.840351479673909663e-01
3.500466977271887020e-02
-2.583687526509545473e-01
-1.695125142732887835e-01
4.180687966504777475e-01
9.025426662484727913e-01
8.012954929178156549e-01
5.092012618875672025e-01
2.946038162655024717e-01
4.918571990232137314e-02
8.125475088122770251e-02
8.562822732507257006e-01
1.981905532510812362e+00
2.210686339045559556e+00
1.125733197987048628e+00
-8.809674330531416797e-02
-3.845583936782645540e-01
3.488838583563699802e-02
4.499250052646660003e-01
5.265811444164605337e-01
3.957635529702714927e-01
2.947498297946692380e-01
4.580463417032313855e-01
7.182179532630972307e-01
7.324697366108334773e-01
7.439137858536741810e-01
1.052389107271738844e+00
1.419261856704695957e+00
1.577266392806426776e+00
1.517273668964897126e+00
1.252046109129328233e+00
1.098067028862339756e+00
1.172067661258679117e+00
6.221813593772841378e-01
-8.783085189868664600e-01
-2.220508285784606795e+00
-2.405029524828360188e+00
-1.696909978449803624e+00
-9.175028126919482219e-01
-5.010235708000393418e-01
-4.306738306270388450e-01
-4.322275261932720380e-01
-7.102642219961678716e-02
8.023133385597233103e-01
1.581606172080335604e+00
1.778095856612463166e+00
1.552157208260851906e+00
1.083336194762579252e+00
5.093268821591254714e-01
9.326261111728319231e-02
-1.059962991352588618e-01
-1.711896871685710531e-01
1.225183693181428612e-01
8.232192894089949142e-01
1.353445875548286104e+00
1.235459657285359336e+00
6.447069032970814684e-01
1.895654195673264208e-01
3.556915172062616870e-01
9.469120263555548256e-01
1.348322746192073929e+00
9.215263651179815829e-01
-3.046077185809297205e-01
-1.284288680389902071e+00
-1.445385541303829235e+00
-1.207976803364001928e+00
-1.000240320790313886e+00
-1.161600035575516277e+00
-1.532946667231345872e+00
-1.444718436149956986e+00
-8.352773280299097269e-01
-1.688230105699654870e-01
3.353985288749081750e-01
4.134205016754657902e-01
-2.964318350501702337e-01
-1.342723722702734657e+00
-2.089983085478770430e+00
-2.522434020712134295e+00
-2.515054073854174455e+00
-1.908995786756201518e+00
-1.005902004343398604e+00
-8.885152956881660347e-02
4.233207033756355986e-01
3.576953785355637683e-01
3.824689701556896471e-01
9.175376559821087907e-01
1.424173646879315358e+00
1.118694055371786122e+00
2.127669350731427600e-01
-3.194224991475967945e-01
-3.678492622967929337e-01
-5.698921289610664465e-01
-9.174382055463969898e-01
-7.615493792971115283e-01
-3.953285391112447422e-02
4.174017459733291857e-01
4.361671714573715497e-01
4.736873969630054360e-01
1.059053100714006657e-01
-7.981387630743833617e-01
-1.385953799888739235e+00
-1.451319032597354397e+00
-1.151720418061609186e+00
-1.185921812543345027e-01
1.218838067159965233e+00
1.519542973351955650e+00
3.241646578488709407e-01
-1.260652574390530356e+00
-1.891215961865928330e+00
-1.625412215974027630e+00
-1.252893714345116649e+00
-9.287160245472223519e-01
-5.169796728675445374e-01
-3.303466664842914513e-01
-4.562088582745232324e-01
-4.608753846563050649e-01
-3.065812735458051455e-02
6.776970452252981669e-01
9.534429536620945278e-01
4.960889784953507187e-01
-1.393699330196835895e-01
-5.168589023728455967e-01
-7.610362962864224423e-01
-9.982991647204326746e-01
-1.097022142093704300e+00
-1.031367959839608828e+00
-8.516510210942658254e-01
-6.087018626189062420e-01
-3.785250720380091694e-01
-3.200131551121965234e-01
-5.456097124014992472e-01
-7.578068520276260989e-01
-4.354364960864048339e-01
3.856567386303138556e-01
8.846118268036435861e-01
9.211341234460962424e-01
1.132871432571301629e+00
1.244870922222826248e+00
8.883456287740087998e-01
7.105460742980036493e-01
9.112195307003746469e-01
9.175393504806400591e-01
5.934934747711441139e-01
2.082879637620004276e-01
8.203254747660982948e-01
1.587695947961511589e+00
2.077126601988251942e+00
1.762137682793285531e+00
7.426197724690581925e-01
-3.947434913781056598e-01
-1.404052270931586133e+00
-1.978665917459312640e+00
-1.912274801326375062e+00
-1.624709364252977961e+00
-1.338063379719250934e+00
-6.833079825714603039e-01
2.046257057867439944e-01
4.629877113072276562e-01
-2.376791204772253918e-01
-1.109045014849170174e+00
-1.287167734565442645e+00
-8.542090617436672861e-01
-2.428629005871623947e-01
2.791632450231502638e-01
4.259222231379222734e-01
2.685720097692991248e-01
2.488268745830706299e-02
-3.653209151711729330e-01
-7.491747084638670229e-01
-5.618387450923642001e-01
3.437653473394398085e-01
1.086689933681705078e+00
9.178600772343831204e-01
5.369095497345995893e-01
9.614311694613809633e-01
1.834530193393919761e+00
2.249682873595554966e+00
2.353616303404176158e+00
2.448350835520366697e+00
2.009017664920832669e+00
7.066726716944171649e-01
-6.002695717015956722e-01
-9.665473342615685803e-01
-4.978243132447864316e-01
1.844825273588450165e-01
5.847118719878428017e-01
6.789024712178686194e-01
6.694748752829539074e-01
5.784177092991342750e-01
2.561201868342383170e-01
-4.382100082039011579e-01
-1.102835991900078083e+00
-1.228675702279660387e+00
-8.850567703729995683e-01
-3.886553220452044766e-01
-1.046902662113893684e-01
-4.390065381167684855e-01
-1.304150030909578817e+00
-1.952287790368737008e+00
-1.935861640657077665e+00
-1.436538666979401579e+00
-6.867637734158745788e-01
2.278996716925332233e-01
1.033339948726162527e+00
1.367591238650827101e+00
1.187749529884592592e+00
6.653803757965673915e-01
9.187315004013897612e-02
-1.830479626088803713e-01
1.737848234746975935e-03
6.751153636619854348e-01
1.575773072722767010e+00
2.028162219955576884e+00
1.712091903659242575e+00
8.717927340374831413e-01
3.556284145843646716e-02
-3.779921955682695178e-01
-3.777864123037334987e-01
3.675599674007799800e-02
5.372137585892781120e-01
3.701785085031620848e-01
-2.656888390079537587e-01
-4.924627471751866215e-01
-1.384254820813141940e-01
5.773861087654810209e-01
1.355499899654236895e+00
1.340419552803562731e+00
2.504892764397720906e-01
-7.579987824121128259e-01
-9.295785667992197965e-01
-7.569956347420839782e-01
-6.265890587079301355e-01
-6.273287928690733928e-01
-7.396669577101323556e-01
-5.594522301439891487e-01
2.231393913056153588e-01
1.079156343476444624e+00
1.334714866477257678e+00
1.244494404727821912e+00
1.219731981768399587e+00
8.577846140875040604e-01
-1.295463812440145746e-01
-1.170652998615169471e+00
-1.611633494554653767e+00
-1.401219283812812577e+00
-8.512789110401253190e-01
-5.913083817517488239e-01
-1.169479637242045289e+00
-2.087030789331095537e+00
-2.421914393982302460e+00
-1.937065038458520849e+00
-1.151142799500541658e+00
-8.738554690880533382e-01
-1.304287689064181910e+00
-1.688516268756402150e+00
-1.565645699959831161e+00
-1.263529190453909212e+00
-8.650103113820996059e-01
-1.540835579207119055e-01
5.469121861320483946e-01
6.904783954706430471e-01
6.162250365689964093e-01
6.998392674169375827e-01
3.620399545243759287e-01
-4.872499680556481305e-01
-1.303191512612390301e+00
-1.886074711608305643e+00
-2.134335021030769663e+00
-1.851863908833159877e+00
-8.836851150219008355e-01
3.249989198030982518e-01
9.402285508344876419e-01
8.936999388137534250e-01
1.015702930550278715e+00
1.603224037171374183e+00
1.860724717142260065e+00
1.488786913427434744e+00
9.183287851113609568e-01
4.873040078705994649e-01
5.035861347182181147e-01
6.960630078995325709e-01
3.305241282102300837e-01
-3.575442750222749266e-01
-5.566837794568254560e-01
-1.931144082616683411e-01
8.813505403557653217e-02
-2.130494617839472915e-01
-5.463430692166995062e-01
-8.073792627853809689e-02
9.014497432443807634e-01
1.416026414997758165e+00
9.940719432465330296e-01
9.873631318890005448e-02
-3.695565158872972655e-01
-2.045998495581990984e-01
1.228889088250684491e-01
5.855285827222143080e-01
1.213337973470822062e+00
1.676652156943331473e+00
1.727072432635001320e+00
1.371816822099068078e+00
9.059288088269324968e-01
6.129775482232526773e-01
5.981416093144382717e-01
7.630028352254151214e-01
7.375780180524256213e-01
5.216286284048212707e-01
5.786980537684138781e-01
6.951748361084196803e-01
1.667714323330993509e-01
-7.096329507039845774e-01
-1.017609000765179461e+00
-8.977081693603293777e-01
-7.991494767897954210e-01
-5.823685906991409311e-01
-4.534627033892191239e-01
-5.488916885435443094e-01
-5.506701267791114240e-01
-6.182534193550464074e-01
-8.643993171978784362e-01
-7.970974867966623689e-01
-3.559285627292643195e-01
2.464884731852602998e-02
6.360733362125292611e-02
-1.520050073883555675e-01
-2.703690167319366400e-01
-2.597896756947326580e-01
-3.387291562568194858e-01
-4.271810213333722683e-01
-2.981909650893888597e-01
3.708535990070794403e-02
4.788516770610363182e-01
8.622326281603807097e-01
7.018545168492789088e-01
-3.291689022586914010e-02
-3.546517622848207596e-01
-3.542334089772115197e-02
-1.123291490661450370e-01
-7.549470795917991861e-01
-9.393709160101665345e-01
-2.741099020679948484e-01
3.206610094966918512e-01
1.856256264951436363e-01
-9.266396659494234578e-02
1.868528233792130511e-01
8.576228200098122423e-02
-5.229945787159382409e-01
-1.319426744098481930e+00
-1.489406285300708843e+00
-1.194117100102440210e+00
-9.812999116552550971e-01
-9.102581248351251375e-01
-1.204436104825408638e+00
-1.612336792406619201e+00
-1.529344907987210345e+00
-1.239541634519193414e+00
-1.385026591265358098e+00
-1.612880546276685534e+00
-1.197366632540612708e+00
-3.600146069908123359e-01
1.529083211321902169e-01
-6.017005469087827879e-02
-6.675054283365283725e-01
-8.093269830059086622e-01
-5.170827178657366741e-01
-6.545231091570713478e-01
-1.020308100336563939e+00
-7.962572134953902481e-01
-1.469302902314585380e-01
1.825042151137434288e-01
1.875514820803161342e-01
2.375814407768064296e-01
3.880414821283997284e-01
6.832771175550707010e-01
1.041124639721001888e+00
1.341032461008378807e+00
1.561350259067820767e+00
1.754581480934704674e+00
2.009596052263951549e+00
1.924504506543743387e+00
1.008872340859779060e+00
-2.563912313200815141e-01
-8.628182676164015685e-01
-4.829053662639614108e-01
4.003976189860522505e-01
1.000589434697033875e+00
9.541813993994804344e-01
7.092287857110083360e-01
3.952026514964512294e-01
-4.253214383275325527e-01
-1.465091050598044342e+00
-1.896728574337968709e+00
-1.603525296023145641e+00
-1.135197999166385197e+00
-5.659346542607566199e-01
7.258376297703028612e-02
1.938979643307361389e-01
-1.856499536692237662e-01
-6.559184815809174784e-01
-1.127466001297746878e+00
-1.375017703373277111e+00
-9.822968610947825363e-01
-9.610739627483623482e-02
4.777277880304372504e-01
2.640374174833222121e-01
-2.888570506986657405e-01
-4.515478644811814490e-01
-9.280784131177341467e-02
3.459495472110780678e-01
5.185183380652421681e-01
5.750116867368544327e-01
9.216829377717865590e-01
1.482736509749897902e+00
1.286904682957844548e+00
-4.655350963173530976e-02
-1.385594690369498672e+00
-1.671814613797333982e+00
-1.250174910407698237e+00
-1.020868332969460335e+00
-1.197409588035532213e+00
-1.249905670793149293e+00
-8.428450435100479643e-01
-4.904415003793651806e-01
-3.483163528486669103e-01
1.729409261673187648e-01
1.006100569541939382e+00
1.349388908686328437e+00
9.682497099069391489e-01
3.866300047616091362e-01
3.766467163897742332e-02
1.828819802222303170e-01
8.020408127016231958e-01
1.456629740016603725e+00
1.706274950090655329e+00
1.459294504621658328e+00
8.806653002434868815e-01
-1.067994936493366354e-01
-8.882422056048057124e-01
-2.968715898015052423e-01
1.053918307224837925e+00
1.515967709799665331e+00
1.257254849209987091e+00
1.585820442398023333e+00
2.330382060398527688e+00
2.270902502120521138e+00
1.384678207418801543e+00
6.284476710779385300e-01
4.007976120675350584e-01
2.040335919591766967e-01
-4.678945910113073703e-01
-1.149405731909279416e+00
-1.297558326360017000e+00
-1.110588899058422285e+00
-8.470889165348109984e-01
-6.156246783254037958e-01
-6.998575360783509947e-01
-1.125024369357247256e+00
-1.327038502443259604e+00
-8.922913595653294561e-01
-1.670303520310462420e-01
3.514062031083542426e-01
5.218782902045306926e-01
3.949714771933426349e-01
2.597972123847334669e-01
2.488975934335894424e-01
4.126710728324187866e-02
-1.852071989164195687e-01
4.989355148182385291e-02
5.989117674477235642e-01
1.094508152442288829e+00
1.345910720616416700e+00
1.376917888322384709e+00
1.423087972507705912e+00
1.325140633756749509e+00
8.071921449193545373e-01
1.634360901479710304e-01
-4.298249285625656002e-01
-1.080255903472199464e+00
-1.651630401284303495e+00
-1.968795366858177909e+00
-1.762868531304740083e+00
-8.708757278324815720e-01
3.589502483186358117e-01
1.522049443916576150e+00
2.208491347843717367e+00
2.087974713943486105e+00
1.481147967034119883e+00
9.377497596928068280e-01
5.027419401815387268e-01
1.950227362027568551e-02
-4.128854239336093856e-01
-6.353191940852552788e-01
-4.093094305353753293e-01
3.982072533561312744e-01
9.598638850530752942e-01
7.394738934371982708e-01
5.236248316434184424e-01
3.310473059784286298e-01
-3.390613137065946470e-01
-8.821377093126782087e-01
-6.428047127688011342e-01
1.010263253548956686e-01
7.292833951884322152e-01
8.992984321543818771e-01
7.102501682674597916e-01
4.250012648780250868e-01
2.226596172139954088e-01
1.907421280450261325e-01
2.540274019889378621e-01
3.831698607404839252e-01
5.280897465793024104e-01
4.936991071003851705e-01
4.748561743768929810e-01
9.845882416669654580e-01
1.746222959906552852e+00
1.968688674155331997e+00
1.246070854128456862e+00
-3.189746018735075683e-01
-1.640826779805083291e+00
-1.677285079139986257e+00
-1.115494034463230255e+00
-1.041103516556182385e+00
-1.448003248595050030e+00
-1.757327592837691022e+00
-1.338459070684906882e+00
-5.579879777672331898e-01
-4.187202132178607372e-01
-7.800223924118628860e-01
-7.007223375375082330e-01
1.892899963166842503e-01
1.256716801735261013e+00
1.456156574726841679e+00
6.511744972140881549e-01
-2.511753553083234114e-01
-4.318934775478402988e-01
-2.565645604705071511e-02
2.436942052359735156e-01
2.188500090272283150e-01
2.196110192755697799e-01
1.392416599545768241e-01
-3.797033437064533112e-01
-1.005998167122658549e+00
-9.711723556626895570e-01
-3.847271492791127234e-01
7.133320012648456387e-01
1.262069985103348113e+00
1.072639566175827674e+00
7.954722264752918381e-02
-6.478137371712839876e-01
-2.441208733970582911e-01
9.536118722798253566e-02
-6.838085858645954751e-01
-1.664349456936393246e+00
-2.045036686110349944e+00
-1.712565501758131381e+00
-5.275034209550455433e-01
1.195970209429304321e+00
2.597760869832126396e+00
2.730182030057557885e+00
2.355189311422743792e+00
1.185017891138615997e+00
4.264747606649879619e-01
6.295713900720621981e-01
1.344286862238147418e+00
1.739900448771231734e+00
1.489671971455220900e+00
9.785094897506437794e-01
7.054287171592505956e-01
4.498443248079622703e-01
-1.518335449674661775e-01
-7.461302339509796600e-01
-7.855921746356421265e-01
-4.956606350596306498e-01
-5.948381042112078632e-01
-7.474940651201246178e-01
-1.767299276253683216e-01
5.427688053291309656e-01
5.439260654892001945e-01
1.976882274907673098e-01
2.818535022086952058e-01
7.659262434213160997e-01
1.231676169526510822e+00
1.420583887468158668e+00
1.241485022883489053e+00
7.526901677117063816e-01
8.493988440640797000e-02
-5.667479039977439959e-01
-8.697452149909363772e-01
-6.940520728704628883e-01
-2.873672706984002345e-01
1.112066722331595536e-01
2.706280851407653620e-01
1.201213404334195989e-01
1.536295437105098804e-01
5.838678658867221261e-01
6.673989652453578003e-01
-3.148958591338858054e-02
-7.272913188816986230e-01
-1.031917430885642029e+00
-1.228099320400054539e+00
-6.868864736434356910e-01
7.094542809445626430e-01
1.616353330134319144e+00
1.461965073371481516e+00
9.355580298558916486e-01
6.264112157772937506e-01
4.584228586927068805e-01
-9.672597548125622113e-02
-1.182312682505915813e+00
-1.973473422604950622e+00
-1.859420049684476606e+00
-1.166256120896452586e+00
-2.284955878647813854e-01
7.009491915243903915e-01
1.453348618270143389e+00
2.001578008797796571e+00
2.142380113702197608e+00
1.827459989257734563e+00
1.360768264263001903e+00
1.160017019270194405e+00
1.566728984027465410e+00
2.082001689832620350e+00
1.698223642059056182e+00
5.445133793744052486e-01
-4.239910852977559208e-01
-8.365164101355321291e-01
-8.105704621901174134e-01
-3.971924687993024228e-01
1.105814469013437634e-01
3.810474912197209241e-01
4.901049734162171156e-01
3.176062390590013718e-01
-3.521407353943343255e-01
-1.134219290956504311e+00
-1.474040606298182121e+00
-1.426364483361513669e+00
-1.397663636721247160e+00
-1.450493294853496984e+00
-1.344930495519230051e+00
-1.083781835871070909e+00
-8.034436673594445022e-01
-4.012388790319261767e-01
1.813398859497439841e-01
8.943106738097252872e-01
1.479086658630193174e+00
1.461353795089630925e+00
1.093487229802309502e+00
1.032124615631279108e+00
1.345663315471711918e+00
1.441424719643830787e+00
6.130205346964291424e-01
-6.960124862602542484e-01
-1.165707307575726936e+00
-7.398759596448656328e-01
-2.198767369755228740e-01
1.845324735492723522e-01
3.138205354845559070e-01
-8.844308143319792176e-03
-2.952061443463845913e-01
3.238176701715846095e-02
6.054892772202514761e-01
6.139605839826001166e-01
1.161688751607430209e-01
-8.638459277782294110e-02
-1.888155583992529724e-02
-3.856507580490462495e-01
-1.016717001836845435e+00
-1.308556608125427179e+00
-1.238349719455539732e+00
-1.012551688498143143e+00
-6.048520424701480103e-01
-1.723139849369916821e-01
-1.561342492989783171e-01
-6.071399385410718441e-01
-1.019170211238404455e+00
-9.274343323246502235e-01
-3.170065399609269252e-01
5.511169306493822750e-01
1.010335617182359647e+00
5.176432351178583691e-01
-3.695810141455915243e-01
-9.637098247297364306e-01
-1.253333712841907088e+00
-1.241605908532357638e+00
-8.437940978457346697e-01
-4.682219800412293909e-01
-8.250179580760236275e-01
-1.509981148323318534e+00
-1.426443945043217809e+00
-9.023935103179954176e-01
-7.461102311492676664e-01
-8.256228483026868403e-01
-7.260782789548515526e-01
-1.837096983777015621e-02
1.295651404008944185e+00
2.233220059059909168e+00
1.933802125826243223e+00
8.406219858840029424e-01
2.454560172212119640e-01
4.633613401701054957e-01
6.076694053763438408e-01
3.600157648601947646e-01
1.522737914773381884e-01
2.584050939256081758e-01
7.407186581142198856e-01
1.269190445367445852e+00
9.638334237947784322e-01
-1.114501470666871552e-01
-7.776006346647097445e-01
-5.379103929167344811e-01
-3.106623339473073980e-02
2.460301350879003923e-01
4.578086895121931121e-01
5.301220752008080073e-01
2.106545941371790187e-01
-2.859754016928808817e-01
-7.622012227751736591e-01
-1.216225573300106610e+00
-1.388467314875494685e+00
-1.150486877789450579e+00
-9.966440647490165672e-01
-1.280423165421324283e+00
-1.619918285430861804e+00
-1.588335639676863531e+00
-1.040406559602009118e+00
-2.101241187231445984e-01
2.950573671273594711e-01
2.579554755491867413e-01
1.015376813352917990e-01
-2.772785008463979906e-01
-1.023135409888647818e+00
-1.340851973615935666e+00
-9.245065643531997779e-01
-4.201550435345770551e-01
-1.344285639567886215e-01
2.638287173427316668e-01
7.915830796890225285e-01
8.340173601979725682e-01
2.350692412016437416e-01
-5.160287089709677533e-01
-9.798566161468760249e-01
-1.080867711566258604e+00
-1.013325184810748070e+00
-7.268209480291280000e-01
