-5.230022655269817022e-01
-2.767156235446516233e-01
3.055587475755919269e-01
2.836237459202505806e-01
4.229472495509883218e-02
4.058520021616762175e-01
8.957926674326893712e-01
8.705069858774334701e-01
5.775233763144764776e-01
1.710537688155262803e-01
-1.793260224988132701e-01
6.150064585229435971e-02
5.920347086135399062e-01
7.751619558287606848e-01
6.172701475965846063e-01
2.854384127414800187e-01
-9.301317349735800655e-02
-3.931322145090143105e-01
-3.122919035776184349e-01
1.599078487753314570e-01
5.072619238360024374e-01
4.804346623977898134e-01
2.561295619901793885e-01
9.344332555167153553e-02
3.063142115156239353e-01
7.727123931628013809e-01
9.152096987008724316e-01
6.385537206230396112e-01
6.684230556316782534e-01
1.240661280259154564e+00
1.583846875924692865e+00
1.299954549801069392e+00
6.595821357507346550e-01
6.288867578678852821e-02
-2.474440002665946881e-01
-4.639861774230749081e-01
-8.148245129207123405e-01
-1.286316795704592897e+00
-1.535693458134808287e+00
-1.076315383632191702e+00
-1.765480523917246436e-04
1.004576059584727510e+00
1.251430776127392175e+00
5.145410678097235291e-01
-7.522691019724550010e-01
-1.645509537097218145e+00
-1.634007810890406809e+00
-9.204655195227469111e-01
-7.741750364735995593e-02
2.692129341056672120e-01
-5.196718377379505593e-02
-4.438352363860189609e-01
-2.950059398253965792e-01
1.531697175918310949e-01
4.636792439993870918e-01
3.949201205039979401e-01
-2.590258230228638103e-01
-9.307219281102004915e-01
-9.675623434464030170e-01
-6.514657811164124013e-01
-4.668933736269469947e-01
-7.433096628440661879e-01
-1.337067123194425999e+00
-1.464669563295833310e+00
-8.936286331682032902e-01
-3.289980274697748563e-01
-7.546640131102792803e-02
4.824086781937568236e-01
1.418486756705130247e+00
2.083411460754426514e+00
2.397314559317922811e+00
2.242647471202437792e+00
1.304125991873592794e+00
-5.935903788726862307e-02
-1.319856903478510812e+00
-2.127177981497713422e+00
-1.995827431798541163e+00
-8.674235329305970410e-01
2.323845750922315656e-01
6.079324251216223773e-01
6.833521287638139041e-01
4.620393036693739575e-01
-1.225457514963687461e-01
-4.852901524332784433e-01
-6.387329880048125963e-01
-8.547500191659106461e-01
-9.496336221778034492e-01
-9.881539964212776583e-01
-1.033843838454217678e+00
-7.839809504809582830e-01
-1.216443347446697909e-01
5.798473160610575494e-01
1.041487500132728838e+00
1.399414436962469255e+00
1.708987654441250781e+00
1.847247844160795571e+00
1.849982816257505380e+00
1.743582676326157488e+00
1.222480023624695544e+00
1.861457839488452892e-01
-6.064190542766847436e-01
-3.847499976711376002e-01
5.083291215651118966e-01
1.202779562217624054e+00
1.213647025394046119e+00
7.487796264245378808e-01
2.412799688971544176e-01
-2.010558082344935382e-01
-6.481674305343996245e-01
-8.867775174262224613e-01
-5.981816496535415917e-01
-7.295946642891076861e-02
1.149423205656985719e-01
-3.466910314268214360e-02
6.733066657809831657e-02
5.614683665649268240e-01
7.351833053223869596e-01
1.218282758954123274e-01
-8.908949020844386668e-01
-1.489235517339991155e+00
-1.323965721109839455e+00
-9.529172546261742704e-01
-6.986130291456104091e-01
-2.381900947580490036e-01
5.430757569386146510e-01
1.244066986976336331e+00
1.545904451319569661e+00
1.688949849508111889e+00
1.643180848860906096e+00
8.696885460540848545e-01
-1.081859309185129181e-01
8.085044698584407659e-05
5.934806345746730383e-01
4.760342731616276635e-02
-1.357600914397236735e+00
-2.007676050532632761e+00
-1.294525351617336284e+00
-1.026562174858469678e-01
7.366622311932294886e-01
1.150990411377764921e+00
1.340412718943950976e+00
1.196188699210724904e+00
5.382460702331350877e-01
-1.677202950679430593e-01
-5.663416821681458435e-01
-5.973553794839160380e-01
-5.508782752772443253e-02
6.915129949329759107e-01
7.817284869024514471e-01
1.737114587660440190e-01
-4.201235058013302881e-01
-5.838589517628417491e-01
-5.008404047374276358e-01
-5.970787339341517841e-01
-7.614178668782329851e-01
-7.016277023107945210e-01
-6.558315631451411276e-01
-8.448928675209012029e-01
-1.203238840158098455e+00
-1.558159979973822162e+00
-1.609670512992675606e+00
-1.110606662122317623e+00
-1.908137426501286815e-01
5.232275524257459232e-01
5.506533481193685020e-01
1.351299726553557012e-01
-4.849992631915964192e-01
-1.172434405657317047e+00
-1.586429600243660865e+00
-1.834066807676958399e+00
-2.134271656935690764e+00
-2.337104743125480777e+00
-2.314688781712051835e+00
-2.059836035391664488e+00
-1.658446828505635295e+00
-1.382698944482616543e+00
-1.379596740840169034e+00
-1.497057752066512704e+00
-1.411881730564917836e+00
-7.037514476212286541e-01
3.415673547648045427e-01
8.056995196470494447e-01
7.701309755554588410e-01
9.336449341825687753e-01
1.240368939445751773e+00
1.283631616669123288e+00
9.447748707004340885e-01
7.564820712747866160e-01
1.059819424337816063e+00
1.423546699660596992e+00
1.478933536898976664e+00
1.104061134745462081e+00
5.425555883502779508e-01
4.035857243839703346e-01
8.685724376387382595e-01
1.444862665783772204e+00
1.459468495983301972e+00
6.463608488585715905e-01
-2.466345306959891737e-01
-3.761235944749091731e-01
8.611905687442489299e-02
3.823339811731887861e-01
5.804770708929202216e-01
-4.098869165101511752e-02
-1.292978166267679141e+00
-1.854367656923106455e+00
-1.015377674584640344e+00
2.207701651995934433e-01
5.732089681129652892e-01
-1.200664959025718043e-01
-1.150395178475081215e+00
-1.864623844362330640e+00
-2.106725523430900804e+00
-1.769773382138729811e+00
-1.145536534699329589e+00
-8.350994948801119255e-01
-8.349187356983035491e-01
-1.011068404542246668e+00
-1.353618290372043509e+00
-1.447228616634268050e+00
-9.964697385801614127e-01
-2.993553407390978083e-01
3.119139420553542763e-01
7.174761775896909555e-01
6.838450600597704154e-01
2.076229140832926701e-01
-5.979048007186153063e-02
1.740151254226949551e-01
4.706155522125465840e-01
5.509028509350060165e-01
4.516781493867317310e-01
4.910197731357073270e-01
6.377746354060473966e-01
5.520018638991861515e-01
4.446032790560025538e-01
5.226577918977308723e-01
4.584832059924134340e-01
-1.038743142744784492e-01
-1.046307623294910893e+00
-1.734343715399192298e+00
-1.514479927605949960e+00
-5.408211790849943856e-01
1.888785386102810882e-01
1.372820894656420210e-01
-2.104812109094797434e-01
-3.789825226115495216e-01
-5.606892715250361148e-01
-6.231826878490820398e-01
-2.710454888487484268e-02
9.107101469298369834e-01
1.518308473142875314e+00
1.498666523626984493e+00
9.852019947451764459e-01
6.307559682413405033e-01
8.195353216172006627e-01
1.007291122335134403e+00
7.410288884619053995e-01
5.740827699627418790e-01
9.171968383054679430e-01
1.165401438278293123e+00
8.332902894811116123e-01
1.847284942778955885e-01
-1.190435925645883380e-01
1.625980129180673583e-01
5.275798174000153606e-01
6.843306985488334382e-01
9.656931113265041500e-01
1.609033276551942171e+00
2.110766805409318714e+00
1.811582367359284573e+00
6.692939534174887628e-01
-5.808703660662294377e-01
-1.108524583248857720e+00
-9.291516026157380370e-01
-5.841859036630675517e-01
-3.512898988545678503e-01
-3.703363927161572589e-01
-4.792715463683933086e-01
-4.380980800829977206e-01
-4.677844491618911582e-01
-4.151059281746046215e-01
-3.094059290466543571e-02
1.935518720598043141e-01
9.032973646288669500e-02
4.028276309148660222e-02
1.709430450801260049e-01
3.131322582682327105e-01
4.452952787885239294e-02
-5.052057302791116422e-01
-4.336722014979648154e-01
6.316974854519201432e-02
2.687379555511703808e-02
-4.636834504039273885e-01
-6.534719077804059806e-01
-2.673556035808533626e-01
1.812086641019670097e-01
5.582286365795000593e-01
9.497791813836740094e-01
8.943159072625631589e-01
5.940589084823650889e-01
6.115158463922908405e-01
3.604231709145226392e-01
-3.291544904629278845e-01
-3.196594524457405107e-01
6.665105317213001479e-01
1.750182642302247293e+00
2.166691138214125179e+00
1.855648938762575195e+00
1.380951971212067253e+00
1.051548184354890836e+00
5.434156769149210975e-01
-2.688527814696771157e-01
-8.729866383534558016e-01
-1.200710137571940894e+00
-1.965663423543589472e+00
-2.745005761888592577e+00
-2.745005761888592577e+00
-1.698804380283947424e+00
3.958283676403571982e-02
1.284611527596585701e+00
1.946209890890250982e+00
1.848337457246469695e+00
8.302492486200628852e-01
-3.732757220121771802e-01
-7.134729245018109900e-01
-2.698684319606940996e-01
1.163261719788107190e-01
4.081484831462641738e-01
1.195096674707711637e+00
2.062856580546064578e+00
1.892346621962396558e+00
7.493039299206216697e-01
-3.616895932540377667e-01
-9.751721196349297793e-01
-1.123232771929067786e+00
-9.715098073877411755e-01
-8.299327430643209658e-01
-9.774437584060189366e-01
-1.328149950802096413e+00
-1.316831411249592021e+00
-7.338937599808760259e-01
-1.713376287580010149e-01
-4.549125114090809413e-02
-2.207331332610785457e-01
-6.053206561468775782e-01
-9.236934362486505234e-01
-8.295291372251577533e-01
-5.439709893215778358e-01
-4.209081170541429939e-01
-5.201335044672638075e-01
-5.062476077493711646e-01
1.588461971848825205e-01
1.356770974069192448e+00
2.030136267950899409e+00
1.473504076926770878e+00
1.754141356717736373e-03
-1.282390874096894562e+00
-1.051956338342963093e+00
4.780713574189152104e-01
1.565882306997944173e+00
1.701401806532001348e+00
1.679685991712712267e+00
1.386238189042914737e+00
5.192272994449602663e-01
-3.117250933093108078e-01
-5.947202471766589449e-01
-4.110611207543620749e-01
5.251861059247264762e-02
7.741703481036528167e-01
1.413149024396589626e+00
1.409868305341960726e+00
9.031669211392997498e-01
3.149652891594740267e-01
-1.826308079707468224e-01
-5.377137574194993386e-01
-6.917993220018918699e-01
-6.605801171275261785e-01
-7.771282591629146141e-01
-1.064309234989232467e+00
-1.099644376776709231e+00
-9.015744954711741865e-01
-6.872897213669467709e-01
-5.728586315639723203e-01
-6.595715959269637940e-01
-6.833303323863098022e-01
-4.867731471273998856e-01
-3.310032228589523395e-01
-4.400339549342245915e-01
-8.038439452139315433e-01
-1.198909806801238265e+00
-1.417674905875305980e+00
-1.295263788272609240e+00
-9.614456460309559471e-01
-6.648997268900052049e-01
-2.125939358447131722e-01
4.729197871098766992e-01
1.116312344464464701e+00
1.749845291924533308e+00
2.382641051609324379e+00
2.034855115317164564e+00
-3.078496824871213011e-01
-7.529956611021962898e-01
-1.391001403737915476e+00
-1.716177393249082250e+00
-1.320628445932432671e+00
-2.326363714217700995e-01
7.009498976783830049e-01
4.047418141791068735e-01
-7.067523973442914054e-01
-1.055310054086903815e+00
-4.132992563273003850e-02
1.324461844953989331e+00
2.006268841395135727e+00
1.913890436237117187e+00
1.327702446897267130e+00
7.544839114563264282e-01
5.993375589177849516e-01
5.921433719234288073e-01
3.596989850401903221e-01
6.262719358175709850e-02
-3.050364253115493973e-01
-1.060326999789244384e+00
-1.625108632064731440e+00
-1.112846711842940373e+00
-5.314777667878217704e-02
6.995495935693879508e-01
1.050360819102990728e+00
7.431975887909789691e-01
-3.035453576554680843e-01
-1.127927503361729977e+00
-8.879106190046106573e-01
1.451324756985171958e-03
3.541885251678045243e-01
-4.835122769708934398e-01
-1.865118366310001718e+00
-2.734495400821550071e+00
-2.734495400821550071e+00
-2.453049049862252140e+00
-1.202372140905949793e+00
1.064879458626271647e-01
5.817801991192735889e-01
3.511719411680025438e-01
1.759524479841873545e-01
5.131976556035275361e-02
-2.651689135159170929e-01
-3.375962360259984196e-01
1.763891206530795175e-01
8.943199907979629826e-01
1.517513538465131040e+00
1.874057252623028136e+00
1.657864562310106482e+00
8.965440880273126689e-01
1.117150915910255504e-01
-1.864457695646519753e-01
-1.631126018560497826e-01
1.137877224330127307e-01
6.859375314308217009e-01
1.031725222465833092e+00
8.357134902140815891e-01
4.794630691669115596e-01
3.994251987831234363e-01
5.133852971123836761e-01
4.663671280327389979e-01
3.136588297929666092e-01
4.575785932513280474e-01
9.607108767317448228e-01
1.420414056221192878e+00
1.473631819349218830e+00
1.148958342739813787e+00
8.858203975555866139e-01
1.151389422961168085e+00
2.031634478464756199e+00
2.595275870797732587e+00
1.870480913522011068e+00
7.429869325000953983e-01
3.445065445631159129e-01
2.404958726034011618e-01
3.047503479373072071e-03
8.043401597977610507e-03
3.934986244282286383e-01
7.490036980946159773e-01
8.163143037643545430e-01
7.181893539541892579e-01
3.177723533772033315e-01
-2.275007056331273814e-01
-2.400955554797807312e-01
9.665460570238726401e-02
3.342364108558635305e-01
6.970329738833128674e-01
1.011717139406194566e+00
7.303888444214381437e-01
-1.226028243766667664e-01
-1.155952729516154465e+00
-1.961736650529898540e+00
-2.095466699310648551e+00
-1.474163119471643135e+00
-5.424740008056327945e-01
2.222051176381895088e-02
-1.309293202393810862e-01
-6.606503297976866751e-01
-9.703211085561497251e-01
-9.376986330325909336e-01
-8.653822657971207422e-01
-9.215400796288201191e-01
-1.081088712871842272e+00
-9.402300237666740834e-01
-2.805592616105636039e-01
7.625461987499852767e-02
-4.070893029735720425e-01
-6.094535402765184351e-01
1.729407802838254238e-01
7.801950498688687841e-01
5.383252400103643032e-01
2.785857718731094002e-01
6.083482267623968598e-01
1.128141311946385006e+00
1.031638124003968482e+00
6.697318201022584017e-02
-1.064250714253299757e+00
-1.743620990760952338e+00
-1.925016258349678600e+00
-1.694958095845143120e+00
-1.313354998872011681e+00
-1.236053555932416170e+00
-1.193483020946523698e+00
-4.462308924958476308e-01
6.294704293505551940e-01
1.305703305099092937e+00
1.524312383754234057e+00
1.094539404155879581e+00
-1.298569117547136442e-01
-1.469985659055692118e+00
-2.218471111683440355e+00
-2.217307101217656840e+00
-1.494312803121834010e+00
-4.602964550694655932e-01
2.165755124952825350e-01
6.509804419445329726e-01
1.168991357374101536e+00
1.354124682822416270e+00
6.664950919527438122e-01
-5.546156441061889097e-01
-1.155156123107183630e+00
-7.066920691087589246e-01
2.796651230513000005e-02
2.068109407875210748e-01
4.880395357255345318e-02
4.104828185877604230e-01
1.096460648207298938e+00
1.239026709550296035e+00
8.911030536421649106e-01
7.258876038941219910e-01
6.394243000912573915e-01
-3.895492876674129523e-02
-8.945616719657274452e-01
-9.848446075996837301e-01
-6.388439290818370697e-01
-6.368232950492245248e-01
-8.156200113109994820e-01
-7.132168981614647185e-01
-3.323726961887289444e-01
-3.261819646493561986e-02
-2.458021064917102066e-02
-2.378926281548960839e-02
5.491980899276001360e-02
-2.730989906094609121e-01
-7.852718538074769938e-01
-9.342261223397843040e-01
-1.064239996903917573e+00
-1.258655966093229717e+00
-1.123217173293586946e+00
-7.293960450189777012e-01
-2.586713556828521554e-01
3.225700057760143014e-01
9.050389986728024638e-01
1.136367569019255841e+00
8.111820991014506710e-01
2.126634126722112272e-01
-2.369044150344535582e-01
-3.923941364120254738e-01
-3.512732497009067867e-01
-5.309278884765402662e-01
-1.092237818345988876e+00
-1.380469146101650724e+00
-9.939388754113427371e-01
-4.370718219550918660e-01
-8.320292244412791360e-02
1.724833789204309464e-01
4.171038544390087144e-01
7.673573244327235310e-01
1.142410262486172945e+00
1.175737715619358692e+00
6.709564381538999367e-01
3.545747682199861667e-02
2.158875142722315732e-01
1.209946925863278455e+00
1.860492483500804983e+00
1.698688469494244346e+00
1.055946536322075691e+00
3.405091083844933308e-01
-4.721636778049834171e-02
-3.164125104311904524e-01
-2.147332024511670323e-01
5.643490511104608531e-01
1.334570806437085144e+00
1.656510907893059104e+00
1.866085921388868973e+00
2.377218367033474333e+00
2.519797977976697023e+00
1.420544987041900908e+00
-1.303986132190425862e-01
-1.066681792184101640e+00
-1.350954365032153159e+00
-1.100289569914354226e+00
-4.677418364289839259e-01
1.176437089086545124e-01
3.582952986900486136e-01
5.146063645195415592e-01
8.613012733187955794e-01
1.213741315563948042e+00
1.090600120862937450e+00
5.557002373906707454e-02
-1.173996110662619108e+00
-1.269503244404054598e+00
-3.571572228776215274e-01
4.620411553480692213e-01
7.655457048294658229e-01
6.677613756588965943e-01
1.557948414764176448e-01
-5.143187620993004971e-01
-8.573234910421175803e-01
-1.170942368719434912e+00
-1.599050697534063481e+00
-1.428118946076916140e+00
-8.519536539832470723e-01
-6.410188832885571619e-01
-7.721832117623292913e-01
-1.185707655657822768e+00
-1.831036972241685490e+00
-2.219360111551056836e+00
-1.952379915693586154e+00
-1.003880978366256782e+00
2.307557768393289979e-02
5.539778012625605763e-01
1.006288270536438434e+00
1.731676839183848848e+00
2.128876930364750564e+00
1.681295818996860980e+00
1.014942387805488178e+00
9.716533537114009356e-01
1.312076679141719104e+00
1.179743062540008491e+00
4.227909665351977098e-01
-1.916711028866255051e-01
-1.113846363405228586e-02
5.318447778476742549e-01
3.948431403473147139e-01
-3.159156260671541760e-01
-6.432763142600020911e-01
-6.165499295501671861e-01
-6.519225571599127633e-01
-6.992017960394234510e-01
-7.336128272175920229e-01
-6.690777033311080535e-01
-3.323620268277472922e-01
1.302233972653085714e-01
4.223471477702196442e-01
6.064798527121787464e-01
1.025526194152939219e+00
1.546715804545080841e+00
1.581849413736840182e+00
8.471699342239050745e-01
3.641642688157235158e-02
9.810950096478399107e-02
7.561311525895317853e-01
1.117385506398887340e+00
1.074751936008640385e+00
7.609135318268908099e-01
-8.549747707272851993e-02
-9.460895868143887055e-01
-9.195874031166739737e-01
-2.924954960249631086e-01
1.562578091318205242e-01
4.288988631875608609e-02
-4.529951307436629881e-01
-6.725978579690637948e-01
-1.184866731589838962e-01
8.868877618382057237e-01
1.332501675014588827e+00
9.428188545598648052e-01
4.312659133220163032e-01
1.203374306673290900e-01
-4.894383767501048199e-01
-1.302061618284618527e+00
-1.300360123201208751e+00
-3.836845960300971914e-01
4.014586792290246731e-01
7.921598070810803582e-01
1.171059234849282982e+00
1.277375402323999598e+00
8.798163536872321000e-01
4.093664332078994494e-01
3.808411542936231964e-01
6.784840680530018764e-01
7.456915771640020285e-01
3.560580615851708375e-01
-3.092316625749579884e-01
-9.650253303679345862e-01
-1.550262233119982680e+00
-1.915183359208132874e+00
-1.723023327139598937e+00
-1.317614993189162531e+00
-1.339347993506840639e+00
-1.712243724938549372e+00
-1.773052574273706883e+00
-1.087366022937131360e+00
-6.108812224005551184e-02
5.724915873566179814e-01
5.092676071283241956e-01
-9.160352374168977130e-02
-7.259800871819491741e-01
-8.108307077490524151e-01
-2.282493225614756482e-01
4.506395808824248950e-01
4.798494181901387656e-01
-7.587303508861618917e-02
-3.659150000105413358e-01
1.759973749337923055e-02
6.127630701498537613e-01
7.893852580416926834e-01
4.402133881118026060e-01
1.854574690518751845e-01
5.877495674253955249e-01
1.633946309953527409e+00
2.554726191544546499e+00
2.571074599061264010e+00
1.691512159738845389e+00
3.117233273746318756e-01
-7.342988619540429251e-01
-7.055602226062819282e-01
3.439385330584632944e-02
8.643726824218213034e-01
1.675403218628779278e+00
2.177233042366188531e+00
1.857495781593276218e+00
8.162388344818390928e-01
6.476227218008376307e-03
-8.104100555558912955e-02
1.118410231001259192e-01
1.184462843154136941e-01
-1.772976593396026479e-01
-7.387553596743923201e-01
-1.593716042072150563e+00
-2.355569931511338755e+00
-2.387292012210552983e+00
-1.676162544909094665e+00
-7.121906656618773868e-01
3.206648602853032996e-03
2.510691746778977995e-01
7.781553087695319837e-02
-2.946997370819145479e-01
-5.479746608407223274e-01
-6.694417733761439671e-01
-8.474866617994265550e-01
-1.116423504654100007e+00
-1.422022016901031805e+00
-1.512856189670424234e+00
-1.061808028818362892e+00
-4.322147583159695605e-01
-3.063183332709538687e-01
-4.646169797685386071e-01
-1.816590091880272151e-01
4.452421211453981842e-01
5.963736137553606875e-01
8.914294438022170308e-02
-4.360321755624514961e-01
-8.090233105467229402e-01
-1.187726390205747995e+00
-1.226734520809166007e+00
-8.613233224026470847e-01
-3.256808068967614322e-01
2.573483719547661197e-01
3.215058983342413135e-01
-2.402045670992086490e-01
-6.841809338643145555e-01
-6.786918794230519802e-01
-5.528122374022024221e-01
-5.418437353947120894e-01
-5.387845309480236988e-01
-5.086421387326234278e-01
-3.234063272038614767e-01
1.525897356765750223e-01
6.173398998317166653e-01
6.541864002298979353e-01
4.729508672180621209e-01
6.398543070764840524e-01
9.039467323415079081e-01
7.456057697243210214e-01
5.719849592624055568e-01
5.019491218613095773e-01
-4.561223787094731974e-01
-4.231204245786610585e-01
1.105529671456451785e-02
3.338859204304061024e-01
2.669760766256298878e-01
7.596305724016433336e-02
-2.307892915986394788e-01
-7.679263883119745726e-01
-1.025064369724323798e+00
-3.566346196633467525e-01
1.007712180042133587e+00
1.988224162370923587e+00
1.815111412374568634e+00
8.995852256990689577e-01
3.549712327516486021e-01
4.525255464799749494e-01
2.079358894692238113e-01
-6.197207208525776778e-01
-1.302228079309566189e+00
-1.748694245591012608e+00
-2.210451446066746595e+00
-2.506199748141506145e+00
-2.512823552878011846e+00
-2.150467393335823818e+00
-1.297202823771003599e+00
-4.122360369308443739e-01
1.617371724518961232e-02
9.047675427744431009e-02
2.348810481355002588e-01
4.585722550092881100e-01
3.156497377998038201e-01
-2.090946166271246409e-01
-6.436585925730554658e-01
-5.870631604291712824e-01
-4.476704940466518234e-01
-8.621865576000331544e-01
-1.019673050978526563e+00
1.644989304538345062e-02
1.285201419233965137e+00
1.660699914658701815e+00
1.059573500222492193e+00
-4.519310575543246666e-01
-2.089167466686870256e+00
-2.498652738505340754e+00
-1.892357447588624231e+00
-1.424035466557999063e+00
-1.220699695599859469e+00
-1.010166968863066783e+00
-7.047237003351293216e-01
-1.759805717058662844e-01
5.869633246798525716e-01
1.437527601916015474e+00
2.112837315851193054e+00
2.424156704096692927e+00
2.545523287170579518e+00
2.465055506408615038e+00
1.859720204068198823e+00
9.076667607297880247e-01
3.214622464252986367e-01
6.282114502195211836e-01
1.467876395525591127e+00
1.879001008355353441e+00
1.689739991364700211e+00
1.162882378007077389e+00
2.531257085133012952e-01
-6.082050075246632215e-01
-8.000737104014770118e-01
-5.977968938296954748e-01
-7.040747337927445448e-01
-9.679324261031938548e-01
-9.456654963400537017e-01
-9.255380228098770701e-01
-9.535453359983566690e-01
-5.138577416138114806e-01
2.923054396215138406e-01
8.106368715505782863e-01
7.181928880398877890e-01
2.795596671998998861e-01
1.198238058566355596e-01
5.806722579220507940e-01
1.032227941888290479e+00
6.841250547535994153e-01
-2.637224903580093760e-01
-7.297139186376105924e-01
-2.758451526856843805e-01
2.673053262025638088e-01
3.345805279030487078e-01
3.231402943978249898e-01
4.576585334109085079e-01
3.483160333089568295e-01
-2.203091503930086903e-01
-7.418948819187243249e-01
-5.859584792245826623e-01
-1.556814894797599325e-01
-1.823736482230172429e-01
-3.232035903333669302e-01
-2.517518990532611745e-01
-4.615426289528293258e-01
-1.240236147409550460e+00
-1.877940768043904196e+00
-1.811535431641622784e+00
-1.540797237933631214e+00
-1.372352201240625291e+00
-1.072060823988672640e+00
-5.388508914239423797e-01
2.463229793812710677e-01
9.375292107866667335e-01
9.099119101958093037e-01
2.597034015914776450e-01
-3.464752901647725758e-01
-5.374161204110060597e-01
-3.531358366151222672e-01
2.306920037221749376e-01
1.123438179429253614e+00
1.626823844740159952e+00
1.393997904408720290e+00
1.148148995407048067e+00
1.336418265504561109e+00
1.492499434306772121e+00
1.287882075192193110e+00
8.725976689412906495e-01
2.321461685915969242e-01
-5.421453961325698456e-01
-7.959680308837292495e-01
-6.018335972986380566e-01
-6.026509002958707617e-01
-5.650550578911323063e-01
-3.315635881328121704e-01
-2.387825800940541476e-01
-8.615394607906219637e-02
4.599931470601297256e-01
1.040032281377946566e+00
8.573922287072501813e-01
-2.337201955905656992e-01
-1.136156475180184922e+00
-9.212749547527462335e-01
-1.936075519888137975e-01
-7.078405098374881445e-03
-4.897971495562859490e-01
-1.124925346974164908e+00
-1.405644069127490514e+00
-1.141066753641171605e+00
-7.600934078378898118e-01
-7.806527877005069449e-01
-7.012432797733779699e-01
-1.256458603151329239e-03
8.460366555300214975e-01
1.455287177785333119e+00
1.774529063287813235e+00
1.667021215397910483e+00
1.278368561759416711e+00
7.901498367578215776e-01
2.685370079978082747e-01
7.666159860090705769e-02
3.715247520599566089e-01
6.009235970487011302e-01
1.105970025210376989e-01
-6.765896535417932345e-01
-8.112030804710793630e-01
-5.138588825497463208e-01
-4.648363161763451878e-01
-3.977919448603391417e-01
5.777505137489356152e-02
4.585767075297207396e-01
3.925923287268093254e-01
-9.446369372829936661e-02
-6.628002616185171281e-01
-7.828241704493523745e-01
-2.734437923359470668e-01
4.086948594820612457e-01
6.510715275317531248e-01
4.281315483800087751e-01
4.229709479852237775e-01
1.003492546725641477e+00
1.381430733898487917e+00
7.598943728436121647e-01
-4.661548993677034347e-01
-1.120504233405664074e+00
-7.127039240788795027e-01
1.677324026194587925e-01
1.058738931711268094e+00
1.646793451054943125e+00
1.600118193398853306e+00
1.236402865654400163e+00
1.043493110104944055e+00
7.752373232490872290e-01
-3.452844707064346014e-02
-8.324424817995356163e-01
-6.635664489948358558e-01
6.301710415154684886e-02
4.253210202123623440e-01
4.312332590437756297e-01
2.516315944566231977e-01
4.487247442314135776e-02
5.722071382035306270e-02
7.670447319594797184e-03
-4.630596097495231489e-01
-1.045492444286580946e+00
-1.264595827524959137e+00
-9.134378526991469016e-01
-7.004752429794506297e-01
-9.966975710778926967e-01
-1.117616705694428170e+00
-8.860842635230270492e-01
-2.409379748551774281e-01
9.602333190797364415e-02
-3.062560277272072806e-01
-9.142139877891233279e-01
-1.266226982526867051e+00
-1.407958990902494989e+00
-1.428088758897082977e+00
-1.363222199310385907e+00
-1.136607889065486265e+00
-7.559164042237304093e-01
-3.715073010041187174e-01
7.715209588996192747e-03
3.757047422103433898e-01
3.852370679769999695e-01
-8.305290607159525329e-02
-6.320892974450593726e-01
-1.049853721031841047e+00
-1.305009735457422382e+00
-1.128381274282142632e+00
-4.503583702852939630e-01
1.818060030662631554e-01
3.272360297895816061e-01
2.789047343433740944e-01
5.187723606810661081e-02
-5.867078258435871607e-01
-9.616788189085433425e-01
-7.006606630101777089e-01
-4.968098101116869558e-01
-5.506174115272752800e-01
-5.419915199699651964e-01
-2.951727122739969955e-01
7.007994276859311200e-02
-1.041097691362065647e-01
-8.809145108249026856e-01
-1.255654341832760590e+00
-7.669156302556277005e-01
-2.808152571151075749e-01
-3.340295727395098946e-01
-2.298954529523133949e-01
2.147699836233581960e-01
1.896739308099637811e-01
-3.294030602444482647e-01
-4.340619596741024933e-01
4.910938129915797812e-01
1.881051000935154205e+00
2.217061683410507467e+00
1.477970367952833097e+00
8.953960473677378129e-01
2.628520898244997017e-01
-1.040769818569158733e+00
-2.143571186145524443e+00
-2.003484948083261497e+00
-9.244319789790719222e-01
1.300424595429784391e-01
3.114535882766034658e-01
-3.365085789969031183e-01
-8.720893430498882770e-01
-6.396514809378279764e-01
1.004657338412318218e-01
6.539045878604728967e-01
7.156805173586869850e-01
4.873498159280172937e-01
4.169582750277823213e-01
4.884192946437507787e-01
3.879227443891481997e-01
3.701547217394952627e-01
5.313394636029258322e-01
5.915399358420965203e-01
6.925957946647995911e-01
1.016278564045482113e+00
1.148050836211438330e+00
7.294982219281663793e-01
-3.400104179907410124e-02
-7.886289414446266965e-01
-9.601492272004785722e-01
-3.885864667006707074e-01
1.946373189137513837e-01
2.930740207009647769e-01
8.743082665775123163e-02
-3.136016872938335483e-03
-5.644146266218593583e-02
-6.095746519279547915e-01
-1.332321519194458848e+00
-1.454420042895943288e+00
-8.830631357081621946e-01
-1.999317535726049810e-01
-1.729549850941012115e-02
-2.837209642018304612e-01
-5.466477191706279326e-01
-5.366110203417879809e-01
-2.581903837614366037e-01
-1.279203813412429364e-02
7.617977392512367829e-02
4.121755036606151168e-01
8.599224265097100695e-01
4.687174739024912440e-01
-1.019553824382032348e+00
-2.633510153919732755e+00
-2.743305967996334083e+00
-2.291482834843576288e+00
-6.972325280712202700e-01
5.513651786836717417e-01
1.093837178583053404e+00
1.183684390018537425e+00
1.058592904880748087e+00
7.918134847322665371e-01
5.432962228066572363e-01
2.995296835435249383e-01
8.532832314317095879e-02
2.019230689903090403e-01
5.357745405512545078e-01
7.476272634436372799e-01
7.004906716859363724e-01
4.640547865541850836e-01
3.767784377948774077e-01
6.127432935044798690e-01
9.098922547861831855e-01
9.624405202575033735e-01
1.078509612060470024e+00
1.330107386983021112e+00
1.222155933107475834e+00
9.506015812006299859e-01
9.665016097966678821e-01
1.076423068199822142e+00
9.071826321445870533e-01
1.460098138954241120e-01
-9.899652070908548929e-01
-1.520465823019514939e+00
-1.321814428146498965e+00
-1.114587120286151256e+00
-1.095652634902087419e+00
-1.212975323803574534e+00
-1.473416724781790421e+00
-1.748237253416196291e+00
-1.908965540618641432e+00
-1.888375870343006246e+00
-1.564286562094882704e+00
-6.886767252511076798e-01
5.563621711655142299e-01
1.138332753987238100e+00
6.834683418359217555e-01
3.392509061482193444e-01
6.967364153022221895e-01
8.777813131679954584e-01
8.044269105808288245e-01
1.295016747919457201e+00
1.940460163803732208e+00
1.677927253652560236e+00
4.689759433391512689e-01
-6.410556329708393397e-01
-6.031483879597925313e-01
4.267821084397173670e-01
1.347730445421597034e+00
1.548336809996874841e+00
1.372201737142700662e+00
1.389911741125367639e+00
1.781106028146933307e+00
2.507895032646787037e+00
2.740243037461034703e+00
2.010597038201209052e+00
2.761820952362861181e-01
-1.069446509720247462e+00
-1.504993728141249543e+00
-1.358140111316386234e+00
-7.296897224181272401e-01
9.772201136522858100e-02
3.349533677760112016e-01
1.680884354116450319e-01
4.832304810165276021e-01
9.295692997244873190e-01
6.535304194943926115e-01
-6.005022683605146933e-02
-6.959114980208634949e-01
-1.135380963958507516e+00
-8.595083563692768047e-01
2.725042828852802801e-01
1.259640532615561304e+00
1.505088937114801739e+00
1.523493285628032101e+00
1.823963569121135109e+00
2.125002689856560156e+00
1.719643121905103378e+00
5.891199862510566598e-01
-5.094475627447067057e-01
-1.031650659608193132e+00
-8.677869483132414352e-01
-2.238430687764034477e-01
4.426922414914272741e-01
6.212948418556676344e-01
1.395440667024070991e-01
-2.985231107695522912e-01
-3.600696562749374635e-02
4.648743175625490442e-01
4.013585214951501112e-01
-1.928748135926921514e-01
-4.539724296110210777e-01
5.196054820346162062e-01
2.269615005966443277e-01
-7.880276324821751111e-01
-1.668123175652161283e+00
-1.933874299112853246e+00
-1.732789323967655282e+00
-1.168625613712784617e+00
-3.798561688556952309e-01
1.089621872932169111e-01
2.049445750138774447e-01
1.776539490372276708e-01
-1.994202104175280543e-01
-7.228003541354965922e-01
-4.574211519221423328e-01
3.197102351853399749e-01
1.407817370682127867e-01
-6.293562373691184986e-01
-3.444725953048615730e-01
8.388845007008003396e-01
1.572296239812077223e+00
1.030292915046143953e+00
-3.917875331293805830e-01
-1.471930031922847437e+00
-1.616568767242246185e+00
-1.047767071761306346e+00
-1.020827605591938525e-01
9.083857660825988001e-01
1.333049398686304787e+00
8.229229830300134330e-01
8.590313870743013225e-02
-1.231451464944176843e-01
6.172018302111170751e-02
-3.994980900995709350e-02
-8.024494287245722557e-01
-1.782263533985601667e+00
-2.013788725799404045e+00
-9.230172820128228484e-01
6.533061036090721529e-01
1.439346928918489699e+00
1.333849177141765541e+00
1.157284668746524137e+00
1.300058605362728992e+00
1.187330378853390433e+00
2.408855563030346814e-01
-8.211598483506431512e-01
-1.071338319516088156e+00
-9.394968266177505800e-01
-8.655323055449567482e-01
-7.293482098705390548e-01
-7.139092888273929072e-01
-7.994148506707851043e-01
-4.440947754777511136e-01
5.549409142072234680e-01
1.751820834306282437e+00
2.670076368112241916e+00
2.760208575450849633e+00
2.760208575450849633e+00
2.633807965557644515e+00
1.738071938349576406e+00
1.021176323532992480e+00
3.604147483728867285e-01
-1.066953029841886946e-02
3.599780124389621028e-01
1.050226147688678502e+00
1.248105260466255917e+00
8.984414069901200950e-01
5.278383337790353291e-01
4.589317540784493832e-01
4.881741515191087011e-01
4.922254196640740709e-01
7.222552134873458929e-01
9.759784855964317440e-01
5.942652243139466828e-01
-3.706362149691567742e-01
-9.882944348573636795e-01
-9.424991453697506572e-01
-9.249528944322868984e-01
-1.282652094701990153e+00
-1.328584603530962749e+00
-4.488503651081371948e-01
8.986186049649284024e-01
1.895732370156378188e+00
2.219199876595767673e+00
1.936699959335434817e+00
1.277819988650665373e+00
4.366573050301417180e-01
-4.404487293716654039e-01
-1.074420648352395258e+00
-1.217573362611586774e+00
-9.504761917485513578e-01
-5.247421222890874537e-01
-2.358815736813119346e-01
-3.322931075004613710e-01
-5.103752189425947439e-01
-3.509664541058750142e-01
-5.294070901636458576e-02
-1.806233399913401982e-01
-8.059095536716159858e-01
-1.198328211913816554e+00
-7.557575765842846627e-01
2.249905145808424323e-01
9.111216696319113240e-01
9.373096367059511325e-01
4.659442760882232526e-01
-2.331118021304882659e-01
-7.967167625700523059e-01
-1.011374770211916907e+00
-9.559521367969485706e-01
-8.799987837851117600e-01
-7.273917277511385837e-01
-1.839264598759152991e-01
3.104802754044426183e-01
1.596153955584633521e-01
-4.315533146260632780e-01
-8.191723735738294376e-01
-8.859169543786885592e-01
-1.249093114738186294e+00
-1.906715723147873742e+00
-2.047719546688984149e+00
-1.557427973425947965e+00
-9.779674926790582479e-01
-4.927717253803922670e-01
4.758944096549229397e-02
5.058529462749238315e-01
5.025038361752826033e-01
1.015644057901619740e-01
-3.713575436522039142e-01
-6.517740185075266979e-01
-7.193480915271093235e-01
-9.300934413711778870e-01
-1.065687607545827698e+00
-4.346476308084561424e-01
4.919850444951527901e-01
8.051320719606125387e-01
7.494130161803057577e-01
9.681837768824250734e-01
1.329718010237795678e+00
1.122063373166642508e+00
2.018090403667866517e-01
-5.793218536284462372e-01
-6.178203536250095329e-01
-2.944710704200502738e-01
-1.192171642302766038e-01
-1.125453752459002060e-01
-1.817346024839050223e-01
-4.606952358494256772e-01
-8.079491088004641108e-01
-7.631480986506562481e-01
-5.250925330102476085e-01
-5.326235510435595177e-01
-4.140867298538140062e-01
1.090039561983301153e-01
5.624003983804628515e-01
3.305017861004249102e-01
-6.191090749315010244e-01
-1.317114156527347202e+00
-8.832259048365130871e-01
2.179428091554576896e-01
1.006906367592539597e+00
1.227152770039244167e+00
1.118080136784520562e+00
7.680272761806908877e-01
5.990238240411046265e-04
-1.051205202772071967e+00
-1.764830767818195589e+00
-1.633473367081299088e+00
-6.911982421297896417e-01
5.017927275817186672e-01
1.261811281126004936e+00
1.284119940380322955e+00
1.043981412095820405e+00
1.038691122524741717e+00
1.079264214256096865e+00
9.413761200321575373e-01
8.876031731089921717e-01
8.724985249443969471e-01
5.340040962196270780e-01
3.348079854847578751e-01
8.367412847662418773e-01
1.600327224063453624e+00
1.781151193415604350e+00
1.082478375847700347e+00
7.940727526195766328e-02
-6.276873687479888053e-01
-7.963451693447084478e-01
-1.523270095079393704e-01
8.508446442974400004e-01
9.520659667346361710e-01
-1.507472298411925149e-01
-1.172576592154615627e+00
-1.348688247596852019e+00
-1.254902818405981169e+00
-1.096627861012849925e+00
-3.134326731138232236e-01
9.084146890264143126e-01
1.301800904145229421e+00
4.641883828566295556e-01
-4.704393890649333221e-01
-8.145862515131419013e-01
-6.606424013234259984e-01
-4.305238232488685091e-01
-4.570903865401054200e-01
-1.835461397107963077e-01
-1.634750833940784853e-01
-6.194416055178693092e-01
-1.101941587886036578e+00
-1.266440962983269580e+00
-7.556735242103671535e-01
4.414604070473254205e-01
1.145672220456562584e+00
9.429447801585865152e-01
8.869325869361404102e-01
1.304606711688022003e+00
1.250120522430105963e+00
2.644475642289966788e-01
-6.469380375149959006e-01
-4.030298157060370756e-01
7.106169389885930165e-01
1.475261985520759600e+00
1.335439104042602354e+00
7.889147239993145044e-01
4.252977018827373001e-01
4.727710736782722023e-01
8.150113135496691585e-01
9.793469447015235030e-01
7.200367915388158346e-01
4.850729644339726310e-01
6.365606220930997150e-01
9.354861588840424069e-01
9.429582643235336903e-01
3.043662407211088494e-01
-5.326565457025541628e-01
-5.736095334159919679e-01
1.132919935964003810e-01
7.888649500519689939e-01
1.086736967194879888e+00
7.886045076270761234e-01
1.023811239095357289e-01
-3.505527388393362420e-01
-8.393197783665153067e-02
7.122675031315777172e-01
1.183880761880747645e+00
9.115925502138649827e-01
3.926646953582774158e-01
1.824079546204323832e-01
2.478822261099803692e-01
3.516749558230760631e-01
5.588422100138051851e-01
1.016712156244510057e+00
1.045058427891282671e+00
-1.487520725855864534e-01
-1.771986794183038061e+00
-2.391877086453114476e+00
-1.877205023524967320e+00
-1.172322506818945342e+00
-8.493363926797877772e-01
-4.871951274104819318e-01
3.527066403418773616e-02
8.425310509175744367e-02
-4.171697792798219617e-01
-9.616106482024151525e-01
-1.234607363581826434e+00
-1.147610030339590859e+00
-1.064279213796305967e+00
-1.748922250484625796e+00
-2.704899735875851530e+00
-2.202469251839201281e+00
-8.432564462525421467e-02
1.955824869173309999e+00
2.718983011100450931e+00
2.225225476851461437e+00
1.014017518792327266e+00
2.201970667388663816e-01
2.693910128750401367e-01
6.261941005544044980e-01
1.007227766379015010e+00
1.408020655851004221e+00
1.545399145873267210e+00
1.210776187889540223e+00
9.318503739469782277e-01
1.039737126424779889e+00
1.209950540160239951e+00
1.615033742143301643e+00
2.276007136653000362e+00
2.347322344521756143e+00
1.598576840486110040e+00
6.043759735108834574e-01
-1.478403414278798567e-01
-5.763851587175721214e-01
-1.072477864428084349e+00
-1.460465163987849868e+00
-1.281520062080059530e+00
-1.095777581514663312e+00
-1.148164187844161965e+00
-8.118069685095943289e-01
-2.107393874995413252e-01
4.778343308970628422e-02
5.557208755723119786e-02
8.727653661279012598e-02
2.234810828208498301e-01
5.271060764886530414e-01
5.521345734935729777e-01
-3.580451968103134236e-02
-6.780988051802031569e-01
-9.825925769885093253e-01
-9.919807228578918501e-01
-4.939983640556340205e-01
4.276613615864167106e-01
1.101189731395392890e+00
9.453771235319916588e-01
1.250708058210849849e-01
-6.729518654089543528e-01
-1.074363059786205055e+00
-1.290321921597756383e+00
-1.718880342769335323e+00
-2.126351481764078510e+00
-1.685976353047966558e+00
-4.009510309082165991e-01
5.675835705621664617e-01
4.131290101017049410e-01
-3.547248432070831958e-01
-1.175115817412175856e+00
-1.955550821667261685e+00
-1.897768150907624740e+00
-5.666015741117004234e-01
9.110141775729608815e-01
1.463182540847735247e+00
1.343745511877709964e+00
1.147151847986700002e+00
7.154361751925845114e-01
-6.901799105644783328e-02
-6.452583465545577157e-01
-6.222611558575732449e-01
-3.967254576373649422e-01
-3.702438295117816969e-01
4.902996333937616885e-02
1.231215033275600668e+00
2.272397512355662563e+00
2.520801574806793344e+00
2.101207866141153513e+00
1.239262900647481569e+00
3.410334712232117038e-01
-1.017356202153652522e-01
-2.566882202527982493e-01
-5.647961289602561052e-01
-8.810531165146777699e-01
-8.387745916896685028e-01
-5.747756257472753649e-01
-5.378606764575125654e-01
-5.926169588232345076e-01
-2.580008594245450371e-01
1.970412035321093824e-01
2.644577323777112521e-01
9.982039029080688654e-04
-8.464578737343324277e-02
4.505060832488817502e-01
8.918715616495562770e-01
3.953455164269155109e-01
-4.365409577186498691e-01
-6.862305917631297270e-01
-4.918696567710750811e-01
-3.542991965649344155e-01
-3.278529772039318058e-01
-3.893399220358096380e-01
-8.589992795196800257e-01
-1.615814368764557418e+00
-1.852819854850971781e+00
-1.424681975877460038e+00
-9.388037667089254024e-01
-8.049713045071172912e-01
-7.700646151554366714e-01
-4.720079261773213464e-01
-2.556797596204079745e-02
2.927186466372933005e-01
2.163411243608343582e-01
-2.329007026586165860e-02
1.749024777742146097e-01
7.135898813347866243e-01
7.661663024841386394e-01
1.959170914746422854e-01
-9.911335708774726694e-03
3.140845548839144019e-01
1.587428784391907710e-01
-5.895099499242804075e-01
-9.247063445367896817e-01
-4.595856509364393827e-01
1.495479654042181084e-01
4.672549114248383817e-01
4.473478630581790294e-01
-2.424408205784579339e-03
-3.658040073970304507e-01
-1.063363720639988741e-01
1.339162117138861241e-01
-2.885355550541695568e-01
-9.406612995019617562e-01
-1.345084629541866361e+00
-1.430648776646832321e+00
-1.040170289111893354e+00
-1.783750137064800401e-01
3.605746473288841125e-01
