-6.141561293636828012e-01
-6.332753532118982065e-01
-8.599516815224622635e-02
4.142891074055899958e-01
5.305009176684882810e-01
2.219716573030040829e-01
-1.196319705731054839e-01
-6.415183365137526461e-02
-2.068906362716344937e-03
-4.164426685351814705e-01
-1.164864606745870113e+00
-1.713827166729662066e+00
-1.621329956178901632e+00
-9.309098388840687521e-01
-4.565479118324249769e-02
5.680720768858938952e-01
3.906473680476398314e-01
-7.461143321561787278e-01
-1.864435087233127009e+00
-1.908827659683972389e+00
-1.119191244703524157e+00
-1.386195312353008247e-01
7.157119805968672477e-01
9.400012038803273740e-01
5.037987641337775546e-01
3.399802161022538183e-01
1.060552594943468652e+00
1.816722155856713705e+00
1.501025556241331271e+00
2.644915409693006092e-01
-9.245225100741287783e-01
-1.403075267111241864e+00
-1.262466556700768683e+00
-8.553296694854564119e-01
-5.822669057148112115e-01
-4.289341420505173863e-01
-8.882582382742551519e-02
1.790512276762444566e-01
3.479422778337621924e-01
7.952488352643911629e-01
1.149539829071329899e+00
8.811374176509365608e-01
4.223752024385744042e-01
3.523675676101643561e-01
5.650718267936253314e-01
7.920653101333883228e-01
7.926402399705660962e-01
5.608018917994624930e-01
6.861671765949571844e-01
1.121360668911910219e+00
1.066960836985640260e+00
6.321479259438943510e-01
2.613382126565855224e-01
2.882708009568477059e-02
2.441576419574171819e-01
7.662873470352421501e-01
8.453371149255531902e-01
2.793971716010579254e-01
-1.214298661070309232e-01
2.833383068012992889e-01
7.530250430429978881e-01
5.956347098214995750e-01
5.068996448318773274e-01
9.612394761327009984e-01
1.313808632353842265e+00
1.113100606216060884e+00
5.829108684559676234e-01
2.174266271677040563e-01
2.215484329624749782e-01
2.894673204566802771e-01
-7.441338706867623061e-03
-7.939811955120561482e-01
-1.523163124578841732e+00
-1.613813265602584757e+00
-1.399638864335444044e+00
-1.234336456036912111e+00
-7.848891257097815322e-01
-2.242503376742323029e-01
-2.226521591446671000e-01
-5.770775097293211475e-01
-4.227289781207363428e-01
2.800709659825899034e-01
8.292729841363978283e-01
1.054715990573976248e+00
1.518011934759854187e+00
2.222232114102900891e+00
2.217962829772575528e+00
1.399162534199788865e+00
9.001543181768414392e-01
1.562669664335492259e+00
2.598183612346634419e+00
2.502705104700209571e+00
1.176273022734215523e+00
-1.710093479014567763e-01
-4.241442164978125873e-01
4.611924143820260724e-01
1.457341980791291736e+00
1.793294536668128325e+00
1.550568443148596431e+00
1.070425142113799133e+00
6.245548748513969350e-01
1.522372428710339065e-01
-5.095492523775051463e-01
-8.638072873226859683e-01
-4.589643383163420909e-01
3.185850059119083588e-01
8.718020859939424883e-01
8.617803377886658067e-01
3.066361499941521185e-01
-3.582627144897465588e-01
-5.394372547034862464e-01
-4.043699613324562847e-01
-5.842629519455567744e-01
-7.371685217389813971e-01
-3.048713820254738693e-01
3.112744995990187613e-01
3.940083319419618868e-01
-2.351022540155573992e-01
-8.628744409467759002e-01
-8.274602986034379493e-01
-3.051679441839137974e-01
3.407683738143533758e-01
7.114580949428859213e-01
5.137927454433575125e-01
1.031258199707370538e-01
3.930270896698698918e-02
2.999091552369689828e-01
3.543637345362603552e-01
-1.434226926548209657e-01
-8.439913106869374460e-01
-1.254818409280203717e+00
-1.181653601766060380e+00
-6.194735206920307657e-01
2.381096950205457974e-01
1.195849999059315882e+00
1.613115239770838372e+00
1.062483489499865152e+00
3.962582508992236741e-01
1.728319094246344167e-01
3.999841685707508643e-03
-7.603265762593983124e-02
2.047064134755413878e-01
6.014328950927971817e-01
7.629635188388947942e-01
3.780206133782577638e-01
-3.476821309910771429e-01
-6.561637124766752649e-01
-7.498031344903145490e-01
-1.250837072210078116e+00
-1.578496939898462736e+00
-1.232395292641799367e+00
-6.310971540868656193e-01
1.013480980494894934e-01
9.517914432405528702e-01
1.455949241279286932e+00
1.199111550929707448e+00
7.316027942751769653e-02
-1.308971458743693583e+00
-1.928623785694815851e+00
-1.637533921660856873e+00
-1.368790989387518975e+00
-1.635019964487089084e+00
-1.633723906720143892e+00
-8.505289710519561286e-01
1.285052496882388151e-01
7.782014357755369094e-01
8.420543375955125143e-01
3.216696142524040902e-01
-3.337162789619125269e-01
-6.660757824055963949e-01
-7.449825998433018404e-01
-7.609692405757813027e-01
-6.675969569361739353e-01
-6.100283421394269157e-01
-5.852693678900849905e-01
-2.029682425263073242e-01
7.738458468910894839e-01
1.864411274476244218e+00
2.283952504583221188e+00
1.792556949596485039e+00
9.163386543431738529e-01
2.497045709362619437e-01
-2.385024283734799022e-01
-5.959972033913857326e-01
-3.749193441415448191e-01
3.333935583658569901e-01
4.623879083243083721e-01
-2.815351044154557059e-01
-1.197781074849532557e+00
-1.869409307632216244e+00
-2.116450734733748007e+00
-1.750471106582438319e+00
-9.494724864302815925e-01
-4.771072659731038224e-01
-8.419353212438096534e-01
-1.654321580064714858e+00
-2.353364214095563511e+00
-2.527315752966766915e+00
-1.944701785514240999e+00
-9.116550937753237216e-01
5.230022655269817022e-01
2.767156235446516233e-01
-3.055587475755919269e-01
-2.836237459202505806e-01
-4.229472495509883218e-02
-4.058520021616762175e-01
-8.957926674326893712e-01
-8.705069858774334701e-01
-5.775233763144764776e-01
-1.710537688155262803e-01
1.793260224988132701e-01
-6.150064585229435971e-02
-5.920347086135399062e-01
-7.751619558287606848e-01
-6.172701475965846063e-01
-2.854384127414800187e-01
9.301317349735800655e-02
3.931322145090143105e-01
3.122919035776184349e-01
-1.599078487753314570e-01
-5.072619238360024374e-01
-4.804346623977898134e-01
-2.561295619901793885e-01
-9.344332555167153553e-02
-3.063142115156239353e-01
-7.727123931628013809e-01
-9.152096987008724316e-01
-6.385537206230396112e-01
-6.684230556316782534e-01
-1.240661280259154564e+00
-1.583846875924692865e+00
-1.299954549801069392e+00
-6.595821357507346550e-01
-6.288867578678852821e-02
2.474440002665946881e-01
4.639861774230749081e-01
8.148245129207123405e-01
1.286316795704592897e+00
1.535693458134808287e+00
1.076315383632191702e+00
1.765480523917246436e-04
-1.004576059584727510e+00
-1.251430776127392175e+00
-5.145410678097235291e-01
7.522691019724550010e-01
1.645509537097218145e+00
1.634007810890406809e+00
9.204655195227469111e-01
7.741750364735995593e-02
-2.692129341056672120e-01
5.196718377379505593e-02
4.438352363860189609e-01
2.950059398253965792e-01
-1.531697175918310949e-01
-4.636792439993870918e-01
-3.949201205039979401e-01
2.590258230228638103e-01
9.307219281102004915e-01
9.675623434464030170e-01
6.514657811164124013e-01
4.668933736269469947e-01
7.433096628440661879e-01
1.337067123194425999e+00
1.464669563295833310e+00
8.936286331682032902e-01
3.289980274697748563e-01
7.546640131102792803e-02
-4.824086781937568236e-01
-1.418486756705130247e+00
-2.083411460754426514e+00
-2.397314559317922811e+00
-2.242647471202437792e+00
-1.304125991873592794e+00
5.935903788726862307e-02
1.319856903478510812e+00
2.127177981497713422e+00
1.995827431798541163e+00
8.674235329305970410e-01
-2.323845750922315656e-01
-6.079324251216223773e-01
-6.833521287638139041e-01
-4.620393036693739575e-01
1.225457514963687461e-01
4.852901524332784433e-01
6.387329880048125963e-01
8.547500191659106461e-01
9.496336221778034492e-01
9.881539964212776583e-01
1.033843838454217678e+00
7.839809504809582830e-01
1.216443347446697909e-01
-5.798473160610575494e-01
-1.041487500132728838e+00
-1.399414436962469255e+00
-1.708987654441250781e+00
-1.847247844160795571e+00
-1.849982816257505380e+00
-1.743582676326157488e+00
-1.222480023624695544e+00
-1.861457839488452892e-01
6.064190542766847436e-01
3.847499976711376002e-01
-5.083291215651118966e-01
-1.202779562217624054e+00
-1.213647025394046119e+00
-7.487796264245378808e-01
-2.412799688971544176e-01
2.010558082344935382e-01
6.481674305343996245e-01
8.867775174262224613e-01
5.981816496535415917e-01
7.295946642891076861e-02
-1.149423205656985719e-01
3.466910314268214360e-02
-6.733066657809831657e-02
-5.614683665649268240e-01
-7.351833053223869596e-01
-1.218282758954123274e-01
8.908949020844386668e-01
1.489235517339991155e+00
1.323965721109839455e+00
9.529172546261742704e-01
6.986130291456104091e-01
2.381900947580490036e-01
-5.430757569386146510e-01
-1.244066986976336331e+00
-1.545904451319569661e+00
-1.688949849508111889e+00
-1.643180848860906096e+00
-8.696885460540848545e-01
1.081859309185129181e-01
-8.085044698584407659e-05
-5.934806345746730383e-01
-4.760342731616276635e-02
1.357600914397236735e+00
2.007676050532632761e+00
1.294525351617336284e+00
1.026562174858469678e-01
-7.366622311932294886e-01
-1.150990411377764921e+00
-1.340412718943950976e+00
-1.196188699210724904e+00
-5.382460702331350877e-01
1.677202950679430593e-01
5.663416821681458435e-01
5.973553794839160380e-01
5.508782752772443253e-02
-6.915129949329759107e-01
-7.817284869024514471e-01
-1.737114587660440190e-01
4.201235058013302881e-01
5.838589517628417491e-01
5.008404047374276358e-01
5.970787339341517841e-01
7.614178668782329851e-01
7.016277023107945210e-01
6.558315631451411276e-01
8.448928675209012029e-01
1.203238840158098455e+00
1.558159979973822162e+00
1.609670512992675606e+00
1.110606662122317623e+00
1.908137426501286815e-01
-5.232275524257459232e-01
-5.506533481193685020e-01
-1.351299726553557012e-01
4.849992631915964192e-01
1.172434405657317047e+00
1.586429600243660865e+00
1.834066807676958399e+00
2.134271656935690764e+00
2.337104743125480777e+00
2.314688781712051835e+00
2.059836035391664488e+00
1.658446828505635295e+00
1.382698944482616543e+00
1.379596740840169034e+00
1.497057752066512704e+00
1.411881730564917836e+00
7.037514476212286541e-01
-3.415673547648045427e-01
-8.056995196470494447e-01
-7.701309755554588410e-01
-9.336449341825687753e-01
-1.240368939445751773e+00
-1.283631616669123288e+00
-9.447748707004340885e-01
-7.564820712747866160e-01
-1.059819424337816063e+00
-1.423546699660596992e+00
-1.478933536898976664e+00
-1.104061134745462081e+00
-5.425555883502779508e-01
-4.035857243839703346e-01
-8.685724376387382595e-01
-1.444862665783772204e+00
-1.459468495983301972e+00
-6.463608488585715905e-01
2.466345306959891737e-01
3.761235944749091731e-01
-9.023453977634628975e-01
-1.506120587794379739e+00
-1.422151255845903295e+00
-5.583266184317715597e-01
4.819456012852751936e-01
6.136660366893751384e-01
-3.018595992649241166e-01
-1.203327262732265979e+00
-1.555458666560896708e+00
-1.431360648618323683e+00
-8.289921174597281173e-01
-8.960798183685456109e-02
2.250461907227963299e-01
9.979918598338050062e-02
1.621146303781832720e-01
7.923147298735349064e-01
1.758203332635051019e+00
2.455547271655824204e+00
2.294131403815192982e+00
1.463228165565829020e+00
5.407294079042276325e-01
-2.966823113423818770e-01
-1.031828263950877345e+00
-1.351932804770875407e+00
-1.053137226526548842e+00
-5.384743480316629416e-01
-2.985890508582007552e-01
-1.943858573085791019e-01
1.679592287213191870e-01
8.294700413446173259e-01
1.568924797142301708e+00
1.905295238174576244e+00
1.449740357405259195e+00
5.612247466599274981e-01
-1.208675641886494817e-01
-4.198637716782115392e-01
-6.402406933937866418e-01
-1.064772689281291207e+00
-1.462054099171809618e+00
-1.646427324342782050e+00
-1.698695131314194695e+00
-1.381544779803685064e+00
-5.332027940789160203e-01
3.432319277292710247e-01
7.051155717207729934e-01
5.735731085119859518e-01
1.706645211726082467e-01
-2.471208016006012642e-01
-3.796703252175150367e-01
-2.506097161385158478e-01
-2.872797938774542814e-01
-6.035025264304273440e-01
-6.078288101181172909e-01
1.721359591278914525e-01
1.281643468974165367e+00
1.560976064493224902e+00
6.693240198815857411e-01
-2.277462419069756216e-01
-2.033931276799929577e-01
1.666432746260512743e-01
5.808342863106791265e-02
-3.207227388116905553e-01
-5.197863982384643977e-01
-5.792723010375891990e-01
-5.495947448577876981e-01
-5.398888949477472776e-01
-8.051409114161049985e-01
-1.460553401765286141e+00
-2.335006940616935811e+00
-2.722531504715997919e+00
-2.482556330898541663e+00
-1.573623311618173926e+00
-6.528534969591708315e-01
-1.844039472729916695e-01
-2.775577782281954398e-01
-5.099895598531419827e-01
-5.176765419947803037e-01
-2.274612272561162551e-01
2.007230445400014773e-01
2.579891706227686599e-01
-7.891899904489804718e-02
-5.226312310530539101e-02
4.796952644720263725e-01
8.062165529797529206e-01
5.360666698554923393e-01
1.658231440817733715e-01
1.171358689920168339e-01
-4.320863759216566485e-02
-5.043593500161888121e-01
-8.154880701949184241e-01
-9.434841140786544011e-01
-8.892264901560633650e-01
-4.452019868687405180e-01
1.999529185472807141e-02
2.602489662438464690e-01
4.395424001250471946e-01
3.367799248702220694e-01
1.971254413606678482e-02
1.037824810384886248e-01
3.387029591110919946e-01
7.904324445258970044e-02
-2.568139371845871710e-01
8.881845343510001711e-02
8.983892466440602798e-01
1.601477808784198986e+00
2.093269654027864135e+00
2.271303068401839820e+00
2.226078549791731920e+00
2.255420226816617024e+00
2.111183840994464767e+00
1.290706982191149210e+00
8.438709322333341756e-02
-3.776836994548792292e-01
3.872397577064818353e-01
1.176924582259559093e+00
8.429656981730843102e-01
-3.543472980077665146e-02
-3.709529574811312180e-01
-7.469336045201067920e-02
1.270604090207597403e-01
-8.979240631550093610e-02
-1.517344446188582663e-01
3.371667776192096566e-01
9.307282491836865734e-01
1.232170472591059607e+00
1.240025931749943133e+00
8.812077905607534900e-01
3.862319015953640799e-01
4.007924460376213194e-01
9.147085679798304669e-01
1.168759277540947217e+00
6.498450767743307877e-01
-2.944291160969019217e-01
-6.977478379859944901e-01
-3.248654548947715881e-01
1.915702582044290780e-01
5.799646600022476672e-01
9.547303169953066382e-01
1.177684478334554141e+00
9.331389447384371705e-01
2.241850492011406015e-01
-3.201905858416694839e-01
-1.712411036392492980e-01
1.561622859146783449e-01
5.525274846518479777e-02
-3.042631555920538022e-01
-6.836480992966190717e-01
-8.920205283562293586e-01
-7.311614606093241875e-01
-5.147994444712702400e-01
-5.189764196442919753e-01
-6.654314476411246071e-01
-1.004535040693750991e+00
-1.270636053490012074e+00
-1.003816495282579657e+00
-3.221467624935713814e-01
3.169652562535707485e-01
6.197656133418824043e-01
5.673628696696247919e-01
2.710224302587332934e-01
-2.212644725295410952e-01
-9.875551015999570748e-01
-1.797241143266140817e+00
-1.759934047495550269e+00
-5.706159558004062493e-01
9.037187974941676138e-01
2.027251781471308245e+00
2.592415682711154634e+00
2.179800172347553744e+00
9.397341941862187298e-01
4.906449319409381116e-02
4.657105327962554053e-01
1.461695498192993048e+00
1.650732819366656834e+00
1.081186286859859624e+00
6.173197909284753315e-01
5.657917231221377685e-01
5.950985092040605995e-01
4.241416612806774289e-01
3.771107685650484931e-01
5.440649387261242698e-01
4.551038819648949296e-01
-1.179638468778363564e-01
-7.210532703473130356e-01
-9.280409840911135744e-01
-8.036008853884665237e-01
-6.736886354770337260e-01
-6.485688897687559296e-01
-4.165090112689600610e-01
1.566418520979526718e-01
7.996660040246440504e-01
8.060840946888706560e-01
-2.025565266035754264e-01
-1.491265082088740979e+00
-2.046768999778989517e+00
-1.891397656895887458e+00
-1.804379584308478890e+00
-1.707907617025675506e+00
-1.046786144774605631e+00
-2.849061083167412911e-01
3.078496824871213011e-01
7.529956611021962898e-01
1.391001403737915476e+00
1.716177393249082250e+00
1.320628445932432671e+00
2.326363714217700995e-01
-7.009498976783830049e-01
-4.047418141791068735e-01
7.067523973442914054e-01
1.055310054086903815e+00
4.132992563273003850e-02
-1.324461844953989331e+00
-2.006268841395135727e+00
-1.913890436237117187e+00
-1.327702446897267130e+00
-7.544839114563264282e-01
-5.993375589177849516e-01
-5.921433719234288073e-01
-3.596989850401903221e-01
-6.262719358175709850e-02
3.050364253115493973e-01
1.060326999789244384e+00
1.625108632064731440e+00
1.112846711842940373e+00
5.314777667878217704e-02
-6.995495935693879508e-01
-1.050360819102990728e+00
-7.431975887909789691e-01
3.035453576554680843e-01
1.127927503361729977e+00
8.879106190046106573e-01
-1.451324756985171958e-03
-3.541885251678045243e-01
4.835122769708934398e-01
1.865118366310001718e+00
2.734495400821550071e+00
2.734495400821550071e+00
2.453049049862252140e+00
1.202372140905949793e+00
-1.064879458626271647e-01
-5.817801991192735889e-01
-3.511719411680025438e-01
-1.759524479841873545e-01
-5.131976556035275361e-02
2.651689135159170929e-01
3.375962360259984196e-01
-1.763891206530795175e-01
-8.943199907979629826e-01
-1.517513538465131040e+00
-1.874057252623028136e+00
-1.657864562310106482e+00
-8.965440880273126689e-01
-1.117150915910255504e-01
1.864457695646519753e-01
1.631126018560497826e-01
-1.137877224330127307e-01
-6.859375314308217009e-01
-1.031725222465833092e+00
-8.357134902140815891e-01
-4.794630691669115596e-01
-3.994251987831234363e-01
-5.133852971123836761e-01
-4.663671280327389979e-01
-3.136588297929666092e-01
-4.575785932513280474e-01
-9.607108767317448228e-01
-1.420414056221192878e+00
-1.473631819349218830e+00
-1.148958342739813787e+00
-8.858203975555866139e-01
-1.151389422961168085e+00
-2.031634478464756199e+00
-2.595275870797732587e+00
-1.870480913522011068e+00
-7.429869325000953983e-01
-3.445065445631159129e-01
-2.404958726034011618e-01
-3.047503479373072071e-03
-8.043401597977610507e-03
-3.934986244282286383e-01
-7.490036980946159773e-01
-8.163143037643545430e-01
-7.181893539541892579e-01
-3.177723533772033315e-01
2.275007056331273814e-01
2.400955554797807312e-01
-9.665460570238726401e-02
-3.342364108558635305e-01
-6.970329738833128674e-01
-1.011717139406194566e+00
-7.303888444214381437e-01
1.226028243766667664e-01
1.155952729516154465e+00
1.961736650529898540e+00
2.095466699310648551e+00
1.474163119471643135e+00
5.424740008056327945e-01
-2.222051176381895088e-02
1.309293202393810862e-01
6.606503297976866751e-01
9.703211085561497251e-01
9.376986330325909336e-01
8.653822657971207422e-01
9.215400796288201191e-01
1.081088712871842272e+00
9.402300237666740834e-01
2.805592616105636039e-01
-7.625461987499852767e-02
4.070893029735720425e-01
6.094535402765184351e-01
-1.729407802838254238e-01
-7.801950498688687841e-01
-5.383252400103643032e-01
-2.785857718731094002e-01
-6.083482267623968598e-01
-1.128141311946385006e+00
-1.031638124003968482e+00
-6.697318201022584017e-02
1.064250714253299757e+00
1.743620990760952338e+00
1.925016258349678600e+00
1.694958095845143120e+00
1.313354998872011681e+00
1.236053555932416170e+00
1.193483020946523698e+00
4.462308924958476308e-01
-6.294704293505551940e-01
-1.305703305099092937e+00
-1.524312383754234057e+00
-1.094539404155879581e+00
1.298569117547136442e-01
1.469985659055692118e+00
2.218471111683440355e+00
2.217307101217656840e+00
1.494312803121834010e+00
4.602964550694655932e-01
-2.165755124952825350e-01
-6.509804419445329726e-01
-1.168991357374101536e+00
-1.354124682822416270e+00
-6.664950919527438122e-01
5.546156441061889097e-01
1.155156123107183630e+00
7.066920691087589246e-01
-2.796651230513000005e-02
-2.068109407875210748e-01
-4.880395357255345318e-02
-4.104828185877604230e-01
-1.096460648207298938e+00
-1.239026709550296035e+00
-8.911030536421649106e-01
-7.258876038941219910e-01
-6.394243000912573915e-01
3.895492876674129523e-02
8.945616719657274452e-01
9.848446075996837301e-01
6.388439290818370697e-01
6.368232950492245248e-01
8.156200113109994820e-01
7.132168981614647185e-01
3.323726961887289444e-01
3.261819646493561986e-02
2.458021064917102066e-02
2.378926281548960839e-02
-5.491980899276001360e-02
2.730989906094609121e-01
7.852718538074769938e-01
9.342261223397843040e-01
1.064239996903917573e+00
1.258655966093229717e+00
1.123217173293586946e+00
7.293960450189777012e-01
2.586713556828521554e-01
-3.225700057760143014e-01
-9.050389986728024638e-01
-1.136367569019255841e+00
-8.111820991014506710e-01
-2.126634126722112272e-01
2.369044150344535582e-01
3.923941364120254738e-01
3.512732497009067867e-01
5.309278884765402662e-01
1.092237818345988876e+00
1.380469146101650724e+00
9.939388754113427371e-01
4.370718219550918660e-01
8.320292244412791360e-02
-1.724833789204309464e-01
-4.171038544390087144e-01
-7.673573244327235310e-01
-1.142410262486172945e+00
-1.175737715619358692e+00
-6.709564381538999367e-01
-3.545747682199861667e-02
-2.158875142722315732e-01
-1.209946925863278455e+00
-1.860492483500804983e+00
-1.698688469494244346e+00
-1.055946536322075691e+00
-3.405091083844933308e-01
-3.184402953394556146e-01
-6.041624518282275869e-01
-8.077797407764386595e-01
-9.523755818373180748e-01
-9.797845079132977419e-01
-7.855047529775995852e-01
-4.463956720843992310e-01
-3.733889505646813545e-01
-6.481475784046066835e-01
-7.266131715137378322e-01
-2.875506209240113464e-01
3.236421472953527334e-01
5.926057263829188626e-01
3.958762503941155031e-01
-1.033019291204527110e-02
-4.347901502216047764e-01
-8.763733601702958786e-01
-1.311256422068170835e+00
-1.514231429730339418e+00
-1.142431255737530904e+00
-4.600301595530320586e-01
-1.650428284596623663e-01
-1.665556806793110634e-01
1.118725934624821422e-01
8.583618263864122300e-01
1.711103443252104395e+00
1.851229024141133328e+00
9.332859040036872722e-01
-3.974734709482750650e-01
-1.390007500305600052e+00
-1.662323408802762970e+00
-1.029985554364844624e+00
2.687050618911652200e-01
1.253512270347811652e+00
1.274916228724051415e+00
7.012465389340916122e-01
-4.704857351895525702e-02
-7.118015618804256484e-01
-1.118512769046758226e+00
-1.346752028408371604e+00
-1.587573337577708799e+00
-1.909484412248364515e+00
-2.185395546529835809e+00
-2.006717190892201241e+00
-1.265829427604369339e+00
-4.133607621605044913e-01
2.807603081324638317e-01
7.927287659973519807e-01
8.676547444373213791e-01
7.386260455350658338e-01
9.766095771255574043e-01
1.027908661248433386e+00
4.679693642558944711e-01
3.980891504312662060e-02
9.258103935785109984e-02
2.295193809886569014e-01
2.362327983031753398e-02
-6.724257765717536195e-01
-1.401333417543352944e+00
-1.435158366309225553e+00
-8.524729449119992086e-01
-4.763890274300123240e-01
-3.872039778430084178e-01
-1.573282310812948726e-01
-5.720269478672562746e-02
-2.132168269445457454e-01
-1.947954363247898502e-01
1.363577727164018982e-01
5.322296065516864960e-01
8.676249199326803163e-01
1.195241020943136334e+00
1.463775164732132872e+00
1.508138166805234714e+00
1.449633676291246953e+00
1.548471703195175797e+00
1.659057341061300983e+00
1.470256270520905018e+00
1.109411353132106370e+00
1.157664881198829265e+00
1.848300622134450899e+00
2.647862017034774418e+00
2.741449403020868036e+00
2.741449403020868036e+00
2.201428437977095420e+00
1.255088426265640988e+00
4.583991167577179948e-01
-3.306422639791961604e-01
-8.434930083023406411e-01
-7.498231491603438714e-01
-5.896393795864411924e-01
-9.282529178155799476e-01
-1.368044091865193490e+00
-1.301690388635077245e+00
-8.216520608896437095e-01
-4.828647198202421498e-01
-4.128266591559292542e-01
-1.577754785598214915e-01
3.615735794588530450e-01
7.549302390492687032e-01
8.883594900096161151e-01
9.346852531265779085e-01
1.269119937981074919e+00
1.804072788914300229e+00
1.402748653950319335e+00
-4.081985733129592786e-01
-2.081162367471817820e+00
-2.063935323952079237e+00
-9.059827890164884323e-01
-3.664055843811622748e-01
-9.835539952530663044e-01
-1.371660228198858356e+00
-5.650535607419769901e-01
7.402088950257688094e-01
1.769318521268734123e+00
2.012838495554827745e+00
9.610637964332875427e-01
-6.752280566519103244e-01
-1.488944657782186098e+00
-1.257493898290187540e+00
-8.900632893988433825e-01
-9.264834731252203914e-01
-9.615289689321138145e-01
-5.711689023820313293e-01
1.853948706714987280e-02
3.587053413453960560e-01
3.112303183469750656e-01
9.713899365803398134e-02
1.028622733644948967e-01
3.829708520534627625e-01
6.149994933706118827e-01
4.658373187783496627e-01
3.283397179304716005e-03
-2.759832710588707161e-01
-4.328288369008582714e-01
-6.327868618351674135e-01
-3.408687659222467414e-01
3.905836199403086573e-01
7.929618514737184487e-01
6.662301753827524209e-01
2.432944889024850343e-01
-2.155668569474561147e-01
-4.612355032027308233e-01
-3.041579983019950251e-01
3.661610035942132191e-01
1.142514714430828304e+00
1.417250733212816582e+00
1.108736781877511346e+00
5.148459106049049216e-01
-3.346640241144177574e-02
-5.444123094171553490e-01
-1.019005090953012393e+00
-1.112440087798401978e+00
-7.075257252590423374e-01
-8.724695392823066109e-02
2.268859708028805044e-01
1.047475863964407450e-01
7.901863087646793238e-02
2.423520433892111248e-01
1.627657183107758254e-01
-3.301518058942461975e-01
-8.075370144162045127e-01
-6.419108023021411480e-01
3.537479488735782024e-02
5.830952070462283032e-01
7.488139119217510631e-01
6.210354995455308336e-01
2.171354363586821545e-01
-4.802079506319545943e-01
-1.061013843958721337e+00
-1.156331174670734319e+00
-9.567003607786542796e-01
-4.528834014897430982e-01
5.238362647879363232e-01
1.352465135231216253e+00
1.042148196435011664e+00
-5.921885672980234383e-02
-6.485517600469282717e-01
-3.204659799680024679e-01
3.450449949897352875e-01
7.137859127097144762e-01
6.546055959489118781e-01
6.566576355855932023e-01
1.076724353291240277e+00
1.335131386900520356e+00
1.029027927234656303e+00
6.713576968763345088e-01
3.072774245703476792e-01
-4.149306077589940966e-01
-1.114706391194771218e+00
-1.332916392744127210e+00
-1.200948009440928388e+00
-8.539918047195603767e-01
-6.341804079334291133e-01
-1.168313624544881302e+00
-1.723308834945387336e+00
-1.144561814779576192e+00
-1.463351970123110551e-02
8.780697877646347349e-01
1.488146029135318571e+00
1.320977910166733826e+00
4.561223787094731974e-01
4.231204245786610585e-01
-1.105529671456451785e-02
-3.338859204304061024e-01
-2.669760766256298878e-01
-7.596305724016433336e-02
2.307892915986394788e-01
7.679263883119745726e-01
1.025064369724323798e+00
3.566346196633467525e-01
-1.007712180042133587e+00
-1.988224162370923587e+00
-1.815111412374568634e+00
-8.995852256990689577e-01
-3.549712327516486021e-01
-4.525255464799749494e-01
-2.079358894692238113e-01
6.197207208525776778e-01
1.302228079309566189e+00
1.748694245591012608e+00
2.210451446066746595e+00
2.506199748141506145e+00
2.512823552878011846e+00
2.150467393335823818e+00
1.297202823771003599e+00
4.122360369308443739e-01
-1.617371724518961232e-02
-9.047675427744431009e-02
-2.348810481355002588e-01
-4.585722550092881100e-01
-3.156497377998038201e-01
2.090946166271246409e-01
6.436585925730554658e-01
5.870631604291712824e-01
4.476704940466518234e-01
8.621865576000331544e-01
1.019673050978526563e+00
-1.644989304538345062e-02
-1.285201419233965137e+00
-1.660699914658701815e+00
-1.059573500222492193e+00
4.519310575543246666e-01
2.089167466686870256e+00
2.498652738505340754e+00
1.892357447588624231e+00
1.424035466557999063e+00
1.220699695599859469e+00
1.010166968863066783e+00
7.047237003351293216e-01
1.759805717058662844e-01
-5.869633246798525716e-01
-1.437527601916015474e+00
-2.112837315851193054e+00
-2.424156704096692927e+00
-2.545523287170579518e+00
-2.465055506408615038e+00
-1.859720204068198823e+00
-9.076667607297880247e-01
-3.214622464252986367e-01
-6.282114502195211836e-01
-1.467876395525591127e+00
-1.879001008355353441e+00
-1.689739991364700211e+00
-1.162882378007077389e+00
-2.531257085133012952e-01
6.082050075246632215e-01
8.000737104014770118e-01
5.977968938296954748e-01
7.040747337927445448e-01
9.679324261031938548e-01
9.456654963400537017e-01
9.255380228098770701e-01
9.535453359983566690e-01
5.138577416138114806e-01
-2.923054396215138406e-01
-8.106368715505782863e-01
-7.181928880398877890e-01
-2.795596671998998861e-01
-1.198238058566355596e-01
-5.806722579220507940e-01
-1.032227941888290479e+00
-6.841250547535994153e-01
2.637224903580093760e-01
7.297139186376105924e-01
2.758451526856843805e-01
-2.673053262025638088e-01
-3.345805279030487078e-01
-3.231402943978249898e-01
-4.576585334109085079e-01
-3.483160333089568295e-01
2.203091503930086903e-01
7.418948819187243249e-01
5.859584792245826623e-01
1.556814894797599325e-01
1.823736482230172429e-01
3.232035903333669302e-01
2.517518990532611745e-01
4.615426289528293258e-01
1.240236147409550460e+00
1.877940768043904196e+00
1.811535431641622784e+00
1.540797237933631214e+00
1.372352201240625291e+00
1.072060823988672640e+00
5.388508914239423797e-01
-2.463229793812710677e-01
-9.375292107866667335e-01
-9.099119101958093037e-01
-2.597034015914776450e-01
3.464752901647725758e-01
5.374161204110060597e-01
3.531358366151222672e-01
-2.306920037221749376e-01
-1.123438179429253614e+00
-1.626823844740159952e+00
-1.393997904408720290e+00
-1.148148995407048067e+00
-1.336418265504561109e+00
-1.492499434306772121e+00
-1.287882075192193110e+00
-8.725976689412906495e-01
-2.321461685915969242e-01
5.421453961325698456e-01
7.959680308837292495e-01
6.018335972986380566e-01
6.026509002958707617e-01
5.650550578911323063e-01
3.315635881328121704e-01
2.387825800940541476e-01
8.615394607906219637e-02
-4.599931470601297256e-01
-1.040032281377946566e+00
-8.573922287072501813e-01
2.337201955905656992e-01
1.136156475180184922e+00
9.212749547527462335e-01
1.936075519888137975e-01
7.078405098374881445e-03
4.897971495562859490e-01
1.124925346974164908e+00
1.405644069127490514e+00
1.141066753641171605e+00
7.600934078378898118e-01
7.806527877005069449e-01
7.012432797733779699e-01
1.256458603151329239e-03
-8.460366555300214975e-01
-1.455287177785333119e+00
-1.774529063287813235e+00
-1.667021215397910483e+00
-1.278368561759416711e+00
-7.901498367578215776e-01
-2.685370079978082747e-01
-7.666159860090705769e-02
-3.715247520599566089e-01
-6.009235970487011302e-01
-1.105970025210376989e-01
6.765896535417932345e-01
8.112030804710793630e-01
5.138588825497463208e-01
4.648363161763451878e-01
3.977919448603391417e-01
-5.777505137489356152e-02
-4.585767075297207396e-01
-3.925923287268093254e-01
9.446369372829936661e-02
6.628002616185171281e-01
7.828241704493523745e-01
2.734437923359470668e-01
-4.086948594820612457e-01
-6.510715275317531248e-01
-4.281315483800087751e-01
-4.229709479852237775e-01
-1.003492546725641477e+00
-1.381430733898487917e+00
-7.598943728436121647e-01
4.661548993677034347e-01
1.120504233405664074e+00
7.127039240788795027e-01
-1.677324026194587925e-01
-1.058738931711268094e+00
-1.646793451054943125e+00
-1.600118193398853306e+00
-1.236402865654400163e+00
-1.043493110104944055e+00
-7.752373232490872290e-01
3.452844707064346014e-02
8.324424817995356163e-01
6.635664489948358558e-01
-6.301710415154684886e-02
-4.253210202123623440e-01
-4.312332590437756297e-01
-2.516315944566231977e-01
-4.487247442314135776e-02
-5.722071382035306270e-02
-7.670447319594797184e-03
4.630596097495231489e-01
1.045492444286580946e+00
1.264595827524959137e+00
9.134378526991469016e-01
-6.287107242044417399e-01
-9.679242101197352843e-01
-8.005442751496358866e-01
-2.439257765358893992e-01
1.947326443603920598e-01
1.452845350443937034e-01
-2.070686262974496539e-01
-4.234863742423866095e-01
-5.807297476167280759e-02
7.860523892473652019e-01
1.495356861110410884e+00
1.608330012346557147e+00
1.219108116724501034e+00
5.684907808252068762e-01
-1.569759316284249084e-01
-4.697487959961499371e-01
-1.736614807930812743e-01
4.522028999884397660e-01
7.441968542849140000e-01
-1.928826985618491358e-03
-1.073315787279065514e+00
-1.209189160702205390e+00
-6.576267672640160322e-01
-3.535596124826579922e-01
-4.803699502077954375e-01
-5.432452941163835591e-01
-2.928590080541338958e-01
4.197892695347037878e-02
4.291141919966844909e-01
7.642718285461010952e-01
8.371232355127280478e-01
8.597177303668288584e-01
9.011504273138770671e-01
7.386926999551122197e-01
4.092652447578637442e-01
8.905072479633083238e-02
-2.532702892993539123e-01
-4.912707364710676150e-01
-2.767496155899175636e-01
1.270668782604696678e-01
2.217906477757557726e-01
1.795175646659174784e-01
8.471367180311675793e-02
-4.529726544941298227e-02
-4.843927483451930527e-02
-7.649773622924836702e-02
2.140918294689028167e-01
1.200784201187450329e+00
2.016707698373850999e+00
1.886894170854683583e+00
1.315747908448023251e+00
8.494432756797656303e-01
6.140902035849099549e-01
6.456410267716234941e-01
5.298651687354951623e-01
1.878259850730709946e-01
-6.114680389846473968e-02
-3.277191144626932506e-01
-6.874363204094203761e-01
-1.041990042943876649e+00
-1.305742067098933257e+00
-1.190907546968820396e+00
-5.471470739002023409e-01
2.365096060335081796e-01
8.474953269373399767e-01
1.340179991793505110e+00
1.795725707549465922e+00
2.315958702592477270e+00
2.649608701973869440e+00
2.360475309573893732e+00
1.632835387644124614e+00
9.960648133718483788e-01
6.792526085123641311e-01
4.951117776108221458e-01
3.991456551677107223e-01
4.346508955820689302e-01
6.068347539462011497e-02
-7.973536834564284304e-01
-1.141257295532955851e+00
-5.616210691013030498e-01
1.652019280745579133e-01
1.707990576511984049e-01
-3.597300045194458673e-01
-7.396902630176163118e-01
-9.512020801710863172e-01
-1.238359252634541718e+00
-1.437488982377245872e+00
-1.365301348551140714e+00
-1.284262467299286170e+00
-1.196306667009985336e+00
-7.342065160439774640e-01
-1.177358837521274570e-01
8.780664272462743170e-02
-1.887442544758301810e-01
-5.937065645271624170e-01
-8.846124030811581829e-01
-1.059735608215086389e+00
-1.083546188320210213e+00
-8.509809138718610333e-01
-6.215944620311635305e-01
-8.215185015927816137e-01
-9.872573944277924785e-01
-4.469972988015326609e-01
2.722035965943950808e-01
1.278935606092461708e-01
-9.314520248368035604e-01
-1.899458831943191317e+00
-2.050141869209050061e+00
-1.380599520583065454e+00
-2.839211549179385674e-01
7.185354503641309121e-01
1.538982119894081624e+00
2.097095978521911430e+00
2.318949730519819230e+00
2.416315219564371120e+00
2.146200070031389906e+00
1.373035042168916586e+00
7.004078110128868495e-01
4.919540396020089523e-01
5.250126394858318779e-01
6.599057290116597807e-01
9.972188489664175481e-01
1.302471200865026102e+00
1.142378081963096426e+00
7.596319992241306052e-01
7.205809836076817465e-01
8.377229483165551382e-01
5.711979764656208713e-01
-5.948970012765961851e-02
-5.151904046651516467e-01
-4.252063739513128882e-01
-7.756897386107994979e-03
2.183400192468134826e-01
-1.511049642538257742e-01
-9.582068078957441948e-01
-1.343136863343008747e+00
-8.519950945330976300e-01
-1.549428223316326979e-02
6.327902781518637276e-01
1.002713248883263741e+00
1.061104764186384219e+00
7.606610988221882419e-01
1.408891605191521235e-01
-4.007524630246442898e-01
-5.001283573319086351e-01
-3.624240838982127344e-01
1.326582776058429260e-02
5.921485184596489981e-01
7.688582502795123785e-01
4.510695182159823458e-01
2.366045662191282317e-01
3.813114550848768491e-01
5.736172410626558804e-01
3.263723135629617023e-01
-5.236053597128076387e-01
-1.219810624757346140e+00
-9.626189441741015429e-01
-2.424502180010326413e-01
-2.755811197647466473e-02
-4.009569713717206496e-01
-9.056886661972354258e-01
-1.533867971145588260e+00
-2.169637182454934532e+00
-2.125272957091584036e+00
-1.513563376325819387e+00
-1.303359161640280206e+00
-1.500076952722378953e+00
-1.554147126417225078e+00
-1.716959004744776029e+00
-2.041829465643483665e+00
-1.874454472266337879e+00
-1.209434118888432330e+00
-7.210842694752327420e-01
-3.798619779958078424e-01
3.771081565446295358e-01
1.261275026665070520e+00
1.608395962916962851e+00
1.399796622621170217e+00
7.179344404519748535e-01
-3.035365157104696343e-01
-1.029816256183212930e+00
-9.346558930400999943e-01
-3.163603550310423729e-01
-3.958147675216296818e-02
-4.471946325901259289e-01
-9.113316361665111387e-01
-8.426311548195062340e-01
-9.460328969715343927e-02
1.078384272690000367e+00
1.816673845213633731e+00
1.593258682054328190e+00
7.677825509777472801e-01
-1.555743557800021160e-01
-9.492168421322589866e-01
-1.524984942991799874e+00
-1.594396338879873865e+00
-8.033748046029489664e-01
3.870125232323678999e-01
9.624380462485240262e-01
6.956863488392318606e-01
-5.196054820346162062e-01
-2.269615005966443277e-01
7.880276324821751111e-01
1.668123175652161283e+00
1.933874299112853246e+00
1.732789323967655282e+00
1.168625613712784617e+00
3.798561688556952309e-01
-1.089621872932169111e-01
-2.049445750138774447e-01
-1.776539490372276708e-01
1.994202104175280543e-01
7.228003541354965922e-01
4.574211519221423328e-01
-3.197102351853399749e-01
-1.407817370682127867e-01
6.293562373691184986e-01
3.444725953048615730e-01
-8.388845007008003396e-01
-1.572296239812077223e+00
-1.030292915046143953e+00
3.917875331293805830e-01
1.471930031922847437e+00
1.616568767242246185e+00
1.047767071761306346e+00
1.020827605591938525e-01
-9.083857660825988001e-01
-1.333049398686304787e+00
-8.229229830300134330e-01
-8.590313870743013225e-02
1.231451464944176843e-01
-6.172018302111170751e-02
3.994980900995709350e-02
8.024494287245722557e-01
1.782263533985601667e+00
2.013788725799404045e+00
9.230172820128228484e-01
-6.533061036090721529e-01
-1.439346928918489699e+00
-1.333849177141765541e+00
-1.157284668746524137e+00
-1.300058605362728992e+00
-1.187330378853390433e+00
-2.408855563030346814e-01
8.211598483506431512e-01
1.071338319516088156e+00
9.394968266177505800e-01
8.655323055449567482e-01
7.293482098705390548e-01
7.139092888273929072e-01
7.994148506707851043e-01
4.440947754777511136e-01
-5.549409142072234680e-01
-1.751820834306282437e+00
-2.670076368112241916e+00
-2.760208575450849633e+00
-2.760208575450849633e+00
-2.633807965557644515e+00
-1.738071938349576406e+00
-1.021176323532992480e+00
-3.604147483728867285e-01
1.066953029841886946e-02
-3.599780124389621028e-01
-1.050226147688678502e+00
-1.248105260466255917e+00
-8.984414069901200950e-01
-5.278383337790353291e-01
-4.589317540784493832e-01
-4.881741515191087011e-01
-4.922254196640740709e-01
-7.222552134873458929e-01
-9.759784855964317440e-01
-5.942652243139466828e-01
3.706362149691567742e-01
9.882944348573636795e-01
9.424991453697506572e-01
9.249528944322868984e-01
1.282652094701990153e+00
1.328584603530962749e+00
4.488503651081371948e-01
-8.986186049649284024e-01
-1.895732370156378188e+00
-2.219199876595767673e+00
-1.936699959335434817e+00
-1.277819988650665373e+00
-4.366573050301417180e-01
4.404487293716654039e-01
1.074420648352395258e+00
1.217573362611586774e+00
9.504761917485513578e-01
5.247421222890874537e-01
2.358815736813119346e-01
3.322931075004613710e-01
5.103752189425947439e-01
3.509664541058750142e-01
5.294070901636458576e-02
1.806233399913401982e-01
8.059095536716159858e-01
1.198328211913816554e+00
7.557575765842846627e-01
-2.249905145808424323e-01
-9.111216696319113240e-01
-9.373096367059511325e-01
-4.659442760882232526e-01
2.331118021304882659e-01
7.967167625700523059e-01
1.011374770211916907e+00
9.559521367969485706e-01
8.799987837851117600e-01
7.273917277511385837e-01
1.839264598759152991e-01
-3.104802754044426183e-01
-1.596153955584633521e-01
4.315533146260632780e-01
8.191723735738294376e-01
8.859169543786885592e-01
1.249093114738186294e+00
1.906715723147873742e+00
2.047719546688984149e+00
1.557427973425947965e+00
9.779674926790582479e-01
4.927717253803922670e-01
-4.758944096549229397e-02
-5.058529462749238315e-01
-5.025038361752826033e-01
-1.015644057901619740e-01
3.713575436522039142e-01
6.517740185075266979e-01
7.193480915271093235e-01
9.300934413711778870e-01
1.065687607545827698e+00
4.346476308084561424e-01
-4.919850444951527901e-01
-8.051320719606125387e-01
-7.494130161803057577e-01
-9.681837768824250734e-01
-1.329718010237795678e+00
-1.122063373166642508e+00
-2.018090403667866517e-01
5.793218536284462372e-01
6.178203536250095329e-01
2.944710704200502738e-01
1.192171642302766038e-01
1.125453752459002060e-01
1.817346024839050223e-01
4.606952358494256772e-01
8.079491088004641108e-01
7.631480986506562481e-01
5.250925330102476085e-01
5.326235510435595177e-01
4.140867298538140062e-01
-1.090039561983301153e-01
-5.624003983804628515e-01
-3.305017861004249102e-01
6.191090749315010244e-01
1.317114156527347202e+00
8.832259048365130871e-01
-2.179428091554576896e-01
-1.006906367592539597e+00
-1.227152770039244167e+00
-1.118080136784520562e+00
-7.680272761806908877e-01
-5.990238240411046265e-04
1.051205202772071967e+00
1.764830767818195589e+00
1.633473367081299088e+00
6.911982421297896417e-01
-5.017927275817186672e-01
-1.261811281126004936e+00
-1.284119940380322955e+00
-1.043981412095820405e+00
-1.038691122524741717e+00
-1.079264214256096865e+00
-9.413761200321575373e-01
-8.876031731089921717e-01
-8.724985249443969471e-01
-5.340040962196270780e-01
-3.348079854847578751e-01
-8.367412847662418773e-01
-1.600327224063453624e+00
-1.781151193415604350e+00
-1.082478375847700347e+00
-7.940727526195766328e-02
6.276873687479888053e-01
7.963451693447084478e-01
1.523270095079393704e-01
-8.508446442974400004e-01
-9.520659667346361710e-01
1.507472298411925149e-01
1.172576592154615627e+00
1.348688247596852019e+00
1.254902818405981169e+00
1.096627861012849925e+00
3.134326731138232236e-01
-9.084146890264143126e-01
-1.301800904145229421e+00
-4.641883828566295556e-01
4.704393890649333221e-01
8.145862515131419013e-01
6.606424013234259984e-01
