5.951495971607609903e-01
9.941503322651746855e-01
9.781058297891531694e-01
5.918194018844363802e-01
5.017081312698866702e-01
7.899641356457103303e-01
1.044504060711603399e+00
1.132787504659113598e+00
1.108974118550674737e+00
9.467760331982232325e-01
3.938118822904722593e-01
-6.489064558805500704e-01
-1.682741991989330277e+00
-1.976512765529710336e+00
-1.565398971800057826e+00
-1.104992838625243445e+00
-7.691073227341921337e-01
-5.829777358357505213e-01
-7.417729951141386335e-01
-1.165642634032455494e+00
-1.344213957830480588e+00
-7.087194850215242647e-01
2.480110163526262346e-01
5.241972655508959633e-01
9.364595300504775788e-02
-2.967675720681877682e-01
-3.204372586547182822e-01
-4.849586678928680672e-01
-8.303494642291543437e-01
-6.770084478367662806e-01
9.273496070365834509e-02
8.621027954365796386e-01
7.959936064807822120e-01
-1.141498772174175252e-01
-6.733780115226996044e-01
-2.750199643538756566e-01
3.390466591980183519e-01
7.053545011319088953e-01
1.212651614978324410e+00
1.946518281425245744e+00
2.323330727059785605e+00
2.061567791254967918e+00
1.628985788985864547e+00
1.264485471031158159e+00
5.632892792892475464e-01
-1.516839086089210586e-01
-2.369231747379612896e-01
-1.516130025081977584e-01
-2.736859422669273845e-01
-3.261272941446068940e-01
-2.705171366295196500e-01
-1.885262326433570224e-01
-4.678834303706251585e-02
7.770114288019827620e-02
8.793694704017077091e-02
7.509778721001587887e-02
3.065363713334216533e-01
5.844204653017788242e-01
4.552098226451767871e-01
2.212745846685682249e-01
5.483697472561263053e-01
1.217265999781484975e+00
1.518487309346591152e+00
1.298069490642292489e+00
6.515273457666630463e-01
-2.143474410917970141e-01
-5.136448628171044195e-01
1.745816435045063897e-01
1.029036249601451347e+00
1.249141253733931034e+00
8.730987924242031850e-01
4.775060242330027988e-02
-7.310611426339531649e-01
-5.676279423588392881e-01
4.232622270029139377e-01
9.369195574245816616e-01
3.820351283825537680e-01
-6.160735838255990693e-01
-1.378057371628244931e+00
-1.681431998283775542e+00
-1.733344856592260896e+00
-1.774284722468935760e+00
-1.594482365981012117e+00
-9.091959293757336802e-01
-4.538425436805644531e-02
5.201971349528171640e-01
6.726492786704871829e-01
4.172779443077976325e-01
-4.872546846845129398e-01
-1.951271265808893540e+00
-2.651224853999221587e+00
-1.449539436223256983e+00
7.955800655880524985e-01
2.326584142096612684e+00
2.563353746358900231e+00
2.186265771508290712e+00
1.747467531450026312e+00
1.082480800257187514e+00
2.002377627230130519e-01
-3.299023326271569578e-01
-1.830966725742780576e-01
4.547329498923755042e-01
1.090486990087842889e+00
1.209262797098160425e+00
7.947093964183835624e-01
4.366550176155234997e-01
6.544020387580503639e-01
1.226058864175668672e+00
1.496332007624166627e+00
1.291370038726192826e+00
9.897909731811197487e-01
7.355252628003279280e-01
5.568100608281025821e-01
6.508492880148579740e-01
6.152014119216933086e-01
-1.351419582462354101e-02
-4.936465398281235650e-01
-1.508431503730046919e-01
6.064280398524460880e-01
1.330270394375496323e+00
1.642944101113145816e+00
1.346864414345748440e+00
8.005730432656036344e-01
1.615134375261150501e-01
-6.664113904183015524e-01
-1.258077392952027918e+00
-1.175781906850607461e+00
-5.580493953529023221e-01
-5.641257140046103402e-02
-1.141745990916256809e-01
-1.441590457638971257e-01
3.514604226647656260e-01
1.110610466953825037e+00
1.789422027130542325e+00
2.077022460867076425e+00
2.023060898632200733e+00
1.762409586560907515e+00
1.034270892496333083e+00
-6.645532204610800353e-02
-1.161638268374035166e+00
-1.953858349913280668e+00
-2.062116658434147709e+00
-1.459094866420574510e+00
-8.759831631939107854e-01
-1.039505530694670554e+00
-1.560620104530641150e+00
-1.449333069207784375e+00
-5.708823503695009682e-01
1.623048196364640372e-01
1.355931233477485898e-01
-2.222194408192395554e-01
-3.599369660902561052e-01
-4.980981804483176067e-01
-9.006661107257118992e-01
-1.111817493443886473e+00
-7.756752638753442453e-01
-1.696317287182702305e-01
2.547743977264718129e-01
1.392263302542359471e-01
-5.560444694541850641e-01
-1.385301106990830755e+00
-1.446567585676510781e+00
-4.737756416891820144e-01
4.461467429222366055e-01
4.910792916194235413e-01
-9.916959258458030516e-03
-6.257466701971629019e-01
-9.487382172787619528e-01
-5.678657394375232759e-01
-1.344874760922183665e-01
-3.598984151483343163e-01
-9.021055084051793349e-01
-1.259352226764369975e+00
-1.224776584369867471e+00
-8.063769394729026763e-01
-1.698091714644624495e-01
3.257236787486619267e-01
6.076123899841159304e-01
8.116041804799507542e-01
5.884297029047620420e-01
-5.318856179434568870e-02
-3.950126396406088980e-01
-1.597830562676222366e-01
1.802989288484421471e-01
3.494909891705696992e-02
-6.452532774601416055e-01
-1.275471154780837280e+00
-1.352476388879338742e+00
-9.681496736554957572e-01
-4.690522862999035869e-01
-9.708886393188090325e-02
-5.286424811432990922e-02
-7.210110147809010162e-01
-1.685295113571400050e+00
-1.557258657748125552e+00
-5.948913894409409986e-01
-3.851385221519904034e-01
-8.578167201303971146e-01
-9.362948235027018784e-01
-4.607040248081898937e-01
8.295957893630142577e-01
1.263474790251426061e+00
1.655662493653678569e+00
2.133994227309640390e+00
2.282215889228137229e+00
2.183980994730612135e+00
2.284511659380394910e+00
2.342441017632306277e+00
2.132522886225808101e+00
2.174398096659470703e+00
2.652394141916500026e+00
2.721313912067686136e+00
1.989453898588285030e+00
8.237766074268175753e-01
1.160700686206433407e-01
-4.095538775394602649e-01
-1.333666139442263976e+00
-2.204049592930938939e+00
-2.044103974005546664e+00
-8.806589207775609163e-01
1.983331731801726561e-01
5.185195257464750851e-01
4.243369121959953971e-01
4.163739040816832881e-01
5.120903230977230658e-01
3.277286478732564512e-01
-1.344486041225077810e-01
-4.554643958987727448e-01
-5.615287559237585047e-01
-5.811149025885445907e-01
-6.238995348737320645e-01
-6.901702391774745537e-01
-3.713990262983987711e-01
4.227448800188721711e-01
1.104804566273630106e+00
1.177338348949033220e+00
5.952002947643532105e-01
-2.351975678182551821e-01
-7.302497326643114794e-01
-6.396867885299859502e-01
-2.815628088366421977e-01
-1.699352607097996404e-01
-3.498589658119255486e-01
-5.892328004036999634e-01
-8.223060288038539500e-01
-7.678161859788000809e-01
-3.205098810777320256e-02
8.619522885447160609e-01
8.449884800928848527e-01
1.727759359914267934e-01
1.507460200808923290e-01
7.785977327735670306e-01
1.095917962299779225e+00
9.361563949385024452e-01
7.720250687180865157e-01
8.544728258573355273e-01
9.554562560286743444e-01
7.590259843570796860e-01
4.357613755595070582e-01
4.930970828990984822e-01
1.031941936434073170e+00
1.690306768340794186e+00
1.895921427590204322e+00
1.382278430416398418e+00
5.550156189053840894e-01
-7.860104596695507984e-02
-3.592883937177701048e-01
-2.225585409754504695e-01
5.683741763576236755e-02
-1.438609622301399438e-01
-8.710718167789690547e-01
-1.558383313405025117e+00
-1.592511936989832844e+00
-9.686012001611343791e-01
-4.131692545182577003e-01
-1.312914110814288604e-01
4.514565600117423916e-01
1.038585159212717324e+00
7.530723382721050685e-01
2.556534969981128034e-03
-2.172320137305834009e-01
-2.236095773299884293e-02
-3.387581601172708762e-02
-2.384688256376198690e-01
-9.529462369206978534e-02
3.396196297292791155e-01
1.867620262228985029e-01
-6.502689115343602833e-01
-1.320223686100674643e+00
-1.535188077417895203e+00
-1.584435051608814149e+00
-1.528081322101409789e+00
-1.567504478296755543e+00
-1.929841343855664526e+00
-1.970644649627689704e+00
-9.358103978196652406e-01
5.859442865474135953e-01
1.320430242158510792e+00
8.162786628838917258e-01
-3.988509232018904727e-01
-1.354011137979360679e+00
-1.338296909615508179e+00
-7.183411003575336240e-01
-2.777505408560538291e-01
-1.140069285340385291e-01
-2.252581341106137669e-01
-6.520113789980916952e-01
-1.009212842544064737e+00
-1.199101299693325018e+00
-1.511818770324115491e+00
-1.828916333382231585e+00
-1.796922506544575970e+00
-1.387096839314542418e+00
-7.241750453699101753e-01
8.216543197128159393e-02
6.678979071407460388e-01
8.036470611773254280e-01
5.241611056853634487e-01
1.328741096490196061e-01
4.017951997881701737e-02
2.443426349221427540e-01
4.772701415877222964e-01
6.928590293852150417e-01
9.494522958112620037e-01
8.654044730548980935e-01
1.352521493213452441e-01
-8.743935787628194234e-01
-1.299642962091685394e+00
-8.675906183311613562e-01
-4.133706770879616021e-01
-3.178070578009764002e-01
-3.486000097756269955e-02
4.903708019363909321e-01
5.307897964699642701e-01
-1.741106481134511164e-01
-6.893341597964072198e-01
-1.294333015608667148e-01
9.828988383997906420e-01
1.383524923921561456e+00
5.745253239323832029e-01
-7.461478798199951967e-01
-1.492654448234140174e+00
-1.268083315403740752e+00
-6.082739063742875762e-01
1.624852342778613234e-01
1.083474731855063489e+00
1.946473730643848654e+00
2.368716943364229000e+00
1.877092196280581771e+00
6.422309261561250926e-01
-5.530674089887983591e-01
-1.101530028574657205e+00
-9.486281299979189008e-01
-6.505777764910685157e-01
-5.700807457398956446e-01
-4.375155576811943781e-01
6.764265640850850025e-02
7.514007746372899366e-01
1.003302720782151880e+00
5.348833768244612985e-01
-1.131004375684921959e-01
-4.254512494254272803e-01
-4.725763921053169336e-01
-3.241208651546751973e-01
-3.706508594589268124e-02
3.130143236695492881e-01
5.870096191636797744e-01
3.559012918256942437e-01
-1.727625556915735328e-01
-2.178371889623718083e-01
2.492366338017113214e-01
6.069746689351183111e-01
2.315726182033881475e-01
-7.263396799313641683e-01
-1.236465059055844584e+00
-1.120717460100056684e+00
-1.099221701915105598e+00
-9.614681729315120995e-01
-3.020159225600518305e-01
4.152285709996406671e-01
8.945226448423997390e-01
1.086941418160954687e+00
6.390954937654513834e-01
-2.209179087339957215e-01
-7.596627893472387427e-01
-8.034659593117102760e-01
-7.439769260670313633e-01
-8.780271645394979174e-01
-8.927591792410268789e-01
-6.444927496980352721e-01
-5.234039207607915634e-01
-5.102070963280793681e-01
-5.378038143561809648e-01
-7.665321387324208757e-01
-8.321832833122566608e-01
-4.322072714783578573e-01
-1.174527461751091462e-01
-3.358610570746881074e-01
-6.224112810888881020e-01
-4.761705431669210342e-01
-3.184402953394556146e-01
-6.041624518282275869e-01
-8.077797407764386595e-01
-9.523755818373180748e-01
-9.797845079132977419e-01
-7.855047529775995852e-01
-4.463956720843992310e-01
-3.733889505646813545e-01
-6.481475784046066835e-01
-7.266131715137378322e-01
-2.875506209240113464e-01
3.236421472953527334e-01
5.926057263829188626e-01
3.958762503941155031e-01
-1.033019291204527110e-02
-4.347901502216047764e-01
-8.763733601702958786e-01
-1.311256422068170835e+00
-1.514231429730339418e+00
-1.142431255737530904e+00
-4.600301595530320586e-01
-1.650428284596623663e-01
-1.665556806793110634e-01
1.118725934624821422e-01
8.583618263864122300e-01
1.711103443252104395e+00
1.851229024141133328e+00
9.332859040036872722e-01
-3.974734709482750650e-01
-1.390007500305600052e+00
-1.662323408802762970e+00
-1.029985554364844624e+00
2.687050618911652200e-01
1.253512270347811652e+00
1.274916228724051415e+00
7.012465389340916122e-01
-4.704857351895525702e-02
-7.118015618804256484e-01
-1.118512769046758226e+00
-1.346752028408371604e+00
-1.587573337577708799e+00
-1.909484412248364515e+00
-2.185395546529835809e+00
-2.006717190892201241e+00
-1.265829427604369339e+00
-4.133607621605044913e-01
2.807603081324638317e-01
7.927287659973519807e-01
8.676547444373213791e-01
7.386260455350658338e-01
9.766095771255574043e-01
1.027908661248433386e+00
4.679693642558944711e-01
3.980891504312662060e-02
9.258103935785109984e-02
2.295193809886569014e-01
2.362327983031753398e-02
-6.724257765717536195e-01
-1.401333417543352944e+00
-1.435158366309225553e+00
-8.524729449119992086e-01
-4.763890274300123240e-01
-3.872039778430084178e-01
-1.573282310812948726e-01
-5.720269478672562746e-02
-2.132168269445457454e-01
-1.947954363247898502e-01
1.363577727164018982e-01
5.322296065516864960e-01
8.676249199326803163e-01
1.195241020943136334e+00
1.463775164732132872e+00
1.508138166805234714e+00
1.449633676291246953e+00
1.548471703195175797e+00
1.659057341061300983e+00
1.470256270520905018e+00
1.109411353132106370e+00
1.157664881198829265e+00
1.848300622134450899e+00
2.647862017034774418e+00
2.741449403020868036e+00
2.741449403020868036e+00
2.201428437977095420e+00
1.255088426265640988e+00
4.583991167577179948e-01
-3.306422639791961604e-01
-8.434930083023406411e-01
-7.498231491603438714e-01
-5.896393795864411924e-01
-9.282529178155799476e-01
-1.368044091865193490e+00
-1.301690388635077245e+00
-8.216520608896437095e-01
-4.828647198202421498e-01
-4.128266591559292542e-01
-1.577754785598214915e-01
3.615735794588530450e-01
7.549302390492687032e-01
8.883594900096161151e-01
9.346852531265779085e-01
1.269119937981074919e+00
1.804072788914300229e+00
1.402748653950319335e+00
-4.081985733129592786e-01
-2.081162367471817820e+00
-2.063935323952079237e+00
-9.059827890164884323e-01
-3.664055843811622748e-01
-9.835539952530663044e-01
-1.371660228198858356e+00
-5.650535607419769901e-01
7.402088950257688094e-01
1.769318521268734123e+00
2.012838495554827745e+00
9.610637964332875427e-01
-6.752280566519103244e-01
-1.488944657782186098e+00
-1.257493898290187540e+00
-8.900632893988433825e-01
-9.264834731252203914e-01
-9.615289689321138145e-01
-5.711689023820313293e-01
1.853948706714987280e-02
3.587053413453960560e-01
3.112303183469750656e-01
9.713899365803398134e-02
1.028622733644948967e-01
3.829708520534627625e-01
6.149994933706118827e-01
4.658373187783496627e-01
3.283397179304716005e-03
-2.759832710588707161e-01
-4.328288369008582714e-01
-6.327868618351674135e-01
-3.408687659222467414e-01
3.905836199403086573e-01
7.929618514737184487e-01
6.662301753827524209e-01
2.432944889024850343e-01
-2.155668569474561147e-01
-4.612355032027308233e-01
-3.041579983019950251e-01
3.661610035942132191e-01
1.142514714430828304e+00
1.417250733212816582e+00
1.108736781877511346e+00
5.148459106049049216e-01
-3.346640241144177574e-02
-5.444123094171553490e-01
-1.019005090953012393e+00
-1.112440087798401978e+00
-7.075257252590423374e-01
-8.724695392823066109e-02
2.268859708028805044e-01
1.047475863964407450e-01
7.901863087646793238e-02
2.423520433892111248e-01
1.627657183107758254e-01
-3.301518058942461975e-01
-8.075370144162045127e-01
-6.419108023021411480e-01
3.537479488735782024e-02
5.830952070462283032e-01
7.488139119217510631e-01
6.210354995455308336e-01
2.171354363586821545e-01
-4.802079506319545943e-01
-1.061013843958721337e+00
-1.156331174670734319e+00
-9.567003607786542796e-01
-4.528834014897430982e-01
5.238362647879363232e-01
1.352465135231216253e+00
1.042148196435011664e+00
-5.921885672980234383e-02
-6.485517600469282717e-01
-3.204659799680024679e-01
3.450449949897352875e-01
7.137859127097144762e-01
6.546055959489118781e-01
6.566576355855932023e-01
1.076724353291240277e+00
1.335131386900520356e+00
1.029027927234656303e+00
6.713576968763345088e-01
3.072774245703476792e-01
-4.149306077589940966e-01
-1.114706391194771218e+00
-1.332916392744127210e+00
-1.200948009440928388e+00
-8.539918047195603767e-01
-6.341804079334291133e-01
-1.168313624544881302e+00
-1.723308834945387336e+00
-1.144561814779576192e+00
-1.463351970123110551e-02
8.780697877646347349e-01
1.488146029135318571e+00
1.320977910166733826e+00
4.561223787094731974e-01
4.231204245786610585e-01
-1.105529671456451785e-02
-3.338859204304061024e-01
-2.669760766256298878e-01
-7.596305724016433336e-02
2.307892915986394788e-01
7.679263883119745726e-01
1.025064369724323798e+00
3.566346196633467525e-01
-1.007712180042133587e+00
-1.988224162370923587e+00
-1.815111412374568634e+00
-8.995852256990689577e-01
-3.549712327516486021e-01
-4.525255464799749494e-01
-2.079358894692238113e-01
6.197207208525776778e-01
1.302228079309566189e+00
1.748694245591012608e+00
2.210451446066746595e+00
2.506199748141506145e+00
2.512823552878011846e+00
2.150467393335823818e+00
1.297202823771003599e+00
4.122360369308443739e-01
-1.617371724518961232e-02
-9.047675427744431009e-02
-2.348810481355002588e-01
-4.585722550092881100e-01
-3.156497377998038201e-01
2.090946166271246409e-01
6.436585925730554658e-01
5.870631604291712824e-01
4.476704940466518234e-01
8.621865576000331544e-01
1.019673050978526563e+00
-1.644989304538345062e-02
-1.285201419233965137e+00
-1.660699914658701815e+00
-1.059573500222492193e+00
4.519310575543246666e-01
2.089167466686870256e+00
2.498652738505340754e+00
1.892357447588624231e+00
1.424035466557999063e+00
1.220699695599859469e+00
1.010166968863066783e+00
7.047237003351293216e-01
1.759805717058662844e-01
-5.869633246798525716e-01
-1.437527601916015474e+00
-2.112837315851193054e+00
-2.424156704096692927e+00
-2.545523287170579518e+00
-2.465055506408615038e+00
-1.859720204068198823e+00
-9.076667607297880247e-01
-3.214622464252986367e-01
-6.282114502195211836e-01
-1.467876395525591127e+00
-1.879001008355353441e+00
-1.689739991364700211e+00
-1.162882378007077389e+00
-2.531257085133012952e-01
6.082050075246632215e-01
8.000737104014770118e-01
5.977968938296954748e-01
7.040747337927445448e-01
9.679324261031938548e-01
9.456654963400537017e-01
9.255380228098770701e-01
9.535453359983566690e-01
5.138577416138114806e-01
-2.923054396215138406e-01
-8.106368715505782863e-01
-7.181928880398877890e-01
-2.795596671998998861e-01
-1.198238058566355596e-01
-5.806722579220507940e-01
-1.032227941888290479e+00
-6.841250547535994153e-01
2.637224903580093760e-01
7.297139186376105924e-01
2.758451526856843805e-01
-2.673053262025638088e-01
-3.345805279030487078e-01
-3.231402943978249898e-01
-4.576585334109085079e-01
-3.483160333089568295e-01
2.203091503930086903e-01
7.418948819187243249e-01
5.859584792245826623e-01
1.556814894797599325e-01
1.823736482230172429e-01
3.232035903333669302e-01
2.517518990532611745e-01
4.615426289528293258e-01
1.240236147409550460e+00
1.877940768043904196e+00
1.811535431641622784e+00
1.540797237933631214e+00
1.372352201240625291e+00
1.072060823988672640e+00
5.388508914239423797e-01
-2.463229793812710677e-01
-9.375292107866667335e-01
-9.099119101958093037e-01
-2.597034015914776450e-01
3.464752901647725758e-01
5.374161204110060597e-01
3.531358366151222672e-01
-2.306920037221749376e-01
-1.123438179429253614e+00
-1.626823844740159952e+00
-1.393997904408720290e+00
-1.148148995407048067e+00
-1.336418265504561109e+00
-1.492499434306772121e+00
-1.287882075192193110e+00
-8.725976689412906495e-01
-2.321461685915969242e-01
5.421453961325698456e-01
7.959680308837292495e-01
6.018335972986380566e-01
6.026509002958707617e-01
5.650550578911323063e-01
3.315635881328121704e-01
2.387825800940541476e-01
8.615394607906219637e-02
-4.599931470601297256e-01
-1.040032281377946566e+00
-8.573922287072501813e-01
2.337201955905656992e-01
1.136156475180184922e+00
9.212749547527462335e-01
1.936075519888137975e-01
7.078405098374881445e-03
4.897971495562859490e-01
1.124925346974164908e+00
1.405644069127490514e+00
1.141066753641171605e+00
7.600934078378898118e-01
7.806527877005069449e-01
7.012432797733779699e-01
1.256458603151329239e-03
-8.460366555300214975e-01
-1.455287177785333119e+00
-1.774529063287813235e+00
-1.667021215397910483e+00
-1.278368561759416711e+00
-7.901498367578215776e-01
-2.685370079978082747e-01
-7.666159860090705769e-02
-3.715247520599566089e-01
-6.009235970487011302e-01
-1.105970025210376989e-01
6.765896535417932345e-01
8.112030804710793630e-01
5.138588825497463208e-01
4.648363161763451878e-01
3.977919448603391417e-01
-5.777505137489356152e-02
-4.585767075297207396e-01
-3.925923287268093254e-01
9.446369372829936661e-02
6.628002616185171281e-01
7.828241704493523745e-01
2.734437923359470668e-01
-4.086948594820612457e-01
-6.510715275317531248e-01
-4.281315483800087751e-01
-4.229709479852237775e-01
-1.003492546725641477e+00
-1.381430733898487917e+00
-7.598943728436121647e-01
4.661548993677034347e-01
1.120504233405664074e+00
7.127039240788795027e-01
-1.677324026194587925e-01
-1.058738931711268094e+00
-1.646793451054943125e+00
-1.600118193398853306e+00
-1.236402865654400163e+00
-1.043493110104944055e+00
-7.752373232490872290e-01
3.452844707064346014e-02
8.324424817995356163e-01
6.635664489948358558e-01
-6.301710415154684886e-02
-4.253210202123623440e-01
-4.312332590437756297e-01
-2.516315944566231977e-01
-4.487247442314135776e-02
-5.722071382035306270e-02
-7.670447319594797184e-03
4.630596097495231489e-01
1.045492444286580946e+00
1.264595827524959137e+00
9.134378526991469016e-01
-3.078496824871213011e-01
-7.529956611021962898e-01
-1.391001403737915476e+00
-1.716177393249082250e+00
-1.320628445932432671e+00
-2.326363714217700995e-01
7.009498976783830049e-01
4.047418141791068735e-01
-7.067523973442914054e-01
-1.055310054086903815e+00
-4.132992563273003850e-02
1.324461844953989331e+00
2.006268841395135727e+00
1.913890436237117187e+00
1.327702446897267130e+00
7.544839114563264282e-01
5.993375589177849516e-01
5.921433719234288073e-01
3.596989850401903221e-01
6.262719358175709850e-02
-3.050364253115493973e-01
-1.060326999789244384e+00
-1.625108632064731440e+00
-1.112846711842940373e+00
-5.314777667878217704e-02
6.995495935693879508e-01
1.050360819102990728e+00
7.431975887909789691e-01
-3.035453576554680843e-01
-1.127927503361729977e+00
-8.879106190046106573e-01
1.451324756985171958e-03
3.541885251678045243e-01
-4.835122769708934398e-01
-1.865118366310001718e+00
-2.734495400821550071e+00
-2.734495400821550071e+00
-2.453049049862252140e+00
-1.202372140905949793e+00
1.064879458626271647e-01
5.817801991192735889e-01
3.511719411680025438e-01
1.759524479841873545e-01
5.131976556035275361e-02
-2.651689135159170929e-01
-3.375962360259984196e-01
1.763891206530795175e-01
8.943199907979629826e-01
1.517513538465131040e+00
1.874057252623028136e+00
1.657864562310106482e+00
8.965440880273126689e-01
1.117150915910255504e-01
-1.864457695646519753e-01
-1.631126018560497826e-01
1.137877224330127307e-01
6.859375314308217009e-01
1.031725222465833092e+00
8.357134902140815891e-01
4.794630691669115596e-01
3.994251987831234363e-01
5.133852971123836761e-01
4.663671280327389979e-01
3.136588297929666092e-01
4.575785932513280474e-01
9.607108767317448228e-01
1.420414056221192878e+00
1.473631819349218830e+00
1.148958342739813787e+00
8.858203975555866139e-01
1.151389422961168085e+00
2.031634478464756199e+00
2.595275870797732587e+00
1.870480913522011068e+00
7.429869325000953983e-01
3.445065445631159129e-01
2.404958726034011618e-01
3.047503479373072071e-03
8.043401597977610507e-03
3.934986244282286383e-01
7.490036980946159773e-01
8.163143037643545430e-01
7.181893539541892579e-01
3.177723533772033315e-01
-2.275007056331273814e-01
-2.400955554797807312e-01
9.665460570238726401e-02
3.342364108558635305e-01
6.970329738833128674e-01
1.011717139406194566e+00
7.303888444214381437e-01
-1.226028243766667664e-01
-1.155952729516154465e+00
-1.961736650529898540e+00
-2.095466699310648551e+00
-1.474163119471643135e+00
-5.424740008056327945e-01
2.222051176381895088e-02
-1.309293202393810862e-01
-6.606503297976866751e-01
-9.703211085561497251e-01
-9.376986330325909336e-01
-8.653822657971207422e-01
-9.215400796288201191e-01
-1.081088712871842272e+00
-9.402300237666740834e-01
-2.805592616105636039e-01
7.625461987499852767e-02
-4.070893029735720425e-01
-6.094535402765184351e-01
1.729407802838254238e-01
7.801950498688687841e-01
5.383252400103643032e-01
2.785857718731094002e-01
6.083482267623968598e-01
1.128141311946385006e+00
1.031638124003968482e+00
6.697318201022584017e-02
-1.064250714253299757e+00
-1.743620990760952338e+00
-1.925016258349678600e+00
-1.694958095845143120e+00
-1.313354998872011681e+00
-1.236053555932416170e+00
-1.193483020946523698e+00
-4.462308924958476308e-01
6.294704293505551940e-01
1.305703305099092937e+00
1.524312383754234057e+00
1.094539404155879581e+00
-1.298569117547136442e-01
-1.469985659055692118e+00
-2.218471111683440355e+00
-2.217307101217656840e+00
-1.494312803121834010e+00
-4.602964550694655932e-01
2.165755124952825350e-01
6.509804419445329726e-01
1.168991357374101536e+00
1.354124682822416270e+00
6.664950919527438122e-01
-5.546156441061889097e-01
-1.155156123107183630e+00
-7.066920691087589246e-01
2.796651230513000005e-02
2.068109407875210748e-01
4.880395357255345318e-02
4.104828185877604230e-01
1.096460648207298938e+00
1.239026709550296035e+00
8.911030536421649106e-01
7.258876038941219910e-01
6.394243000912573915e-01
-3.895492876674129523e-02
-8.945616719657274452e-01
-9.848446075996837301e-01
-6.388439290818370697e-01
-6.368232950492245248e-01
-8.156200113109994820e-01
-7.132168981614647185e-01
-3.323726961887289444e-01
-3.261819646493561986e-02
-2.458021064917102066e-02
-2.378926281548960839e-02
5.491980899276001360e-02
-2.730989906094609121e-01
-7.852718538074769938e-01
-9.342261223397843040e-01
-1.064239996903917573e+00
-1.258655966093229717e+00
-1.123217173293586946e+00
-7.293960450189777012e-01
-2.586713556828521554e-01
3.225700057760143014e-01
9.050389986728024638e-01
1.136367569019255841e+00
8.111820991014506710e-01
2.126634126722112272e-01
-2.369044150344535582e-01
-3.923941364120254738e-01
-3.512732497009067867e-01
-5.309278884765402662e-01
-1.092237818345988876e+00
-1.380469146101650724e+00
-9.939388754113427371e-01
-4.370718219550918660e-01
-8.320292244412791360e-02
1.724833789204309464e-01
4.171038544390087144e-01
7.673573244327235310e-01
1.142410262486172945e+00
1.175737715619358692e+00
6.709564381538999367e-01
3.545747682199861667e-02
2.158875142722315732e-01
1.209946925863278455e+00
1.860492483500804983e+00
1.698688469494244346e+00
1.055946536322075691e+00
3.405091083844933308e-01
-4.721636778049834171e-02
-3.164125104311904524e-01
-2.147332024511670323e-01
5.643490511104608531e-01
1.334570806437085144e+00
1.656510907893059104e+00
1.866085921388868973e+00
2.377218367033474333e+00
2.519797977976697023e+00
1.420544987041900908e+00
-1.303986132190425862e-01
-1.066681792184101640e+00
-1.350954365032153159e+00
-1.100289569914354226e+00
-4.677418364289839259e-01
1.176437089086545124e-01
3.582952986900486136e-01
5.146063645195415592e-01
8.613012733187955794e-01
1.213741315563948042e+00
1.090600120862937450e+00
5.557002373906707454e-02
-1.173996110662619108e+00
-1.269503244404054598e+00
-3.571572228776215274e-01
4.620411553480692213e-01
7.655457048294658229e-01
6.677613756588965943e-01
1.557948414764176448e-01
-5.143187620993004971e-01
-8.573234910421175803e-01
-1.170942368719434912e+00
-1.599050697534063481e+00
-1.428118946076916140e+00
-8.519536539832470723e-01
-6.410188832885571619e-01
-7.721832117623292913e-01
-1.185707655657822768e+00
-1.831036972241685490e+00
-2.219360111551056836e+00
-1.952379915693586154e+00
-1.003880978366256782e+00
2.307557768393289979e-02
5.539778012625605763e-01
1.006288270536438434e+00
1.731676839183848848e+00
2.128876930364750564e+00
1.681295818996860980e+00
1.014942387805488178e+00
9.716533537114009356e-01
1.312076679141719104e+00
1.179743062540008491e+00
4.227909665351977098e-01
-1.916711028866255051e-01
-1.113846363405228586e-02
5.318447778476742549e-01
3.948431403473147139e-01
-3.159156260671541760e-01
-6.432763142600020911e-01
-6.165499295501671861e-01
-6.519225571599127633e-01
-6.992017960394234510e-01
-7.336128272175920229e-01
-6.690777033311080535e-01
-3.323620268277472922e-01
1.302233972653085714e-01
4.223471477702196442e-01
6.064798527121787464e-01
1.025526194152939219e+00
1.546715804545080841e+00
1.581849413736840182e+00
8.471699342239050745e-01
3.641642688157235158e-02
9.810950096478399107e-02
7.561311525895317853e-01
1.117385506398887340e+00
1.074751936008640385e+00
7.609135318268908099e-01
-8.549747707272851993e-02
-9.460895868143887055e-01
-9.195874031166739737e-01
-2.924954960249631086e-01
1.562578091318205242e-01
4.288988631875608609e-02
-4.529951307436629881e-01
-6.725978579690637948e-01
-1.184866731589838962e-01
8.868877618382057237e-01
1.332501675014588827e+00
9.428188545598648052e-01
4.312659133220163032e-01
1.203374306673290900e-01
-4.894383767501048199e-01
-1.302061618284618527e+00
-1.300360123201208751e+00
-3.836845960300971914e-01
4.014586792290246731e-01
7.921598070810803582e-01
1.171059234849282982e+00
1.277375402323999598e+00
8.798163536872321000e-01
4.093664332078994494e-01
3.808411542936231964e-01
6.784840680530018764e-01
7.456915771640020285e-01
3.560580615851708375e-01
-3.092316625749579884e-01
-9.650253303679345862e-01
-1.550262233119982680e+00
-1.915183359208132874e+00
-1.723023327139598937e+00
-1.317614993189162531e+00
-1.339347993506840639e+00
-1.712243724938549372e+00
-1.773052574273706883e+00
-1.087366022937131360e+00
-6.108812224005551184e-02
5.724915873566179814e-01
5.092676071283241956e-01
-9.160352374168977130e-02
-7.259800871819491741e-01
-8.108307077490524151e-01
-2.282493225614756482e-01
4.506395808824248950e-01
4.798494181901387656e-01
-7.587303508861618917e-02
-3.659150000105413358e-01
1.759973749337923055e-02
6.127630701498537613e-01
7.893852580416926834e-01
4.402133881118026060e-01
1.854574690518751845e-01
5.877495674253955249e-01
1.633946309953527409e+00
2.554726191544546499e+00
2.571074599061264010e+00
1.691512159738845389e+00
3.117233273746318756e-01
-7.342988619540429251e-01
-7.055602226062819282e-01
3.439385330584632944e-02
8.643726824218213034e-01
1.675403218628779278e+00
2.177233042366188531e+00
1.857495781593276218e+00
8.162388344818390928e-01
6.476227218008376307e-03
-8.104100555558912955e-02
1.118410231001259192e-01
1.184462843154136941e-01
-1.772976593396026479e-01
-7.387553596743923201e-01
-1.593716042072150563e+00
-2.355569931511338755e+00
-2.387292012210552983e+00
-1.676162544909094665e+00
-7.121906656618773868e-01
3.206648602853032996e-03
2.510691746778977995e-01
7.781553087695319837e-02
-2.946997370819145479e-01
-5.479746608407223274e-01
-6.694417733761439671e-01
-8.474866617994265550e-01
-1.116423504654100007e+00
-1.422022016901031805e+00
-1.512856189670424234e+00
-1.061808028818362892e+00
-4.322147583159695605e-01
-3.063183332709538687e-01
-4.646169797685386071e-01
-1.816590091880272151e-01
4.452421211453981842e-01
5.963736137553606875e-01
8.914294438022170308e-02
-4.360321755624514961e-01
-8.090233105467229402e-01
-1.187726390205747995e+00
-1.226734520809166007e+00
-8.613233224026470847e-01
-3.256808068967614322e-01
2.573483719547661197e-01
3.215058983342413135e-01
-2.402045670992086490e-01
-6.841809338643145555e-01
-6.786918794230519802e-01
-5.528122374022024221e-01
-5.418437353947120894e-01
-5.387845309480236988e-01
-5.086421387326234278e-01
-3.234063272038614767e-01
1.525897356765750223e-01
6.173398998317166653e-01
6.541864002298979353e-01
4.729508672180621209e-01
6.398543070764840524e-01
9.039467323415079081e-01
7.456057697243210214e-01
5.719849592624055568e-01
5.019491218613095773e-01
-3.273789171616539040e-01
-8.408300413680469543e-01
-9.221169715045463011e-01
-5.769599659439972328e-01
-1.743724063945283342e-01
5.458517549799972723e-01
1.502547297747296007e+00
1.712733169655975107e+00
1.130229022720422360e+00
6.046142846053238484e-01
3.121391233238290375e-01
1.274041407610740084e-01
-7.655310568131125717e-03
-3.313569671309403164e-01
-7.532093388273287671e-01
-6.678713466690813227e-01
1.124144533047646277e-01
7.527482706150838698e-01
2.983927749231068405e-01
-9.556001063334275125e-01
-1.910798044545554575e+00
-2.077446327193795295e+00
-1.561557900245325037e+00
-6.848894425251280671e-01
-1.113868654825714705e-01
-2.492939395922199111e-02
4.132534981096375876e-02
-8.233320075978237118e-02
-6.852515969220585035e-01
-1.011102173442487873e+00
-3.432875019230421931e-01
7.719170212858668112e-01
1.192308730480785339e+00
8.832445706079197212e-01
8.877456536523252728e-01
1.241250539647000828e+00
9.874081852001959092e-01
-4.591920852718222451e-02
-1.033430732174530409e+00
-1.117372133730644590e+00
-2.419156681818130095e-01
7.259109471477459552e-01
1.173700439951473440e+00
1.390193202958225127e+00
1.499491935935046039e+00
1.181159835214007359e+00
3.290753334587280809e-01
-5.531862305376911149e-01
-9.969871811136797879e-01
-1.361935227880977539e+00
-1.808228410627674698e+00
-1.605656861124236112e+00
-6.059050681292795781e-01
2.836552301883772387e-01
5.056885787656261178e-01
4.047119685185058824e-01
4.058226170297803970e-01
5.192129773337815779e-01
4.652481255936431470e-01
2.168248957883969763e-01
2.912912355820261312e-01
7.721643371424504743e-01
9.901296620698993856e-01
7.220372206485712319e-01
1.996914602661929994e-01
-4.052105835353795316e-01
-6.175031711128087242e-01
-1.962192785181437471e-01
1.297631576170155399e-01
-2.935336683244353928e-01
-1.066535865364032221e+00
-1.395899963459532822e+00
-1.073647052310854333e+00
-6.334731814974035036e-01
-6.934570841444220868e-01
-9.531674728962861165e-01
-7.829891470039075374e-01
-4.151657556455140563e-01
-1.770184919059033524e-01
-1.625658566961709730e-05
7.981720448087087361e-02
-6.733470995397214387e-02
-3.422477156783746421e-01
-5.208570139841542934e-01
-4.455645228479704900e-01
-3.453444382929074519e-01
-5.119578300226865775e-01
-6.328080290445385891e-01
-3.759947285734067668e-01
1.289662114597310005e-01
5.912555341225719241e-01
8.844534129669583411e-01
9.517498952692333702e-01
7.848190074447806142e-01
8.278482125118683532e-01
1.308032241497582682e+00
1.770244421262759937e+00
1.803355952978655141e+00
1.194103419113443643e+00
4.663599321770205142e-02
-1.026435454262745628e+00
-1.317347559231458742e+00
-6.550430549876798958e-01
6.875648264764014361e-02
6.648183086381992402e-02
-1.687735981037947475e-01
-4.522678116500050000e-02
3.629685743494609484e-02
-4.593635001182526101e-01
-1.301600003414385309e+00
-1.779396850862774881e+00
-1.313312701141652550e+00
-3.549177337031506757e-02
1.037939336494264397e+00
1.234346631104457748e+00
1.196043939461508110e+00
1.425345013364403446e+00
1.438474181878212521e+00
9.066432280741637539e-01
2.311758096718084798e-01
4.609475997812769593e-02
5.012250962739100979e-01
1.056842909221224591e+00
1.230368334530139274e+00
8.208823048647786447e-01
-1.851626587490273201e-01
-9.640119736459528132e-01
-7.785126449928353454e-01
-1.749284229160065762e-01
5.657717508089220582e-01
1.678627887019302545e+00
2.549607819810257858e+00
2.619675325039837688e+00
2.173372272860642607e+00
1.758779284790758402e+00
1.548713220079432462e+00
1.447645691434896298e+00
1.425332412076210309e+00
1.247912019274026063e+00
7.791260756454723158e-01
2.076910528205968831e-01
-1.082867692698047390e-01
4.346500879617398033e-02
3.290812111292004682e-01
4.919440595374917624e-01
7.547317361151021364e-01
1.130256062830032215e+00
1.178809819725356700e+00
6.236758514597734449e-01
-2.017117226336815061e-01
-8.900247236311871202e-01
-1.538542408171655884e+00
-2.076571680095218753e+00
-2.161328343379824712e+00
-1.640969353834078159e+00
-8.901535954704757891e-01
-6.602393120034358853e-01
-8.769272669886236660e-01
-8.738132518458634479e-01
-6.942951369991104960e-01
-8.696580120095218636e-01
-1.335609760349184105e+00
-1.245736954748481784e+00
-3.830378147811122624e-01
4.421437358280350116e-01
7.333118813496510846e-01
6.839439403743269308e-01
5.641421199889711247e-01
4.258359388494439290e-01
2.540947174887333571e-01
-3.706601510916386621e-02
-6.024135507304343440e-01
-1.137383214188802505e+00
-1.364495931938639606e+00
-1.760820894893134980e+00
-2.123344022051353530e+00
-1.536512471951181347e+00
-2.354770637642664977e-01
6.794436834711515827e-01
8.619062477872895256e-01
9.084809690020366757e-01
1.099548351502135590e+00
1.175937352359837096e+00
1.206943971906039081e+00
1.383040248339829414e+00
1.368713693945372567e+00
7.984302751449336988e-01
-2.007011571318924048e-01
-9.276969567416366580e-01
-9.639718614700343302e-01
-9.806157985669287092e-01
-1.466840704534284834e+00
-1.913249977775458133e+00
-1.890611397818154238e+00
-1.471914446592600623e+00
-8.908422855431193943e-01
-3.629787631583015206e-01
-5.371451097707586469e-02
-6.683576631492149644e-02
-1.125650392570809039e-01
4.661121758938232551e-01
6.965098168232126685e-01
7.832563020811315058e-01
9.028950560727436736e-01
7.424323141201819576e-01
2.082695388274947157e-01
-3.927953243844146264e-02
3.470347538761286380e-03
-2.344518675373385638e-02
1.220536176243239845e-01
3.298751275315858211e-01
1.173316277679251340e-01
-3.347963814227444823e-01
-5.619675051652950337e-01
-6.261007303161331139e-01
-7.672504639301600537e-01
-9.442509138848861339e-01
-1.131185886444044941e+00
-1.127155106827427478e+00
-4.246462156255464415e-01
4.396663898465723030e-01
5.523854157241062657e-01
3.671038638259857545e-01
5.775187579365398394e-01
1.042035886526660571e+00
1.291505911301488840e+00
1.015446419319617544e+00
3.682254740288058992e-01
-1.954498666534549844e-01
-7.325615946816774748e-01
-1.163278001335790179e+00
-9.602601002174918632e-01
-3.605742586232251745e-01
9.663886008279566620e-02
3.317115153911979752e-01
4.534756301145140833e-01
5.384774832753813634e-01
5.335368617321341045e-01
4.562317213305466246e-01
4.641239374102376081e-01
5.153510626639375980e-01
4.145001987912388386e-01
-3.019904470341005717e-02
-6.218375294088934746e-01
-7.937300946054473005e-01
-7.477541153766357196e-01
-7.888951324117496888e-01
-5.221622949272803904e-01
-1.054533551786186046e-01
7.558843357597989920e-02
3.286666079971872767e-01
7.595655471383225832e-01
8.931641816752028395e-01
3.908862767981157171e-01
-4.138507895084789778e-01
-7.628208711920737572e-01
-2.656266769460463584e-01
7.081455326133406780e-01
1.423292114713315959e+00
1.495864135682724694e+00
1.076768566529976878e+00
5.367374663791130152e-01
-4.831725243495837985e-02
-7.395095031637596295e-01
-7.882856721787265819e-01
4.838878046616558737e-01
1.851507580045586243e+00
1.700599266115812247e+00
5.153531759477548713e-01
-1.977259738217983509e-01
-3.457641854186198627e-01
-8.082065899648487317e-01
-1.397846992371521768e+00
-1.257335637605834222e+00
-5.259324749441117719e-01
9.963013203638083903e-02
4.656784186494984934e-01
5.510743860232018010e-01
1.656452354170963315e-01
-3.533955192497599263e-01
-2.947192646765323665e-01
2.688577619582663281e-01
5.514092982933911369e-01
3.315549603460777317e-01
8.211563400259577761e-02
-1.694993077661636482e-01
-7.151838408700338379e-01
-1.268438476316738894e+00
-9.980166530722782703e-01
3.381877680275423570e-01
1.656670140149949288e+00
2.101842270885167174e+00
2.017477750958498905e+00
1.850515727249992359e+00
1.528703188814171110e+00
7.200281767287510792e-01
-5.979911594575181288e-01
-1.713518765648402775e+00
-1.894545693979615031e+00
-1.500068672706792894e+00
-1.304380684103043198e+00
-1.168851883096557298e+00
-8.979644736487339962e-01
-6.402704472285850601e-01
-2.783584899033030857e-01
1.256704621056109750e-01
1.376133137072456936e-01
-4.484249541905085401e-01
-1.207098559865085186e+00
-1.390909452759026443e+00
-7.743350625244980190e-01
3.051761864093455734e-01
1.514048902960331677e+00
2.247457469680619990e+00
1.950126697637947215e+00
1.151176575208858521e+00
7.949944512885179781e-01
9.443941125673859238e-01
9.438451842713961870e-01
5.717705353427255943e-01
1.858329878649090661e-01
-5.102398295392236022e-02
9.893457702819752342e-02
8.680537235977606736e-01
1.808166472929386037e+00
2.007513375766763808e+00
1.346600690882149953e+00
6.595720589595339689e-01
4.153069887130675375e-01
7.769337083927441157e-01
1.530191025156067974e+00
1.570776445621325124e+00
3.193833844660916021e-01
-1.305277603234696215e+00
-2.084656662134322769e+00
-1.622401644024457523e+00
-3.142647598334861736e-01
1.069477505105692838e+00
1.842757975393384484e+00
1.737266539945984123e+00
1.024933815801106318e+00
3.848379895772446879e-01
1.792002512924531221e-01
1.918742951706789990e-01
2.872763076945383798e-01
5.013989899627054880e-01
5.865392112886576026e-01
3.100896006271661731e-01
-3.104940993778612102e-01
-1.250240511585152925e+00
-2.061251461411068853e+00
-1.819846600276823434e+00
-5.094688250547254604e-01
4.965406725452329861e-01
2.556563260069338317e-01
-4.873727834503737144e-01
-7.654633684733875842e-01
-7.836334616780775697e-01
-1.046950508075429331e+00
-1.624029211954903795e+00
-2.028441047339109904e+00
-1.960252949689646806e+00
-2.043029195495531969e+00
-2.526100891091731526e+00
-2.594674264463094904e+00
-1.947173600229261670e+00
-1.336964811315205504e+00
-9.700976494384633275e-01
-3.880695594613309818e-01
1.904607340215572209e-01
3.072936359534360617e-01
2.460418445251697506e-01
3.894029164036640345e-01
6.492587091361176066e-01
7.836073612546091693e-01
7.317769408591504599e-01
7.089224530178739325e-01
6.339346686008167087e-01
1.124242976697832908e-01
-8.432511223661263156e-01
-1.668733361166928830e+00
-1.765199849886869954e+00
-1.202531961729644827e+00
-7.346330656670370107e-01
-9.103956215650775841e-01
-1.353623892702889409e+00
-1.201734736265833936e+00
-3.949006527636793606e-01
3.142023860722383821e-01
4.786426463743836957e-01
4.816542406411530863e-01
6.902903716927314415e-01
6.600235047121456589e-01
3.734254723476460730e-02
-6.086278125932760297e-01
-5.457918722052201854e-01
2.873859834363053922e-01
1.216086480972490502e+00
1.453830233547477979e+00
9.165010724074406090e-01
