-1.274895256124324971e+00
-1.451712146125138547e+00
-7.806781050795094101e-01
-3.805487590401465114e-01
-6.825830375922944393e-01
-1.144351127431814774e+00
-1.099214020751547505e+00
-6.860675597893171052e-01
-4.949193777223563906e-01
-7.023928765019661347e-01
-1.072551274667603582e+00
-1.199194872837443304e+00
-8.389940204710628624e-01
-1.495400339030907855e-01
1.143630929019703868e-01
-6.658207368641638757e-01
-1.604446729527362114e+00
-1.645827359497340936e+00
-1.248677426756297226e+00
-1.059686546638626270e+00
-8.140716935954713795e-01
-1.772641474341132284e-01
1.715429015103100974e-01
-4.904691967367666439e-01
-1.417466549886520433e+00
-1.658188482981957312e+00
-1.519036784234882864e+00
-1.562930641763857320e+00
-1.426434606390286852e+00
-7.075909061382348320e-01
-4.010211478696291271e-02
-1.201791966726801532e-02
-2.061723434154148493e-01
-2.550077652668509831e-01
-2.675659814984302498e-01
-4.781149910688704124e-02
4.192566964894819947e-01
4.899411554957006643e-01
-1.426177997005412534e-01
-1.118719550944650809e+00
-1.798617537932256427e+00
-1.524290750748233059e+00
-2.541650195491506059e-01
1.159630031878608136e+00
1.825723199485507431e+00
1.316739961061695441e+00
-1.365339771103072364e-01
-1.370790510131980833e+00
-1.782954563961472561e+00
-1.667117683438276821e+00
-1.031673946483008697e+00
-1.692435690407786963e-01
3.893390980687380654e-01
7.444798661355154223e-01
1.160192755992050406e+00
1.247974598507697763e+00
6.783410336164247267e-01
-2.481445540548011044e-02
-3.074684584318720382e-01
-1.248985623329604278e-01
3.088980028683557255e-01
5.841731990425405030e-01
4.025035427524815690e-01
1.776184483637451017e-01
3.692199478906564303e-01
4.464691204584468887e-01
-2.244267371443077475e-01
-1.244905448832516859e+00
-1.740364627570413436e+00
-1.454768960799365907e+00
-1.018333078793296709e+00
-9.104146061176023874e-01
-5.317127544472584066e-01
4.593855711070256032e-01
1.334450103298656876e+00
1.684280436092264965e+00
1.739979065288311810e+00
1.677710685783966760e+00
1.408461625019252761e+00
8.485260758908153012e-01
1.793080689522357218e-01
-3.265517809339105182e-01
-6.024343816777680827e-01
-8.071950824785140144e-01
-9.926528679121463528e-01
-9.738364720546273112e-01
-6.863281963453040646e-01
-1.464847668664986668e-01
3.716316551600725715e-01
5.421161678210970614e-01
7.017606932408375631e-01
9.066807025573040413e-01
6.452532629705686196e-01
-1.131858981186348832e-02
-6.054061831772957758e-01
-8.231802029663606302e-01
-4.592612240972768212e-01
9.001386405540320879e-02
2.314703564311617612e-01
1.481693085310881175e-01
1.739408289632282389e-01
2.211106318146330574e-01
4.499293002981621936e-01
1.156167198955609043e+00
2.005217693547166835e+00
2.476773625946898427e+00
2.416310745893507139e+00
1.809237121305306673e+00
8.089818280842572262e-01
-1.562236479143942480e-01
-7.211740842685075981e-01
-1.031872902413336623e+00
-1.299871955709203775e+00
-1.247078963171815769e+00
-7.912910420306379367e-01
-3.889076121808678344e-01
-3.349248123292241086e-01
-3.500593164233262722e-01
-1.095004258838572775e-01
1.479620886919850720e-01
-1.290568234386401114e-01
-8.469137862674379624e-01
-1.194414657487423259e+00
-7.673075153195919595e-01
-1.577736041395965683e-01
1.208084198376604551e-01
5.514559829994424289e-01
1.381609039815056672e+00
1.728053684768957821e+00
1.230824877807019213e+00
7.742150879976568145e-01
8.229280962403449085e-01
1.104561744362695386e+00
1.231508033131797575e+00
8.036911774282393672e-01
-1.825830677748926933e-01
-1.030375926854602664e+00
-1.088204829904311888e+00
-4.431872636262117471e-01
3.672632850020937645e-01
9.715661735458321902e-01
1.055929184903702245e+00
2.751147534619592938e-01
-8.130731148066012715e-01
-1.083344517574857058e+00
-7.448951552743079407e-01
-6.670695462982592083e-01
-7.501939323706662277e-01
-7.759088193212311246e-01
-6.382139051035613520e-01
-1.601181545253569094e-01
1.855885698501065217e-01
7.881850251262541296e-02
-5.157631503840241771e-02
-5.968321997230422588e-02
-6.654569635805149784e-03
3.835927306273717585e-01
8.541718353789340412e-01
7.235135520165322243e-01
1.001314178920263420e-01
-2.601420421041765185e-01
8.481511108105015129e-02
6.197045989763100282e-01
7.341341281799751428e-01
5.278332600786433959e-01
2.568041394225054064e-01
4.876696776565479091e-02
-8.816203535006866820e-02
-1.873598693702342166e-01
-4.281489059369388284e-01
-1.139066041333340440e+00
-1.957787107183129205e+00
-2.181115914746404982e+00
-1.924480539709974902e+00
-1.423846176673626562e+00
-6.530813362888852058e-01
1.983714767538476698e-01
7.710093525300292239e-01
8.299827189279356254e-01
7.894826993784004321e-01
9.405850276029873447e-01
1.029847925635809069e+00
1.179158361735455074e+00
1.292361802596324827e+00
9.806859923574703375e-01
6.469625758751991196e-01
9.810876144657030284e-01
1.814770699860712488e+00
2.362669028041062713e+00
2.205975283830690081e+00
1.525382919170268803e+00
9.209632922367293473e-01
7.935502054467370447e-01
9.288717722976732594e-01
1.083372169482626379e+00
1.298199129468988966e+00
1.576026224001180420e+00
1.720015508875524235e+00
1.545545766536502885e+00
9.888404428058402695e-01
2.791435164205449682e-01
-4.843303934891330376e-01
-1.580749862490923086e+00
-2.081223165640530226e+00
-2.018466508677343896e+00
-1.603993519031103432e+00
-7.738803816375797728e-01
2.908706771911174008e-02
3.856338398810492119e-01
4.887890889716377529e-01
3.183700096465639784e-01
-2.591324897129508864e-01
-8.334276556882911358e-01
-8.744740170435874038e-01
-3.463768775991476478e-01
2.870500434886708585e-01
4.628030976139030916e-01
2.976244962161667118e-01
4.244507831991291003e-01
7.540344674649513967e-01
7.113084993610306883e-01
1.985414529631350233e-01
-1.718365179514425300e-01
7.805935653629617055e-02
5.150081239963463231e-01
4.915472466445466315e-01
-8.204486264267638052e-02
-6.352854166380074163e-01
-6.199193602127562874e-01
-1.641681550580119664e-01
2.064494578696797755e-01
3.531759174090329800e-01
6.531891745165629981e-01
9.408962925361483709e-01
7.061249549025142569e-01
3.956742906544044591e-01
5.004620948248617029e-01
4.450449414385624913e-01
-2.065482803883006424e-01
-1.089737607965074684e+00
-1.713171724426061804e+00
-2.061769533584776326e+00
-2.269426317772404111e+00
-2.193128500855692664e+00
-1.856053235516849975e+00
-1.289030402464014458e+00
-5.450091777297032536e-01
-1.648122320169217447e-01
-4.395637866077045097e-01
-1.051853990089880453e+00
-1.585075305395551526e+00
-1.527435476932702763e+00
-6.991843760506297745e-01
3.866055863999385278e-01
1.043447129214723157e+00
9.972340082014901075e-01
4.915995644090839223e-01
-6.460560545480086014e-02
-4.100877581718833653e-01
-3.867802874171440974e-01
-1.308097707984999802e-01
1.380379533363801647e-01
5.787191998739976695e-01
1.330013231051701661e+00
1.753235093988806836e+00
1.179630479881333960e+00
2.740360338221576875e-01
1.008084180063801155e-01
6.861542569881422526e-01
1.057500844333471690e+00
6.823292218513534735e-01
2.054551055591600783e-01
7.734990084770497487e-02
2.505250093663299524e-02
-9.035625564850933988e-02
-1.523497417646838825e-01
-4.553091656422594835e-01
-9.012395286197401045e-01
-5.230002607014038185e-01
8.496847441971556725e-01
2.162790299404124816e+00
2.424373764930972897e+00
1.483739150429983278e+00
-1.044516643936749672e-01
-1.315291897788119835e+00
-1.375457333683119732e+00
-5.013007790042857126e-01
2.913688546447127381e-01
2.018975331154275188e-01
-3.051988609743500613e-01
-1.638739539917231092e-01
6.900068889739311428e-01
1.415080521261685043e+00
1.375269782303297106e+00
6.219437008502544106e-01
-3.546391178739224936e-02
-1.093365617104570392e-01
-2.797446283441770154e-01
-8.045261457275444394e-01
-8.880158844417058717e-01
-2.547124679160409633e-01
6.533843679332843601e-01
1.554647626794805726e+00
2.244825733409101520e+00
2.516951024737708043e+00
2.395864792835780577e+00
1.836329410960076514e+00
7.138502882026959151e-01
-5.452037279599238895e-01
-1.156013336054988683e+00
-9.387646585383527809e-01
-3.612331737669028375e-01
-9.335091569648618429e-03
-1.436138510642531729e-02
-7.927671703843226780e-02
-2.145144520580120617e-01
-4.602833572850063559e-01
-4.317091664332244894e-01
-1.532975817048280731e-01
2.363797623706089257e-01
8.862802030681962151e-01
1.250439910532692434e+00
1.120999683284462867e+00
9.417465515057316106e-01
5.694688273023975622e-01
-3.824045580982653875e-02
-4.739847264519199133e-01
-5.350673770805970397e-01
-5.473441175754254484e-01
-9.140142240010015184e-01
-1.239058646819016785e+00
-9.990006583547511587e-01
-3.317309161750481294e-01
5.514686014101698452e-01
1.359508650373093541e+00
1.355372897046361880e+00
5.150451662761995619e-01
-1.536182312613972034e-01
-2.866162785269272817e-01
-2.547153613414274154e-01
-1.805424919161720820e-01
-8.824157144012195753e-02
-2.188878285913057886e-01
-7.135770836374815129e-01
-1.023094942063535351e+00
-4.068481771293513960e-01
7.708977926856425134e-01
1.492109234379700888e+00
1.342654212942756109e+00
5.930237671891321893e-01
-1.928150981649914275e-01
-4.946498759973779746e-01
-3.040703559736151473e-01
3.426162716775782435e-01
1.534501832460069437e+00
2.417203647543896938e+00
2.402390712291231800e+00
2.140466247397585509e+00
1.783806030776634577e+00
1.239295460231617740e+00
8.403768462101722792e-01
3.906749125708828263e-01
-4.296160334614386178e-01
-1.143330435702814896e+00
-1.096993192337141654e+00
-4.015598003128510451e-01
3.391271281648009506e-01
6.871862724291395441e-01
6.461397331023540636e-01
6.076340647787917826e-01
8.081444296590117871e-01
9.581057315313622480e-01
8.935196910222295008e-01
8.121277813068079610e-01
5.186236378713497963e-01
-6.602933251404814741e-02
-3.958197820620633633e-01
-4.608724123074102175e-01
-5.643417983720057096e-01
-7.640315341423862261e-01
-1.291865875416357889e+00
-1.919798586462472256e+00
-1.932701543559872226e+00
-1.256786056763614656e+00
-5.124682441121366505e-01
-1.175993646221469568e-01
-1.933593474146218794e-01
-9.490875939586383980e-01
-1.950877936093821763e+00
-2.275005274839223990e+00
-1.890890412016004829e+00
-1.367438293639573255e+00
-9.341788205648989818e-01
-7.802019699413844656e-01
-8.668897481190027676e-01
-5.984837506707104682e-01
8.204257571058680421e-02
5.411672939474906352e-01
6.161148288969585662e-01
4.450141826149535684e-01
-1.817089979289339538e-03
-4.535058748741385148e-01
-6.631063270273266363e-01
-6.300663527161626254e-02
6.303847365231232125e-01
4.475606085442553894e-01
-1.820151618829314866e-01
-4.306404173675896230e-01
-4.619369037512567333e-01
-5.356248923485655844e-01
-5.093376980136340437e-01
-2.872930092799388380e-01
-9.520598273813418722e-02
-3.226374908032833555e-01
-8.086075155354496280e-01
-1.291592995419339251e+00
-1.917798332816272211e+00
-2.406247150885455710e+00
-2.189241124379829984e+00
-1.487419914987755387e+00
-1.239684279483696860e+00
-1.579298269893733231e+00
-1.395546748541689697e+00
-3.090883379309697920e-01
7.648310039673207328e-01
1.312302849877761801e+00
1.322203733992629360e+00
9.952425476800799142e-01
7.519256916024152915e-01
5.697155224780290350e-01
3.478118882117133270e-01
4.849310004581550704e-01
1.217619031331860668e+00
1.813112468911856290e+00
1.319441471070491811e+00
1.906257094624028980e-01
-4.329337040217141608e-01
-4.292139558644799124e-01
-2.893523023860483101e-01
-1.806264312256521121e-01
1.034809897585686200e-01
3.138960772041497482e-01
-1.039560661176373163e-01
-6.742008381049837684e-01
-7.026527318451880610e-01
-4.828106215440794990e-01
-1.675913433695514487e-01
3.905428777815027064e-01
6.259724869886439391e-01
4.042647656817087709e-01
1.678980409905211080e-01
-2.331890069728551895e-01
-8.381657039582459667e-01
-1.256594370338348421e+00
-1.048299296533124370e+00
-3.860330557642568938e-01
-2.667597089835704871e-02
-2.618552199796241320e-01
-7.666349993298050558e-01
-9.600885361356766845e-01
-4.143846178640517297e-01
1.396519990205007666e-01
-3.094053031471152848e-01
-1.039019465449954716e+00
-8.936868702809546150e-01
-1.584113226842144284e-01
1.003931397120601809e-01
-7.988657770900211563e-01
-2.115992304877922781e+00
-2.178759900012136264e+00
-9.173670380447273009e-01
4.348427353589535277e-02
5.052653921879605298e-02
-1.576614547457427240e-01
1.664687664245291243e-01
9.639676261824432490e-01
1.319440632049576401e+00
7.757617463401241809e-01
1.438231285465352005e-01
-1.455481567424746214e-01
-7.490384125224687217e-01
-1.551330457086063985e+00
-1.608795842354204364e+00
-8.328254249607556225e-01
2.167997101966489815e-01
8.425840262542863002e-01
7.217225110040086378e-01
2.764828053350258941e-01
6.087263086170248416e-02
2.270265271012181785e-01
3.388781557082017892e-01
2.213155154620813081e-01
2.344895321901103169e-01
5.377660074028141057e-01
1.054719025490812756e+00
1.525442072003004412e+00
1.640718258365906790e+00
1.386155049692869401e+00
6.500261696604322514e-01
-2.377412677424317333e-01
-2.660402096129111937e-01
6.261241514732960312e-01
1.335877335512267283e+00
1.222440462247988080e+00
5.652739652162298567e-01
-1.565268717651132069e-01
-6.203593927008481668e-01
-7.511344919559468369e-01
-6.630585136844269201e-01
-3.597508324774749688e-01
-2.324091428157266381e-01
-7.601819057770168309e-01
-1.430265085620078924e+00
-1.096401760468974640e+00
4.452251944313524445e-01
1.899171328001125092e+00
2.122897579123907974e+00
1.085088053134201980e+00
-5.061063509336226618e-01
-1.552752567046819410e+00
-1.508097294021186752e+00
-8.730500638471839769e-01
-2.529356955121462441e-02
1.042364080008506111e+00
1.687804030340307015e+00
1.342379984834486839e+00
6.859666604431942094e-01
6.845325541016914483e-01
1.210723787029184040e+00
1.698361914469874057e+00
2.220091221131113457e+00
2.721755653601828584e+00
2.728606401348382615e+00
2.728606401348382615e+00
2.608990142176206284e+00
1.607233072195221713e+00
1.012511308135231047e-01
-8.294609465834035245e-01
-7.797277737246186557e-01
-2.567537015909386877e-01
1.995726712564232230e-01
2.424040006960014593e-01
-6.639159799177962035e-03
-7.079842187386981012e-02
6.181655334157739462e-02
1.907586560766936223e-01
3.777380185224343823e-01
4.617690812415156110e-01
1.665372892946205274e-01
-6.447802607883927617e-02
1.980623574270668485e-01
4.669456463801262003e-01
1.733766725360208483e-01
-5.251264090289976538e-01
-1.083955477487529517e+00
-1.059615191604942774e+00
-3.071792956276844788e-01
6.723506228607354362e-01
1.112888760627989804e+00
7.070246547782423896e-01
-2.450775509690508724e-01
-7.788289869665713239e-01
-2.180670282325945786e-01
5.578927763091927616e-01
3.849788432399644522e-01
-5.195688833700375930e-01
-1.293320881742141770e+00
-1.566489130584555411e+00
-1.274968162618614675e+00
-5.653691868996448822e-01
-4.033641536653187476e-02
1.453180135827917274e-01
5.572334355579430243e-01
1.293380523050365882e+00
1.640682200757708875e+00
1.188591767677021904e+00
4.203736098047305414e-01
-1.346903674354074099e-01
-4.005178109211867121e-01
-3.679503124249711710e-01
-1.563546707938590630e-01
-1.856271556413173485e-01
-4.190122122841281604e-01
-3.361709124102151280e-01
1.371382190998223505e-01
5.784737469187920533e-01
7.117534905670257483e-01
2.543954488053398189e-01
-6.520246749189007041e-01
-1.276056750098584214e+00
-1.674743136442832236e+00
-2.198657110275401116e+00
-2.352631340494820034e+00
-1.731607872793180292e+00
-8.767349796305015097e-01
-2.803450048125502025e-01
3.083105883533029390e-01
1.040525015148092036e+00
1.561973503551834508e+00
1.315362296290486288e+00
6.251146962133778684e-02
3.131014868816935776e-02
-3.263144890827699429e-01
-5.643849802180783692e-01
-1.298745248177143041e-01
6.175685442356683152e-01
1.025824897200079189e+00
1.037182190807708349e+00
6.739018583656372074e-01
-2.576030126868011361e-01
-1.165723857564348043e+00
-1.141435919670847676e+00
-2.720149764537785342e-01
6.049703127484635790e-01
1.184636062922925559e+00
1.391752736240745136e+00
5.207116274459399063e-01
-1.056671357886882490e+00
-1.682498664788235399e+00
-1.083610241390843498e+00
-4.175834157257214407e-01
-1.297752374696522215e-01
4.241182371317781669e-03
1.281986671610538253e-01
1.943569942775263959e-01
-2.690980231475155748e-01
-1.367076916594493596e+00
-2.396868204964512916e+00
-2.644132806226382915e+00
-1.934954361349275898e+00
-7.891782985811504059e-01
-2.173787638934038605e-02
8.953074595092334886e-02
-1.745741352999905238e-01
-2.377415345404348956e-01
1.984964099775443358e-01
8.114052202245134460e-01
1.262632361653693414e+00
1.207200846466136124e+00
4.117170928727401646e-01
-6.328138128534436246e-01
-1.120863402181386581e+00
-8.095810055329764054e-01
-2.722959529106245835e-01
-1.133932575780555868e-01
-2.191460550269198060e-01
-5.403829529766991380e-01
-1.271490991484706568e+00
-1.827585409193033916e+00
-1.764104188019419261e+00
-1.565604474113591715e+00
-1.562566545668022222e+00
-1.556711688150405282e+00
-1.249982319300401601e+00
-4.721064660769092036e-01
3.090818333789872585e-01
4.666193711439025615e-01
1.881075346591075947e-01
-2.433167702842829461e-01
-6.713223427190168069e-01
-7.749221524222092983e-01
-6.576753985103727107e-01
-5.240716993758758324e-01
-2.428178052032370915e-01
-5.699191490661162894e-03
-2.285796029139454955e-01
-6.622020309352256717e-01
-7.487467476053506488e-01
-3.994219393900768633e-01
3.074796798959285593e-01
1.131114821924126712e+00
1.589747097235780338e+00
1.477459618824862764e+00
1.027488785380972436e+00
4.676692960137753818e-01
-2.346083882258580278e-01
-8.918379058839904783e-01
-1.178536242069404105e+00
-1.027826561041493836e+00
-7.308077389018898806e-01
-5.441094660336536215e-01
-2.469967221000259339e-01
4.164867542722857641e-01
1.174851827659779246e+00
1.635177549454635004e+00
1.800339106057230909e+00
1.517374010019940433e+00
5.193214016019594981e-01
-6.876408541808310959e-01
-1.188559572504264805e+00
-9.185677617984748800e-01
-5.210877578896930817e-01
-2.153636147848078108e-01
2.917290309980148932e-01
9.499412868618797301e-01
1.176371419034081933e+00
7.823594969109993746e-01
2.270446770094757816e-01
-1.485136322831278333e-01
-2.534887388652738438e-01
2.269611572223097229e-01
1.205841472977113416e+00
1.966842137654483569e+00
2.066875480489192007e+00
1.745016026056938063e+00
1.631519105899296607e+00
1.703901747020757584e+00
1.541757670638578936e+00
1.294905188466462187e+00
7.746251234991777812e-01
-3.548155315262107035e-01
-1.295024732692594771e+00
-1.117466584983812350e+00
-4.273229024820115463e-01
-4.572051167587539156e-01
-1.053728730426282345e+00
-1.415064554281515008e+00
-1.374218264054003935e+00
-7.986408167905502120e-01
2.117229700971123285e-01
8.627904293287171900e-01
7.756789127709745602e-01
4.008982037233156381e-01
2.439454696183409876e-01
2.864590515529089609e-01
1.563103316807486487e-01
-1.414367012950535074e-01
3.948878723459316176e-02
9.091995502331604584e-01
1.422406567976361114e+00
9.440682002102004367e-01
4.014760670280907995e-01
5.874849905031783726e-01
8.947870120213472500e-01
3.599076979479984839e-01
-9.695504215883673504e-01
-1.943646510548349582e+00
-1.805149812395751452e+00
-1.257961125360141041e+00
-1.070419227730725176e+00
-9.189479876497755884e-01
-7.052334506244994916e-01
-9.204276547898767591e-01
-1.230158836642577302e+00
-9.242335480893305588e-01
-3.848904130024100034e-01
-3.513766101160168409e-01
-7.737585934259356701e-01
-1.258013398187616483e+00
-1.304514096151921265e+00
-6.731245180742677636e-01
-3.387139091339686631e-02
2.288366774796165293e-01
7.059065143874869719e-01
1.466362738783017816e+00
1.816633641590239101e+00
1.331525078827382469e+00
3.802871427549463501e-01
-1.484418737798924026e-01
8.526127338747568896e-02
6.944789614865499727e-01
1.264695624383362693e+00
1.168673491291083222e+00
1.505037828476604722e-01
-8.349741174956590850e-01
-9.256272026979982526e-01
-5.152891805319410601e-01
-6.107584684134013120e-01
-1.383630025359515292e+00
-1.970085953562526804e+00
-1.711444310972422223e+00
-8.419259492816095758e-01
1.158951110966672526e-01
8.996275438518415157e-01
1.336648832644636187e+00
1.540764125276637531e+00
1.723457777876735486e+00
1.734419991450963927e+00
1.433066089978284996e+00
1.084706750614335524e+00
1.019441442337211123e+00
9.616335501876283054e-01
3.497853299240634151e-01
-4.813713934107498593e-01
-4.687160496587683411e-01
6.430214886078955416e-01
1.805035187597116009e+00
1.982800889891891405e+00
1.193488460225330394e+00
3.053845650520704003e-01
7.139757883867192678e-02
2.238320013231486494e-01
6.289524326468950988e-02
-1.513379672950082855e-01
2.328540035397946573e-01
9.014700441940153297e-01
1.081042396894654534e+00
6.542764869890331791e-01
2.422101796404475468e-02
-2.511081398917351382e-01
3.918103111298829044e-01
2.228885832009831203e-01
-4.929823365590627060e-01
-1.038659411354063478e+00
-1.027340457418451036e+00
-8.441421496829853988e-01
-1.084839020275139454e+00
-1.475922650029425132e+00
-1.361870441857734759e+00
-1.042212026001817282e+00
-6.555264122120839643e-01
1.461932721506796484e-01
9.451636661336469958e-01
1.422745852590790339e+00
1.829486790911846850e+00
1.896300933964982782e+00
1.497815238619491840e+00
9.597484944714159694e-01
4.472572076734431246e-01
1.804970279242150699e-01
1.724601778055414036e-01
2.944893201054497034e-01
5.094648744916050465e-01
5.707693299215442773e-01
3.986329676214499518e-01
1.360626510332449135e-01
-3.291272936452107056e-01
-8.829437851731434250e-01
-8.589262420787858732e-01
-1.075248001901303874e-01
4.015166000634130539e-01
2.381157859612145072e-02
-6.140342537172392978e-01
-4.581380897984023148e-01
7.867524704887980391e-01
2.100474341504078524e+00
2.258357981861058850e+00
1.432115138535067222e+00
5.902660686094693965e-01
-2.023223360544020022e-02
-8.532785803520542833e-01
-1.812609106874321530e+00
-1.943425135176807927e+00
-1.197446494751116974e+00
-5.934909615298683550e-01
-2.990314444706270169e-01
1.769381459844187043e-01
5.129585229956107328e-01
1.824369602984488303e-01
-5.249851266756501156e-01
-1.071151174476122181e+00
-1.108677350513541215e+00
-3.390177752608022343e-01
7.697369330670175147e-01
1.398532792176164330e+00
1.529324467644083585e+00
1.354936260658616387e+00
1.121430119435916417e+00
1.365529809725778421e+00
1.833936481107122818e+00
1.512307327146300562e+00
5.359196801859030801e-01
9.241349820931513137e-02
3.520278945951042515e-01
6.004038359029418848e-01
7.758913938086258177e-01
1.134785676629546325e+00
1.378523613984220741e+00
8.320509240063292955e-01
-5.909569487845476310e-01
-2.089827503984281964e+00
-2.688278825443194187e+00
-1.942515620101506579e+00
-3.903735584027889227e-01
9.340002643657833170e-01
1.346198548555735730e+00
9.851325068366414417e-01
7.942448716225245509e-01
1.058253258830673227e+00
1.081522853106890558e+00
7.044192862661221577e-01
4.696309641311071509e-02
-9.304646925457461526e-01
-1.779132352407816420e+00
-2.083994592280636660e+00
-1.944540791859678430e+00
-1.532767281563418793e+00
-9.193490419279370940e-01
-2.063053593794218765e-01
2.108440766929968457e-01
2.928220741085425516e-01
5.469822409506361893e-01
8.524808583476967128e-01
5.679182719623045994e-01
-3.385590069099693178e-01
-1.118645998024707877e+00
-1.326853537838015740e+00
-1.499404614513264011e+00
-1.672050685627588740e+00
-1.064767660384654313e+00
-8.408349375240724288e-02
-1.495699229574881106e-01
-1.377403271939280360e+00
-2.508715312357554073e+00
-2.719968467748581809e+00
-2.059766090859026288e+00
-7.891479007222511610e-01
2.556515830859203576e-03
-3.976908553764081367e-01
-1.223451172042178792e+00
-1.431943762412722254e+00
-1.155649110907037258e+00
-7.122416332591932076e-01
-9.585635518335373917e-02
4.641472539325497970e-01
6.283040311223435648e-01
3.897688659607950190e-01
1.463514252715329422e-01
1.504582653035451412e-01
8.366724204813204280e-02
-3.047335552154210592e-01
-4.561977208679815488e-01
9.310390808478178487e-03
4.842539704356250696e-01
3.967018143253382423e-01
9.199093223110142714e-02
3.974541847008103979e-01
1.305339212556654083e+00
1.987638929893548623e+00
2.012467740938132188e+00
1.529639388325803040e+00
7.320639964494498608e-01
1.020927082318806023e-01
-5.498292898577768206e-02
-2.061950944682630626e-01
-4.312475218067858274e-01
-2.067497794761036789e-01
2.145709365691530479e-01
3.201303967757772595e-01
1.431133646510179269e-01
-3.072722971631351441e-01
-6.093822043114019982e-01
-1.761613890793734538e-01
3.709683067171542503e-01
2.003329180269720622e-01
-1.140039068006761525e-01
2.643174167933598495e-01
1.010324113568759286e+00
1.310914868145732548e+00
9.792276420837416895e-01
4.011000671981980181e-01
-1.840326015680286698e-01
-6.010578014050059759e-01
-7.080542724763727591e-01
-5.787194637236807715e-01
-2.517727171896796956e-01
4.896996647543139236e-02
-9.503642468615086658e-02
-5.445906033852182526e-01
-6.392626218178664166e-01
-2.933017244789631328e-01
1.884726864845731042e-01
8.155154893398360860e-01
1.427694464929424534e+00
1.550055227346451847e+00
1.094825972203220976e+00
6.972495681873219775e-01
6.823379833669412919e-01
3.584480356132573875e-01
-3.726133243333310530e-01
-7.092504946649387243e-01
-1.815939363344399593e-01
1.073488562753838638e+00
1.927010734730588926e+00
1.260364925775757872e+00
-1.428896297567323892e-01
-7.937626930569169348e-01
-5.481925747579443620e-01
8.967191512636456252e-02
8.203261103638685992e-01
1.036983293988790189e+00
5.850621600131349354e-01
1.699566747265284228e-01
-2.141010567492989680e-01
-9.671288425036913550e-01
-1.622891029601037038e+00
-1.563084663178293532e+00
-1.062908865323844321e+00
-7.742565908687221166e-01
-7.098450628479432423e-01
-5.680463792719917526e-01
-2.827139861766536089e-01
-3.515754216197317789e-02
-1.687211333041039318e-01
-5.458008582195782443e-01
-6.250730994948547892e-01
-1.650079943644350566e-01
6.537471386827776731e-01
1.339433351734818256e+00
1.231835975284577112e+00
1.892329696467436595e-01
-2.024671421479887212e-01
-6.931997155978018021e-01
-5.380367894696821418e-01
-1.019835195213640161e-01
-2.055245844879056705e-01
-6.280232189540001508e-01
-5.675797245370917121e-01
1.244579900656374583e-01
9.279258044088363189e-01
1.322686168159119324e+00
1.159579930001259029e+00
6.329661872742394779e-01
1.889123741199870143e-01
2.244222078675408849e-01
4.149981428033884256e-01
-4.938483647894890277e-02
-8.533960709231608321e-01
-1.041805213864746227e+00
-9.037873194761748552e-01
-1.124914623835750138e+00
-1.494269212697597382e+00
-1.409271430928915603e+00
-5.125486121730077338e-01
6.436787848601340789e-01
8.268483762579708074e-01
-1.837657951802546819e-01
-1.232313365521825688e+00
-1.441987701255347476e+00
-1.052818213405714687e+00
-3.647940651383316246e-01
5.695323767742102028e-01
1.215848681877045756e+00
9.885953241808805858e-01
3.161535165072825726e-01
2.564600698634502893e-02
-2.000083233932153579e-02
-6.070483578300474026e-01
-1.594556314157177690e+00
-1.769986689538552982e+00
-8.197006866074992848e-01
1.705430061768306027e-01
2.836051775882572068e-01
-2.284576509814624512e-01
-3.514684776492948415e-01
3.101905428984354507e-01
1.047415529343122209e+00
9.290678721030791731e-01
1.413084333544711579e-01
-4.960205111220777896e-01
-9.452619833805067096e-01
-1.403650308989493611e+00
-1.685711963897343013e+00
-1.395647580005479504e+00
-5.708408472772955600e-01
-7.337451569455714917e-02
-1.609139986691259516e-01
-2.529021027592066040e-01
-1.392444843509762498e-01
2.491149107666755236e-01
1.133163592048619384e+00
2.114304418296245380e+00
2.202852111376598199e+00
1.106221813563222467e+00
-2.295017559358305259e-01
-4.586175235635938652e-01
2.043413914990976354e-01
1.807365928948818090e-01
-7.197217840903452624e-01
-1.348339583294920541e+00
-1.144064280479354379e+00
-5.800429496026942022e-01
-3.723147346691140780e-01
-6.349308067784813492e-01
-8.439655456017899349e-01
-7.405581550248054867e-01
-4.983436050966982278e-01
-3.131691125144682175e-01
-1.722101505668596766e-01
5.444527737018788754e-02
2.258170205058429858e-01
1.490532904889727561e-01
-5.976897982084618602e-03
1.602553728197715077e-01
7.222731233635681924e-01
1.118896001693424180e+00
1.019890240741628817e+00
9.367874434270131445e-01
9.495982553709505503e-01
5.774103405830858238e-01
-2.604547270558835517e-02
-4.020459300429868321e-01
-3.647813963995998332e-01
6.112481161241411359e-02
4.170559621548582396e-01
3.318137900098934168e-01
-3.423472520248633556e-03
-2.171955874130210018e-01
-5.509939905433784528e-03
4.585176526259186480e-01
6.323693825086661446e-01
3.920774855901142941e-01
2.514377907298542270e-01
7.296192646461373554e-01
1.648772397502157316e+00
2.361833724104256405e+00
2.504631116072957742e+00
2.039477492741269327e+00
9.062621601899601975e-01
-3.277042681533593460e-01
-4.731721835969109891e-01
2.879165594641113213e-01
7.682711421372150351e-01
8.143478302081719189e-01
5.181708279287290386e-01
-5.989919103204659478e-01
-2.195191165241801023e+00
-2.755537745546519979e+00
-1.938284230923786655e+00
-1.100399841218437258e+00
-1.089878294456378294e+00
-1.454145382560658284e+00
-1.637749192549080801e+00
-1.792699007725714999e+00
-1.846520036683706678e+00
-1.040849827307623654e+00
2.392517004990297458e-01
6.686144721869963226e-01
2.308861466637295301e-01
-2.060029303302213233e-01
-3.363000246980940577e-01
-4.407616945192738833e-01
-7.084109223340518957e-01
-7.874692579867310638e-01
-4.560566343969338354e-01
8.469693503069068707e-02
4.806270092455149356e-01
4.406450276174875280e-01
1.469833466631708177e-02
-5.262585395978955916e-01
-9.659379014116016293e-01
-1.129906934307621569e+00
-8.017080492140595815e-01
-9.126279079968716013e-02
4.384665394318474907e-01
5.512575543032294245e-01
4.595353826972122802e-01
1.730484868489626238e-01
1.177688757903251754e-01
9.006109374044889426e-01
1.675134180089858482e+00
1.275694352753084404e+00
3.004094632616289284e-01
1.790796616919900219e-01
9.389990736104910640e-01
1.326136303049668008e+00
1.026899309345082223e+00
6.512170569146056298e-01
4.304809878955751512e-01
5.017116268458758910e-01
8.673300122271709878e-01
9.432983510743760958e-01
4.997282245854796634e-01
-6.915384084359409329e-03
-2.938332879109081253e-01
-7.151504492664176316e-02
8.692387353309485309e-01
1.800462614388737226e+00
1.941164632415523172e+00
1.317244796723066269e+00
1.785848930836494153e-01
-9.602665277101660735e-01
-1.657931059577063770e+00
-2.261929375461922742e+00
-2.755537745546519979e+00
-2.755537745546519979e+00
-2.739430377827245522e+00
-1.405591863096321337e+00
5.115323198554699857e-02
7.774030774511603292e-01
5.386864864174419898e-01
1.733504927464676881e-02
-3.204071197547765926e-01
-5.926732681183234375e-01
-5.405720775222513375e-01
-4.455336933084185630e-02
2.636723608036141697e-01
3.165429978831729163e-01
5.999361865445161923e-01
8.272107216017915432e-01
6.017686777465587333e-01
2.817837942492971703e-01
2.909629466081185556e-01
8.040078315342247262e-01
1.521827772708101323e+00
1.757695375817392547e+00
1.586838118673498332e+00
1.623228451110898307e+00
1.763564409144742440e+00
1.276294999808770703e+00
7.462972789743642643e-01
1.887561352775287693e+00
2.758457195509597337e+00
2.758457195509597337e+00
1.775913969440380269e+00
1.709234644971296124e-01
-1.173103385530914311e+00
-1.805025372873208189e+00
-1.641852779027533016e+00
-1.230805942614833448e+00
-1.041287211171269877e+00
-1.005936064411921516e+00
-7.681245885459132561e-01
-1.776210301013085302e-01
3.659219105845083475e-01
4.317917352753259386e-01
1.750331748039614665e-01
1.715230634670018017e-01
2.499441048749040106e-01
-2.288901836968117443e-01
-8.971732196297299566e-01
-1.239656359377829142e+00
-1.278767445549373383e+00
-1.006786774392328665e+00
-3.171337041593039752e-01
6.674618364781028657e-01
1.183945714844202080e+00
1.033192479950875819e+00
1.211204113249711112e+00
1.790984322702649401e+00
1.480495345935880946e+00
2.296720955108604301e-01
-2.707657528616945197e-01
4.238394257081861682e-01
9.077668987114440036e-01
4.528015722035397261e-01
-1.653381568743964580e-01
-3.712768757576448975e-01
-4.956568709644580406e-01
-7.140023119591508705e-01
-8.812986857483472436e-01
-8.278581330191320253e-01
-3.485935516560063618e-01
1.749477614340151921e-01
1.974746047974273166e-01
3.666445389419318301e-01
8.842501210594452266e-01
7.336046490627488037e-01
9.060431649767779205e-02
-8.456706749862780148e-02
-4.431034650300683109e-02
-3.963986619573814374e-01
-6.925630211632560762e-01
-2.150675790705340873e-01
6.532601671183823067e-01
1.125590021871813562e+00
1.186142520202130957e+00
1.176707242792682795e+00
1.190860552476265211e+00
1.141055934904030789e+00
6.833137009734698841e-01
-2.236594056971335231e-01
-8.378912421773558883e-01
-6.995099453627166008e-01
-3.642566040317179454e-01
-5.066588175199029376e-01
-8.146271209129541946e-01
-5.662253124363455514e-01
9.384780495083926144e-02
2.174996617632319051e-01
-7.648214781602932222e-01
-2.197917546391920940e+00
-2.761580444072933016e+00
-2.761580444072933016e+00
-2.649129777344795933e+00
-1.707328499213507378e+00
-7.972909661884574062e-01
-3.738744756552490889e-02
7.003203081927068530e-01
8.459507381282629357e-01
1.087691682004432447e-01
-7.814009542625126592e-01
-1.115800768062702009e+00
-1.120148623709682267e+00
-1.356765618462365097e+00
-1.610700605455951173e+00
-1.127424844474523846e+00
2.127492790748839180e-01
1.264661898107993121e+00
9.257536149208369647e-01
-4.175712175140874338e-01
-1.659828032981817580e+00
-2.360496228490271520e+00
-2.424891344496394652e+00
-1.824480967448027124e+00
-9.856962625546673573e-01
-1.934039347348191495e-01
5.913863612389469449e-01
1.052155606292236589e+00
1.062964424056271451e+00
1.091026807824913458e+00
1.230323534713396727e+00
1.390833433704514732e+00
1.800128612970575803e+00
2.281023124538456681e+00
2.219948332064331620e+00
1.352598471397881585e+00
8.229620974462358018e-02
-8.797176661601622261e-01
-1.188273930272786050e+00
-1.055339899553630056e+00
-7.826584085534554758e-01
-4.934702485086995272e-01
-3.069492898909703671e-01
-3.064775201759122880e-01
-3.074270773713020377e-01
-1.087425172640379828e-01
1.217683948725020449e-01
9.422627886828804922e-02
4.389539448893256535e-02
6.676624849733280020e-02
-3.646732833758281056e-01
-8.987835581763753412e-01
-5.223737393540945906e-01
5.102683643576235717e-01
9.501850265546954999e-01
4.367302943782794267e-01
8.205245619282550487e-03
3.600150698786653281e-01
7.611766731469332692e-01
6.884351488918383222e-01
5.166798904813109106e-01
2.789191692000658196e-01
-9.560745246971810718e-02
-8.292435640837836353e-02
3.844993393588445607e-01
8.064215605230276029e-01
1.179155828036990483e+00
1.452417650850277520e+00
1.281727666162758794e+00
8.109475726935162498e-01
4.620901484350790067e-01
2.227583719376086402e-01
-5.122051593783671919e-02
-3.203166180379655725e-01
-4.513006952696242968e-01
-1.041946715835527226e-01
8.673192004749776807e-01
1.883794808937308440e+00
2.190898219403544900e+00
1.871728533754278390e+00
1.435774580052095351e+00
9.917758312082531891e-01
3.666928774661202817e-01
-3.573801019347340180e-01
-5.856584600906595828e-01
-2.439828828676336991e-01
-4.547524452925689326e-02
-3.100636208699398266e-01
-6.414886828564613230e-01
-5.649580477989831762e-01
-3.599035718539619899e-02
5.710853827625058665e-01
6.944045443731373668e-01
9.035356240221946444e-02
-7.555400857059689779e-01
-1.174277613863473624e+00
-9.442843945780626802e-01
-2.008186561278685889e-01
7.153621325560294286e-01
1.160199094907847117e+00
9.024502403318392929e-01
3.967078848064630736e-01
-1.065409805553775707e-01
-5.518207647543761363e-01
-9.455199145894039869e-01
-1.192736452542616954e+00
-1.050058665567907168e+00
-8.957728626201101330e-01
-9.719712154301777263e-01
-8.148721986135167850e-01
-2.486276150495262682e-01
3.389941805134153996e-01
5.546236689775503326e-01
5.022202663674362189e-01
4.127059058947816217e-01
2.099426991146025046e-01
-1.379006141578870692e-01
-3.813650336123894369e-01
-3.894011559206381201e-01
-3.285896707911330483e-01
-3.301957471992009729e-01
-4.491599983359584325e-01
-5.619108178328097170e-01
-2.160374635770331009e-01
6.058166736082098991e-01
9.274080455032071013e-01
3.155671833108066315e-01
-3.315560026842553354e-01
-3.722543284660491669e-01
1.059533825212372049e-01
3.020443928379680232e-01
4.963604674051951826e-01
1.528341290434512556e-01
-8.538951253873158231e-01
-1.796517341229941778e+00
-1.742348582752322628e+00
-7.638874484753258587e-01
-6.505258686586640714e-03
-2.044452224062074386e-01
-8.866834692451260880e-01
-1.248652810935406254e+00
-9.020466246251629405e-01
-9.281462442747040464e-02
5.521663516310609809e-01
8.004092999093478378e-01
7.378882411602947222e-01
4.052942776097107624e-01
-5.637327692535437987e-03
-2.645049716499179304e-01
-5.016505312394691218e-01
-1.060358538985318511e+00
-1.865260329872224565e+00
-2.371865739363121950e+00
-2.169261903483415299e+00
-1.274097268798819238e+00
-2.084213632074564948e-01
3.437736824502572452e-01
2.727647322769604157e-02
-6.552804948389958639e-01
-6.389863677875194936e-01
8.680961344179585759e-02
7.072025072811360946e-01
9.268447826273307211e-01
9.383571154776840784e-01
8.280071183009960478e-01
2.290255555807457766e-01
-8.238285917759893273e-01
-1.627536724613338759e+00
-1.962699050527130895e+00
-2.108821004807556854e+00
-2.388166352642701273e+00
-2.705443380178170987e+00
-2.341308479719386604e+00
-9.901109062894891677e-01
4.787203185431097574e-01
1.204666903931549626e+00
1.300669728092455291e+00
1.110110509706646154e+00
7.354486169684070207e-01
2.633978302633574464e-01
-9.011623024065502918e-02
-6.443568180141748258e-02
7.803449282716645730e-02
-5.385691330762479301e-02
-2.770830686091507178e-01
-1.824022487396739778e-01
3.907472458635298795e-01
1.316868058853240431e+00
1.912643045052085267e+00
1.824517186554897696e+00
1.741527249860348681e+00
1.840029707922784086e+00
1.650458075811540359e+00
9.573297767425139604e-01
-1.218478395148273052e-01
-1.075698238128171447e+00
-1.480948831933930787e+00
-1.284285031926320597e+00
-6.257032240108951759e-01
1.609643267457459836e-01
4.376084719829013148e-01
-5.990732488914576881e-02
-6.035093028026130568e-01
-6.961366789664078514e-01
-6.031054960870650961e-01
-5.442079866779059305e-01
-5.366759552396838107e-01
-4.017890847494848816e-01
-3.062303142466293870e-02
4.459187507795634997e-01
9.216405960941865816e-01
1.289175338770900181e+00
1.406850644716323817e+00
8.787021050628853747e-01
-3.779092599110792650e-01
-1.385932659194137662e+00
-1.265386013240594076e+00
-5.951169816197852125e-01
-3.842812856608728289e-01
-6.716990897548064110e-01
-1.018519594819937035e+00
-1.242600263795424542e+00
-1.520449659364979000e+00
-2.068008816449626419e+00
-2.317001498686218408e+00
-1.426942531901009392e+00
1.483443579130234447e-01
8.518380714801170317e-01
4.455076229256703102e-01
3.103250729783713635e-01
8.394931468391179097e-01
1.228181199984701433e+00
1.128500372893951553e+00
7.783129265032782129e-01
3.944946276896742487e-01
2.198240851409128949e-01
6.047824301356417021e-01
1.447532808219683442e+00
2.074176205562932473e+00
2.213806775938568894e+00
2.262384806842894225e+00
2.324989790811497592e+00
1.905976404622857112e+00
8.175516128601988397e-01
-3.372720315836318372e-01
-7.590450603176877031e-01
-2.537120646454540385e-01
5.276059868325191360e-01
1.109955458794769534e+00
1.334206009320481723e+00
1.016753985237470514e+00
2.553644772256387085e-01
-7.169711573250520109e-01
-1.302498842251858413e+00
-9.329450857822698673e-01
-4.318876760060010034e-02
5.182759827534554331e-01
5.580215463926599950e-01
3.590951172998231855e-01
6.861876916485525058e-02
-3.310742209134379666e-01
-3.993065432177103080e-01
1.301239502924608216e-01
7.838149351883206828e-01
1.200503170112437790e+00
1.159331450291247734e+00
7.769210276249047809e-01
6.969239122657110430e-01
9.683469531256687635e-01
9.548716742445707562e-01
6.178669851730697049e-01
3.847834272401589040e-01
2.274635072375472689e-01
-1.411776822648471430e-01
-2.358282916165808096e-01
5.834838244278924835e-01
1.336846499002330768e+00
8.885251274404623034e-01
6.967585465792869651e-03
-2.689767121127698002e-01
-2.240904227489736444e-01
-3.571415421214207964e-01
-5.693160277392630420e-01
-7.206322968744172108e-01
-6.759891271290953130e-01
-2.656273227330868680e-01
2.873728083286831714e-01
5.566073107649609497e-01
3.435032630847270618e-01
-1.189460452381718852e-01
-3.546857336970539176e-01
-2.640848004292878914e-01
-2.054887766205811539e-01
-3.622502213459746212e-01
-4.350701502339573978e-01
-4.975784603385741828e-02
5.256902224394504053e-01
6.337531416197426104e-01
3.261527529112181467e-01
1.427687825398209209e-01
1.738086032246678458e-01
1.902133067804563371e-01
2.265522107176386191e-01
4.321317675089931254e-01
4.703111076019939607e-01
5.254651336431846037e-02
-2.748685321203463983e-01
-6.105528452306942244e-02
2.160608178910603527e-01
8.699640490433520335e-02
-9.768646344333721532e-02
-4.085187308720668597e-01
-1.368290964940225951e+00
-2.344188548469123834e+00
-2.322676706645836475e+00
-1.251229683990704444e+00
1.136550792679953820e-01
8.740116987730486287e-01
9.679858343420362221e-01
8.553633380341904013e-01
6.224157818217864735e-01
5.548235010684197110e-01
1.036032747144914890e+00
1.259393755167038442e+00
4.843833071662735912e-01
-3.074690526010350200e-01
-5.085242426871680044e-01
-6.296501620636481000e-01
-5.130533055920403207e-01
