-9.023453977634628975e-01
-1.506120587794379739e+00
-1.422151255845903295e+00
-5.583266184317715597e-01
4.819456012852751936e-01
6.136660366893751384e-01
-3.018595992649241166e-01
-1.203327262732265979e+00
-1.555458666560896708e+00
-1.431360648618323683e+00
-8.289921174597281173e-01
-8.960798183685456109e-02
2.250461907227963299e-01
9.979918598338050062e-02
1.621146303781832720e-01
7.923147298735349064e-01
1.758203332635051019e+00
2.455547271655824204e+00
2.294131403815192982e+00
1.463228165565829020e+00
5.407294079042276325e-01
-2.966823113423818770e-01
-1.031828263950877345e+00
-1.351932804770875407e+00
-1.053137226526548842e+00
-5.384743480316629416e-01
-2.985890508582007552e-01
-1.943858573085791019e-01
1.679592287213191870e-01
8.294700413446173259e-01
1.568924797142301708e+00
1.905295238174576244e+00
1.449740357405259195e+00
5.612247466599274981e-01
-1.208675641886494817e-01
-4.198637716782115392e-01
-6.402406933937866418e-01
-1.064772689281291207e+00
-1.462054099171809618e+00
-1.646427324342782050e+00
-1.698695131314194695e+00
-1.381544779803685064e+00
-5.332027940789160203e-01
3.432319277292710247e-01
7.051155717207729934e-01
5.735731085119859518e-01
1.706645211726082467e-01
-2.471208016006012642e-01
-3.796703252175150367e-01
-2.506097161385158478e-01
-2.872797938774542814e-01
-6.035025264304273440e-01
-6.078288101181172909e-01
1.721359591278914525e-01
1.281643468974165367e+00
1.560976064493224902e+00
6.693240198815857411e-01
-2.277462419069756216e-01
-2.033931276799929577e-01
1.666432746260512743e-01
5.808342863106791265e-02
-3.207227388116905553e-01
-5.197863982384643977e-01
-5.792723010375891990e-01
-5.495947448577876981e-01
-5.398888949477472776e-01
-8.051409114161049985e-01
-1.460553401765286141e+00
-2.335006940616935811e+00
-2.722531504715997919e+00
-2.482556330898541663e+00
-1.573623311618173926e+00
-6.528534969591708315e-01
-1.844039472729916695e-01
-2.775577782281954398e-01
-5.099895598531419827e-01
-5.176765419947803037e-01
-2.274612272561162551e-01
2.007230445400014773e-01
2.579891706227686599e-01
-7.891899904489804718e-02
-5.226312310530539101e-02
4.796952644720263725e-01
8.062165529797529206e-01
5.360666698554923393e-01
1.658231440817733715e-01
1.171358689920168339e-01
-4.320863759216566485e-02
-5.043593500161888121e-01
-8.154880701949184241e-01
-9.434841140786544011e-01
-8.892264901560633650e-01
-4.452019868687405180e-01
1.999529185472807141e-02
2.602489662438464690e-01
4.395424001250471946e-01
3.367799248702220694e-01
1.971254413606678482e-02
1.037824810384886248e-01
3.387029591110919946e-01
7.904324445258970044e-02
-2.568139371845871710e-01
8.881845343510001711e-02
8.983892466440602798e-01
1.601477808784198986e+00
2.093269654027864135e+00
2.271303068401839820e+00
2.226078549791731920e+00
2.255420226816617024e+00
2.111183840994464767e+00
1.290706982191149210e+00
8.438709322333341756e-02
-3.776836994548792292e-01
3.872397577064818353e-01
1.176924582259559093e+00
8.429656981730843102e-01
-3.543472980077665146e-02
-3.709529574811312180e-01
-7.469336045201067920e-02
1.270604090207597403e-01
-8.979240631550093610e-02
-1.517344446188582663e-01
3.371667776192096566e-01
9.307282491836865734e-01
1.232170472591059607e+00
1.240025931749943133e+00
8.812077905607534900e-01
3.862319015953640799e-01
4.007924460376213194e-01
9.147085679798304669e-01
1.168759277540947217e+00
6.498450767743307877e-01
-2.944291160969019217e-01
-6.977478379859944901e-01
-3.248654548947715881e-01
1.915702582044290780e-01
5.799646600022476672e-01
9.547303169953066382e-01
1.177684478334554141e+00
9.331389447384371705e-01
2.241850492011406015e-01
-3.201905858416694839e-01
-1.712411036392492980e-01
1.561622859146783449e-01
5.525274846518479777e-02
-3.042631555920538022e-01
-6.836480992966190717e-01
-8.920205283562293586e-01
-7.311614606093241875e-01
-5.147994444712702400e-01
-5.189764196442919753e-01
-6.654314476411246071e-01
-1.004535040693750991e+00
-1.270636053490012074e+00
-1.003816495282579657e+00
-3.221467624935713814e-01
3.169652562535707485e-01
6.197656133418824043e-01
5.673628696696247919e-01
2.710224302587332934e-01
-2.212644725295410952e-01
-9.875551015999570748e-01
-1.797241143266140817e+00
-1.759934047495550269e+00
-5.706159558004062493e-01
9.037187974941676138e-01
2.027251781471308245e+00
2.592415682711154634e+00
2.179800172347553744e+00
9.397341941862187298e-01
4.906449319409381116e-02
4.657105327962554053e-01
1.461695498192993048e+00
1.650732819366656834e+00
1.081186286859859624e+00
6.173197909284753315e-01
5.657917231221377685e-01
5.950985092040605995e-01
4.241416612806774289e-01
3.771107685650484931e-01
5.440649387261242698e-01
4.551038819648949296e-01
-1.179638468778363564e-01
-7.210532703473130356e-01
-9.280409840911135744e-01
-8.036008853884665237e-01
-6.736886354770337260e-01
-6.485688897687559296e-01
-4.165090112689600610e-01
1.566418520979526718e-01
7.996660040246440504e-01
8.060840946888706560e-01
-2.025565266035754264e-01
-1.491265082088740979e+00
-2.046768999778989517e+00
-1.891397656895887458e+00
-1.804379584308478890e+00
-1.707907617025675506e+00
-1.046786144774605631e+00
-2.849061083167412911e-01
3.078496824871213011e-01
7.529956611021962898e-01
1.391001403737915476e+00
1.716177393249082250e+00
1.320628445932432671e+00
2.326363714217700995e-01
-7.009498976783830049e-01
-4.047418141791068735e-01
7.067523973442914054e-01
1.055310054086903815e+00
4.132992563273003850e-02
-1.324461844953989331e+00
-2.006268841395135727e+00
-1.913890436237117187e+00
-1.327702446897267130e+00
-7.544839114563264282e-01
-5.993375589177849516e-01
-5.921433719234288073e-01
-3.596989850401903221e-01
-6.262719358175709850e-02
3.050364253115493973e-01
1.060326999789244384e+00
1.625108632064731440e+00
1.112846711842940373e+00
5.314777667878217704e-02
-6.995495935693879508e-01
-1.050360819102990728e+00
-7.431975887909789691e-01
3.035453576554680843e-01
1.127927503361729977e+00
8.879106190046106573e-01
-1.451324756985171958e-03
-3.541885251678045243e-01
4.835122769708934398e-01
1.865118366310001718e+00
2.734495400821550071e+00
2.734495400821550071e+00
2.453049049862252140e+00
1.202372140905949793e+00
-1.064879458626271647e-01
-5.817801991192735889e-01
-3.511719411680025438e-01
-1.759524479841873545e-01
-5.131976556035275361e-02
2.651689135159170929e-01
3.375962360259984196e-01
-1.763891206530795175e-01
-8.943199907979629826e-01
-1.517513538465131040e+00
-1.874057252623028136e+00
-1.657864562310106482e+00
-8.965440880273126689e-01
-1.117150915910255504e-01
1.864457695646519753e-01
1.631126018560497826e-01
-1.137877224330127307e-01
-6.859375314308217009e-01
-1.031725222465833092e+00
-8.357134902140815891e-01
-4.794630691669115596e-01
-3.994251987831234363e-01
-5.133852971123836761e-01
-4.663671280327389979e-01
-3.136588297929666092e-01
-4.575785932513280474e-01
-9.607108767317448228e-01
-1.420414056221192878e+00
-1.473631819349218830e+00
-1.148958342739813787e+00
-8.858203975555866139e-01
-1.151389422961168085e+00
-2.031634478464756199e+00
-2.595275870797732587e+00
-1.870480913522011068e+00
-7.429869325000953983e-01
-3.445065445631159129e-01
-2.404958726034011618e-01
-3.047503479373072071e-03
-8.043401597977610507e-03
-3.934986244282286383e-01
-7.490036980946159773e-01
-8.163143037643545430e-01
-7.181893539541892579e-01
-3.177723533772033315e-01
2.275007056331273814e-01
2.400955554797807312e-01
-9.665460570238726401e-02
-3.342364108558635305e-01
-6.970329738833128674e-01
-1.011717139406194566e+00
-7.303888444214381437e-01
1.226028243766667664e-01
1.155952729516154465e+00
1.961736650529898540e+00
2.095466699310648551e+00
1.474163119471643135e+00
5.424740008056327945e-01
-2.222051176381895088e-02
1.309293202393810862e-01
6.606503297976866751e-01
9.703211085561497251e-01
9.376986330325909336e-01
8.653822657971207422e-01
9.215400796288201191e-01
1.081088712871842272e+00
9.402300237666740834e-01
2.805592616105636039e-01
-7.625461987499852767e-02
4.070893029735720425e-01
6.094535402765184351e-01
-1.729407802838254238e-01
-7.801950498688687841e-01
-5.383252400103643032e-01
-2.785857718731094002e-01
-6.083482267623968598e-01
-1.128141311946385006e+00
-1.031638124003968482e+00
-6.697318201022584017e-02
1.064250714253299757e+00
1.743620990760952338e+00
1.925016258349678600e+00
1.694958095845143120e+00
1.313354998872011681e+00
1.236053555932416170e+00
1.193483020946523698e+00
4.462308924958476308e-01
-6.294704293505551940e-01
-1.305703305099092937e+00
-1.524312383754234057e+00
-1.094539404155879581e+00
1.298569117547136442e-01
1.469985659055692118e+00
2.218471111683440355e+00
2.217307101217656840e+00
1.494312803121834010e+00
4.602964550694655932e-01
-2.165755124952825350e-01
-6.509804419445329726e-01
-1.168991357374101536e+00
-1.354124682822416270e+00
-6.664950919527438122e-01
5.546156441061889097e-01
1.155156123107183630e+00
7.066920691087589246e-01
-2.796651230513000005e-02
-2.068109407875210748e-01
-4.880395357255345318e-02
-4.104828185877604230e-01
-1.096460648207298938e+00
-1.239026709550296035e+00
-8.911030536421649106e-01
-7.258876038941219910e-01
-6.394243000912573915e-01
3.895492876674129523e-02
8.945616719657274452e-01
9.848446075996837301e-01
6.388439290818370697e-01
6.368232950492245248e-01
8.156200113109994820e-01
7.132168981614647185e-01
3.323726961887289444e-01
3.261819646493561986e-02
2.458021064917102066e-02
2.378926281548960839e-02
-5.491980899276001360e-02
2.730989906094609121e-01
7.852718538074769938e-01
9.342261223397843040e-01
1.064239996903917573e+00
1.258655966093229717e+00
1.123217173293586946e+00
7.293960450189777012e-01
2.586713556828521554e-01
-3.225700057760143014e-01
-9.050389986728024638e-01
-1.136367569019255841e+00
-8.111820991014506710e-01
-2.126634126722112272e-01
2.369044150344535582e-01
3.923941364120254738e-01
3.512732497009067867e-01
5.309278884765402662e-01
1.092237818345988876e+00
1.380469146101650724e+00
9.939388754113427371e-01
4.370718219550918660e-01
8.320292244412791360e-02
-1.724833789204309464e-01
-4.171038544390087144e-01
-7.673573244327235310e-01
-1.142410262486172945e+00
-1.175737715619358692e+00
-6.709564381538999367e-01
-3.545747682199861667e-02
-2.158875142722315732e-01
-1.209946925863278455e+00
-1.860492483500804983e+00
-1.698688469494244346e+00
-1.055946536322075691e+00
-3.405091083844933308e-01
6.476762997693993884e-02
4.974481028778578451e-01
6.850510152801715380e-01
4.870772483489672622e-01
3.647575083058481882e-01
2.493685298176639420e-01
-3.096920470976159967e-01
-1.367151197161558418e+00
-2.129052542353653266e+00
-1.566353331382862590e+00
1.457547228245922311e-01
1.800832709022982314e+00
2.316631464898033066e+00
1.634920325619486192e+00
8.203792206717266389e-01
5.134691855020133699e-01
4.692645023833959539e-01
3.429770360925989969e-01
-6.760146806385747102e-03
-2.035629836367313927e-01
3.150492407474066447e-01
1.238545690617080863e+00
1.433852354357284753e+00
5.485962456209539928e-01
-5.420752720269550462e-01
-9.810950649025987902e-01
-7.234632711889117385e-01
-3.443165928137361664e-01
-1.989431649745354025e-01
8.038865847916958074e-02
7.084047425862100011e-01
1.157117175688279209e+00
1.048120252931791452e+00
6.851984805993396321e-01
2.929227491206025658e-01
-3.333046560383966517e-01
-9.522083229399813664e-01
-1.000572290432918177e+00
-6.257046745973728896e-01
-3.517113152040164392e-01
-4.762421121194670981e-01
-8.314111966127646358e-01
-1.042138298816518649e+00
-1.204816474638171986e+00
-1.424100976599588453e+00
-1.368465045571151339e+00
-1.108235567573073954e+00
-9.690605433650788525e-01
-7.749741062681512194e-01
-3.951333481890666466e-01
-1.689329929024262489e-01
-4.020968485553029770e-01
-9.110386297328005867e-01
-1.194906781625353576e+00
-7.776825748543161332e-01
1.694764626854327605e-01
7.368981928816780158e-01
3.733582449239535306e-01
-5.162252890919328818e-01
-1.283750798821336803e+00
-1.619873704110333046e+00
-1.481529190268844332e+00
-9.559659387705029543e-01
-4.309063523379741967e-01
-3.834392245427485912e-01
-6.168172694580117410e-01
-5.892618072635836812e-01
-2.527106245270315243e-01
5.884035143236214516e-02
5.317209296558438048e-02
-2.339262957145417932e-01
-3.780386999647510904e-01
-1.049462269802805547e-01
4.225042279018163816e-02
-3.216304340987407584e-01
-3.774912670051162045e-01
3.509895884314960801e-01
1.130098507072149205e+00
1.454410099483471219e+00
1.515256178881856153e+00
1.229628541405478392e+00
5.569016090947901398e-01
-1.879367392659457917e-02
-3.735047043491850904e-01
-5.048808048154850292e-01
-3.545981435807822879e-01
-1.533108549897032324e-01
-4.767549655511778978e-02
-7.490586267309326529e-02
-1.634472408400688415e-01
-1.504026764663381199e-02
2.768785072141319303e-01
2.433695379483120369e-01
-1.524931009554275907e-01
-5.372270375583714230e-01
-6.159940585153028669e-01
-5.904114252228395143e-01
-8.066423170592508241e-01
-1.263688734748600107e+00
-1.453040906509804664e+00
-8.814149710043698294e-01
9.179946856330568894e-02
7.019763130071333679e-01
6.781388987799260581e-01
4.186708543304799024e-01
4.701172409557237697e-01
7.480974932460335847e-01
7.538735211915960077e-01
2.682976533070368097e-01
-3.384882652533200975e-01
-5.582936871599591955e-01
-2.437820288085121856e-01
5.082978700911268133e-01
1.271471346062597707e+00
1.705166051014695539e+00
1.805977262408785533e+00
1.451549887863312627e+00
8.182645895311859707e-01
5.041537348489402159e-01
5.428422859635990694e-01
6.149139755777591754e-01
7.867260766507238046e-01
1.005673429071239022e+00
9.439812912139349255e-01
4.500050665912204151e-01
-2.253325420694957948e-01
-7.930328357808885675e-01
-1.347243863080276105e+00
-1.844838490938801367e+00
-1.856579208637453959e+00
-1.150106868418339090e+00
2.805297801700817883e-01
1.735563143673206188e+00
2.058436308665190229e+00
1.292694267685480458e+00
3.412285784541719824e-01
-7.681448903441413789e-02
2.417770560073810304e-01
8.453461987263861666e-01
1.360609790795311191e+00
1.651791872998435773e+00
1.732947237124692785e+00
1.693012964825685973e+00
1.363545900851330872e+00
9.431418884220346133e-01
8.766123695831015139e-01
7.802310677047393783e-01
1.379551646663268460e-01
-4.997966590505379947e-01
-4.685664291351105959e-01
-3.804741234849300380e-01
-9.109269794916518004e-01
-1.479332083494336869e+00
-1.340031780236246917e+00
-4.694909625799418285e-01
2.987532290161970527e-01
9.774242110555511620e-02
-7.948457606974150824e-01
-1.620915865809525069e+00
-1.822812255502069601e+00
-1.356031103400636040e+00
-8.055933568969743108e-01
-2.377830151581968865e-01
6.727628263766881611e-01
1.530093199310593732e+00
1.824035952264096982e+00
1.861168172874757998e+00
1.943234568809877549e+00
1.732771942535981324e+00
9.514896324040854614e-01
-2.022722824498440208e-01
-1.031443384416222964e+00
-9.598167152435285177e-01
-4.058716904335833431e-01
-2.238883874613512709e-02
2.847130749433616215e-01
8.181742767662650850e-01
1.192706765582310480e+00
1.094227758460977640e+00
7.625922044432524860e-01
3.306382000604387028e-01
-2.940415804442714776e-01
-1.037638373432801409e+00
-1.429890334005703645e+00
-1.316831572028219544e+00
-1.186788376802288214e+00
-1.499977322062412632e+00
-2.227696775601090362e+00
-2.622735818309215095e+00
-2.168850017732170343e+00
-1.407530930277691272e+00
-4.879636620004838554e-01
9.964422561046273330e-01
2.152168421348129801e+00
1.735666994810877606e+00
5.018010005154549535e-01
-1.532398791346062938e-01
-9.810481583452207791e-03
3.022429846574472001e-01
2.734188711144177053e-01
3.273789171616539040e-01
8.408300413680469543e-01
9.221169715045463011e-01
5.769599659439972328e-01
1.743724063945283342e-01
-5.458517549799972723e-01
-1.502547297747296007e+00
-1.712733169655975107e+00
-1.130229022720422360e+00
-6.046142846053238484e-01
-3.121391233238290375e-01
-1.274041407610740084e-01
7.655310568131125717e-03
3.313569671309403164e-01
7.532093388273287671e-01
6.678713466690813227e-01
-1.124144533047646277e-01
-7.527482706150838698e-01
-2.983927749231068405e-01
9.556001063334275125e-01
1.910798044545554575e+00
2.077446327193795295e+00
1.561557900245325037e+00
6.848894425251280671e-01
1.113868654825714705e-01
2.492939395922199111e-02
-4.132534981096375876e-02
8.233320075978237118e-02
6.852515969220585035e-01
1.011102173442487873e+00
3.432875019230421931e-01
-7.719170212858668112e-01
-1.192308730480785339e+00
-8.832445706079197212e-01
-8.877456536523252728e-01
-1.241250539647000828e+00
-9.874081852001959092e-01
4.591920852718222451e-02
1.033430732174530409e+00
1.117372133730644590e+00
2.419156681818130095e-01
-7.259109471477459552e-01
-1.173700439951473440e+00
-1.390193202958225127e+00
-1.499491935935046039e+00
-1.181159835214007359e+00
-3.290753334587280809e-01
5.531862305376911149e-01
9.969871811136797879e-01
1.361935227880977539e+00
1.808228410627674698e+00
1.605656861124236112e+00
6.059050681292795781e-01
-2.836552301883772387e-01
-5.056885787656261178e-01
-4.047119685185058824e-01
-4.058226170297803970e-01
-5.192129773337815779e-01
-4.652481255936431470e-01
-2.168248957883969763e-01
-2.912912355820261312e-01
-7.721643371424504743e-01
-9.901296620698993856e-01
-7.220372206485712319e-01
-1.996914602661929994e-01
4.052105835353795316e-01
6.175031711128087242e-01
1.962192785181437471e-01
-1.297631576170155399e-01
2.935336683244353928e-01
1.066535865364032221e+00
1.395899963459532822e+00
1.073647052310854333e+00
6.334731814974035036e-01
6.934570841444220868e-01
9.531674728962861165e-01
7.829891470039075374e-01
4.151657556455140563e-01
1.770184919059033524e-01
1.625658566961709730e-05
-7.981720448087087361e-02
6.733470995397214387e-02
3.422477156783746421e-01
5.208570139841542934e-01
4.455645228479704900e-01
3.453444382929074519e-01
5.119578300226865775e-01
6.328080290445385891e-01
3.759947285734067668e-01
-1.289662114597310005e-01
-5.912555341225719241e-01
-8.844534129669583411e-01
-9.517498952692333702e-01
-7.848190074447806142e-01
-8.278482125118683532e-01
-1.308032241497582682e+00
-1.770244421262759937e+00
-1.803355952978655141e+00
-1.194103419113443643e+00
-4.663599321770205142e-02
1.026435454262745628e+00
1.317347559231458742e+00
6.550430549876798958e-01
-6.875648264764014361e-02
-6.648183086381992402e-02
1.687735981037947475e-01
4.522678116500050000e-02
-3.629685743494609484e-02
4.593635001182526101e-01
1.301600003414385309e+00
1.779396850862774881e+00
1.313312701141652550e+00
3.549177337031506757e-02
-1.037939336494264397e+00
-1.234346631104457748e+00
-1.196043939461508110e+00
-1.425345013364403446e+00
-1.438474181878212521e+00
-9.066432280741637539e-01
-2.311758096718084798e-01
-4.609475997812769593e-02
-5.012250962739100979e-01
-1.056842909221224591e+00
-1.230368334530139274e+00
-8.208823048647786447e-01
1.851626587490273201e-01
9.640119736459528132e-01
7.785126449928353454e-01
1.749284229160065762e-01
-5.657717508089220582e-01
-1.678627887019302545e+00
-2.549607819810257858e+00
-2.619675325039837688e+00
-2.173372272860642607e+00
-1.758779284790758402e+00
-1.548713220079432462e+00
-1.447645691434896298e+00
-1.425332412076210309e+00
-1.247912019274026063e+00
-7.791260756454723158e-01
-2.076910528205968831e-01
1.082867692698047390e-01
-4.346500879617398033e-02
-3.290812111292004682e-01
-4.919440595374917624e-01
-7.547317361151021364e-01
-1.130256062830032215e+00
-1.178809819725356700e+00
-6.236758514597734449e-01
2.017117226336815061e-01
8.900247236311871202e-01
1.538542408171655884e+00
2.076571680095218753e+00
2.161328343379824712e+00
1.640969353834078159e+00
8.901535954704757891e-01
6.602393120034358853e-01
8.769272669886236660e-01
8.738132518458634479e-01
6.942951369991104960e-01
8.696580120095218636e-01
1.335609760349184105e+00
1.245736954748481784e+00
3.830378147811122624e-01
-4.421437358280350116e-01
-7.333118813496510846e-01
-6.839439403743269308e-01
-5.641421199889711247e-01
-4.258359388494439290e-01
-2.540947174887333571e-01
3.706601510916386621e-02
6.024135507304343440e-01
1.137383214188802505e+00
1.364495931938639606e+00
1.760820894893134980e+00
2.123344022051353530e+00
1.536512471951181347e+00
2.354770637642664977e-01
-6.794436834711515827e-01
-8.619062477872895256e-01
-9.084809690020366757e-01
-1.099548351502135590e+00
-1.175937352359837096e+00
-1.206943971906039081e+00
-1.383040248339829414e+00
-1.368713693945372567e+00
-7.984302751449336988e-01
2.007011571318924048e-01
9.276969567416366580e-01
9.639718614700343302e-01
9.806157985669287092e-01
1.466840704534284834e+00
1.913249977775458133e+00
1.890611397818154238e+00
1.471914446592600623e+00
8.908422855431193943e-01
3.629787631583015206e-01
5.371451097707586469e-02
6.683576631492149644e-02
1.125650392570809039e-01
-6.287107242044417399e-01
-9.679242101197352843e-01
-8.005442751496358866e-01
-2.439257765358893992e-01
1.947326443603920598e-01
1.452845350443937034e-01
-2.070686262974496539e-01
-4.234863742423866095e-01
-5.807297476167280759e-02
7.860523892473652019e-01
1.495356861110410884e+00
1.608330012346557147e+00
1.219108116724501034e+00
5.684907808252068762e-01
-1.569759316284249084e-01
-4.697487959961499371e-01
-1.736614807930812743e-01
4.522028999884397660e-01
7.441968542849140000e-01
-1.928826985618491358e-03
-1.073315787279065514e+00
-1.209189160702205390e+00
-6.576267672640160322e-01
-3.535596124826579922e-01
-4.803699502077954375e-01
-5.432452941163835591e-01
-2.928590080541338958e-01
4.197892695347037878e-02
4.291141919966844909e-01
7.642718285461010952e-01
8.371232355127280478e-01
8.597177303668288584e-01
9.011504273138770671e-01
7.386926999551122197e-01
4.092652447578637442e-01
8.905072479633083238e-02
-2.532702892993539123e-01
-4.912707364710676150e-01
-2.767496155899175636e-01
1.270668782604696678e-01
2.217906477757557726e-01
1.795175646659174784e-01
8.471367180311675793e-02
-4.529726544941298227e-02
-4.843927483451930527e-02
-7.649773622924836702e-02
2.140918294689028167e-01
1.200784201187450329e+00
2.016707698373850999e+00
1.886894170854683583e+00
1.315747908448023251e+00
8.494432756797656303e-01
6.140902035849099549e-01
6.456410267716234941e-01
5.298651687354951623e-01
1.878259850730709946e-01
-6.114680389846473968e-02
-3.277191144626932506e-01
-6.874363204094203761e-01
-1.041990042943876649e+00
-1.305742067098933257e+00
-1.190907546968820396e+00
-5.471470739002023409e-01
2.365096060335081796e-01
8.474953269373399767e-01
1.340179991793505110e+00
1.795725707549465922e+00
2.315958702592477270e+00
2.649608701973869440e+00
2.360475309573893732e+00
1.632835387644124614e+00
9.960648133718483788e-01
6.792526085123641311e-01
4.951117776108221458e-01
3.991456551677107223e-01
4.346508955820689302e-01
6.068347539462011497e-02
-7.973536834564284304e-01
-1.141257295532955851e+00
-5.616210691013030498e-01
1.652019280745579133e-01
1.707990576511984049e-01
-3.597300045194458673e-01
-7.396902630176163118e-01
-9.512020801710863172e-01
-1.238359252634541718e+00
-1.437488982377245872e+00
-1.365301348551140714e+00
-1.284262467299286170e+00
-1.196306667009985336e+00
-7.342065160439774640e-01
-1.177358837521274570e-01
8.780664272462743170e-02
-1.887442544758301810e-01
-5.937065645271624170e-01
-8.846124030811581829e-01
-1.059735608215086389e+00
-1.083546188320210213e+00
-8.509809138718610333e-01
-6.215944620311635305e-01
-8.215185015927816137e-01
-9.872573944277924785e-01
-4.469972988015326609e-01
2.722035965943950808e-01
1.278935606092461708e-01
-9.314520248368035604e-01
-1.899458831943191317e+00
-2.050141869209050061e+00
-1.380599520583065454e+00
-2.839211549179385674e-01
7.185354503641309121e-01
1.538982119894081624e+00
2.097095978521911430e+00
2.318949730519819230e+00
2.416315219564371120e+00
2.146200070031389906e+00
1.373035042168916586e+00
7.004078110128868495e-01
4.919540396020089523e-01
5.250126394858318779e-01
6.599057290116597807e-01
9.972188489664175481e-01
1.302471200865026102e+00
1.142378081963096426e+00
7.596319992241306052e-01
7.205809836076817465e-01
8.377229483165551382e-01
5.711979764656208713e-01
-5.948970012765961851e-02
-5.151904046651516467e-01
-4.252063739513128882e-01
-7.756897386107994979e-03
2.183400192468134826e-01
-1.511049642538257742e-01
-9.582068078957441948e-01
-1.343136863343008747e+00
-8.519950945330976300e-01
-1.549428223316326979e-02
6.327902781518637276e-01
1.002713248883263741e+00
1.061104764186384219e+00
7.606610988221882419e-01
1.408891605191521235e-01
-4.007524630246442898e-01
-5.001283573319086351e-01
-3.624240838982127344e-01
1.326582776058429260e-02
5.921485184596489981e-01
7.688582502795123785e-01
4.510695182159823458e-01
2.366045662191282317e-01
3.813114550848768491e-01
5.736172410626558804e-01
3.263723135629617023e-01
-5.236053597128076387e-01
-1.219810624757346140e+00
-9.626189441741015429e-01
-2.424502180010326413e-01
-2.755811197647466473e-02
-4.009569713717206496e-01
-9.056886661972354258e-01
-1.533867971145588260e+00
-2.169637182454934532e+00
-2.125272957091584036e+00
-1.513563376325819387e+00
-1.303359161640280206e+00
-1.500076952722378953e+00
-1.554147126417225078e+00
-1.716959004744776029e+00
-2.041829465643483665e+00
-1.874454472266337879e+00
-1.209434118888432330e+00
-7.210842694752327420e-01
-3.798619779958078424e-01
3.771081565446295358e-01
1.261275026665070520e+00
1.608395962916962851e+00
1.399796622621170217e+00
7.179344404519748535e-01
-3.035365157104696343e-01
-1.029816256183212930e+00
-9.346558930400999943e-01
-3.163603550310423729e-01
-3.958147675216296818e-02
-4.471946325901259289e-01
-9.113316361665111387e-01
-8.426311548195062340e-01
-9.460328969715343927e-02
1.078384272690000367e+00
1.816673845213633731e+00
1.593258682054328190e+00
7.677825509777472801e-01
-1.555743557800021160e-01
-9.492168421322589866e-01
-1.524984942991799874e+00
-1.594396338879873865e+00
-8.033748046029489664e-01
3.870125232323678999e-01
9.624380462485240262e-01
6.956863488392318606e-01
-5.196054820346162062e-01
-2.269615005966443277e-01
7.880276324821751111e-01
1.668123175652161283e+00
1.933874299112853246e+00
1.732789323967655282e+00
1.168625613712784617e+00
3.798561688556952309e-01
-1.089621872932169111e-01
-2.049445750138774447e-01
-1.776539490372276708e-01
1.994202104175280543e-01
7.228003541354965922e-01
4.574211519221423328e-01
-3.197102351853399749e-01
-1.407817370682127867e-01
6.293562373691184986e-01
3.444725953048615730e-01
-8.388845007008003396e-01
-1.572296239812077223e+00
-1.030292915046143953e+00
3.917875331293805830e-01
1.471930031922847437e+00
1.616568767242246185e+00
1.047767071761306346e+00
1.020827605591938525e-01
-9.083857660825988001e-01
-1.333049398686304787e+00
-8.229229830300134330e-01
-8.590313870743013225e-02
1.231451464944176843e-01
-6.172018302111170751e-02
3.994980900995709350e-02
8.024494287245722557e-01
1.782263533985601667e+00
2.013788725799404045e+00
9.230172820128228484e-01
-6.533061036090721529e-01
-1.439346928918489699e+00
-1.333849177141765541e+00
-1.157284668746524137e+00
-1.300058605362728992e+00
-1.187330378853390433e+00
-2.408855563030346814e-01
8.211598483506431512e-01
1.071338319516088156e+00
9.394968266177505800e-01
8.655323055449567482e-01
7.293482098705390548e-01
7.139092888273929072e-01
7.994148506707851043e-01
4.440947754777511136e-01
-5.549409142072234680e-01
-1.751820834306282437e+00
-2.670076368112241916e+00
-2.760208575450849633e+00
-2.760208575450849633e+00
-2.633807965557644515e+00
-1.738071938349576406e+00
-1.021176323532992480e+00
-3.604147483728867285e-01
1.066953029841886946e-02
-3.599780124389621028e-01
-1.050226147688678502e+00
-1.248105260466255917e+00
-8.984414069901200950e-01
-5.278383337790353291e-01
-4.589317540784493832e-01
-4.881741515191087011e-01
-4.922254196640740709e-01
-7.222552134873458929e-01
-9.759784855964317440e-01
-5.942652243139466828e-01
3.706362149691567742e-01
9.882944348573636795e-01
9.424991453697506572e-01
9.249528944322868984e-01
1.282652094701990153e+00
1.328584603530962749e+00
4.488503651081371948e-01
-8.986186049649284024e-01
-1.895732370156378188e+00
-2.219199876595767673e+00
-1.936699959335434817e+00
-1.277819988650665373e+00
-4.366573050301417180e-01
4.404487293716654039e-01
1.074420648352395258e+00
1.217573362611586774e+00
9.504761917485513578e-01
5.247421222890874537e-01
2.358815736813119346e-01
3.322931075004613710e-01
5.103752189425947439e-01
3.509664541058750142e-01
5.294070901636458576e-02
1.806233399913401982e-01
8.059095536716159858e-01
1.198328211913816554e+00
7.557575765842846627e-01
-2.249905145808424323e-01
-9.111216696319113240e-01
-9.373096367059511325e-01
-4.659442760882232526e-01
2.331118021304882659e-01
7.967167625700523059e-01
1.011374770211916907e+00
9.559521367969485706e-01
8.799987837851117600e-01
7.273917277511385837e-01
1.839264598759152991e-01
-3.104802754044426183e-01
-1.596153955584633521e-01
4.315533146260632780e-01
8.191723735738294376e-01
8.859169543786885592e-01
1.249093114738186294e+00
1.906715723147873742e+00
2.047719546688984149e+00
1.557427973425947965e+00
9.779674926790582479e-01
4.927717253803922670e-01
-4.758944096549229397e-02
-5.058529462749238315e-01
-5.025038361752826033e-01
-1.015644057901619740e-01
3.713575436522039142e-01
6.517740185075266979e-01
7.193480915271093235e-01
9.300934413711778870e-01
1.065687607545827698e+00
4.346476308084561424e-01
-4.919850444951527901e-01
-8.051320719606125387e-01
-7.494130161803057577e-01
-9.681837768824250734e-01
-1.329718010237795678e+00
-1.122063373166642508e+00
-2.018090403667866517e-01
5.793218536284462372e-01
6.178203536250095329e-01
2.944710704200502738e-01
1.192171642302766038e-01
1.125453752459002060e-01
1.817346024839050223e-01
4.606952358494256772e-01
8.079491088004641108e-01
7.631480986506562481e-01
5.250925330102476085e-01
5.326235510435595177e-01
4.140867298538140062e-01
-1.090039561983301153e-01
-5.624003983804628515e-01
-3.305017861004249102e-01
6.191090749315010244e-01
1.317114156527347202e+00
8.832259048365130871e-01
-2.179428091554576896e-01
-1.006906367592539597e+00
-1.227152770039244167e+00
-1.118080136784520562e+00
-7.680272761806908877e-01
-5.990238240411046265e-04
1.051205202772071967e+00
1.764830767818195589e+00
1.633473367081299088e+00
6.911982421297896417e-01
-5.017927275817186672e-01
-1.261811281126004936e+00
-1.284119940380322955e+00
-1.043981412095820405e+00
-1.038691122524741717e+00
-1.079264214256096865e+00
-9.413761200321575373e-01
-8.876031731089921717e-01
-8.724985249443969471e-01
-5.340040962196270780e-01
-3.348079854847578751e-01
-8.367412847662418773e-01
-1.600327224063453624e+00
-1.781151193415604350e+00
-1.082478375847700347e+00
-7.940727526195766328e-02
6.276873687479888053e-01
7.963451693447084478e-01
1.523270095079393704e-01
-8.508446442974400004e-01
-9.520659667346361710e-01
1.507472298411925149e-01
1.172576592154615627e+00
1.348688247596852019e+00
1.254902818405981169e+00
1.096627861012849925e+00
3.134326731138232236e-01
-9.084146890264143126e-01
-1.301800904145229421e+00
-4.641883828566295556e-01
4.704393890649333221e-01
8.145862515131419013e-01
6.606424013234259984e-01
1.033432769024723807e+00
1.841390721095579774e+00
1.952257967764456037e+00
1.552316429707476964e+00
1.316407380736075217e+00
1.379863498968430857e+00
1.280827636774264811e+00
8.906029880734855908e-01
7.428065222966591108e-01
1.142183509726138135e+00
1.315788996207358563e+00
5.423894559334357934e-01
-6.200087355600930605e-01
-1.326078414212665812e+00
-1.699897577774851065e+00
-1.961506097448234565e+00
-1.771154843866073580e+00
-1.124524425732124966e+00
-3.690313645075924409e-01
2.519801666300057197e-01
3.897463204645880697e-01
-4.537308515250568219e-02
-5.065212502288930496e-01
-6.915765031479998992e-01
-1.036676333964871244e+00
-1.527489715940428816e+00
-1.529856188887496637e+00
-9.644704111398147983e-01
-3.697529669762629201e-01
-2.162338561485993849e-01
-3.777680483596582151e-01
-5.627966701352266066e-01
-7.993366957553230678e-01
-1.030314085278685843e+00
-1.064950936725113539e+00
-8.827825979124220845e-01
-7.482132385052893131e-01
-6.497362859881365971e-01
-3.119980672619447892e-01
-2.390261645282256431e-01
-7.334535000409524441e-01
-9.786295328414890138e-01
-5.084030807948727304e-01
-4.102806601815203735e-02
-1.538301637805220279e-01
-3.161666537934969545e-01
5.451610042026661801e-02
7.446418126712632812e-01
1.254998367218924660e+00
1.402037238456533386e+00
1.328292029166352251e+00
1.045323029239351165e+00
5.720169998610037387e-01
2.470093104726880928e-01
2.972306301864975353e-01
4.814006722283219464e-01
3.840351479673909663e-01
3.500466977271887020e-02
-2.583687526509545473e-01
-1.695125142732887835e-01
4.180687966504777475e-01
9.025426662484727913e-01
8.012954929178156549e-01
5.092012618875672025e-01
2.946038162655024717e-01
4.918571990232137314e-02
8.125475088122770251e-02
8.562822732507257006e-01
1.981905532510812362e+00
2.210686339045559556e+00
1.125733197987048628e+00
-8.809674330531416797e-02
-3.845583936782645540e-01
3.488838583563699802e-02
4.499250052646660003e-01
5.265811444164605337e-01
3.957635529702714927e-01
2.947498297946692380e-01
4.580463417032313855e-01
7.182179532630972307e-01
7.324697366108334773e-01
7.439137858536741810e-01
1.052389107271738844e+00
1.419261856704695957e+00
1.577266392806426776e+00
1.517273668964897126e+00
1.252046109129328233e+00
1.098067028862339756e+00
1.172067661258679117e+00
6.221813593772841378e-01
-8.783085189868664600e-01
-2.220508285784606795e+00
-2.405029524828360188e+00
-1.696909978449803624e+00
-9.175028126919482219e-01
-5.010235708000393418e-01
-4.306738306270388450e-01
-4.322275261932720380e-01
-7.102642219961678716e-02
8.023133385597233103e-01
1.581606172080335604e+00
1.778095856612463166e+00
1.552157208260851906e+00
1.083336194762579252e+00
5.093268821591254714e-01
9.326261111728319231e-02
-1.059962991352588618e-01
-1.711896871685710531e-01
1.225183693181428612e-01
8.232192894089949142e-01
1.353445875548286104e+00
1.235459657285359336e+00
6.447069032970814684e-01
1.895654195673264208e-01
3.556915172062616870e-01
9.469120263555548256e-01
1.348322746192073929e+00
9.215263651179815829e-01
-3.046077185809297205e-01
-1.284288680389902071e+00
-1.445385541303829235e+00
-1.207976803364001928e+00
-1.000240320790313886e+00
-1.161600035575516277e+00
-1.532946667231345872e+00
-1.444718436149956986e+00
-8.352773280299097269e-01
-1.688230105699654870e-01
3.353985288749081750e-01
4.134205016754657902e-01
-2.964318350501702337e-01
-1.342723722702734657e+00
-2.089983085478770430e+00
-2.522434020712134295e+00
-2.515054073854174455e+00
-1.908995786756201518e+00
-1.005902004343398604e+00
-8.885152956881660347e-02
4.233207033756355986e-01
3.576953785355637683e-01
3.824689701556896471e-01
9.175376559821087907e-01
1.424173646879315358e+00
1.118694055371786122e+00
2.127669350731427600e-01
-3.194224991475967945e-01
-3.678492622967929337e-01
-5.698921289610664465e-01
-9.174382055463969898e-01
-7.615493792971115283e-01
-3.953285391112447422e-02
4.174017459733291857e-01
4.361671714573715497e-01
4.736873969630054360e-01
1.059053100714006657e-01
-7.981387630743833617e-01
-1.385953799888739235e+00
-1.451319032597354397e+00
-1.151720418061609186e+00
-1.185921812543345027e-01
1.218838067159965233e+00
1.519542973351955650e+00
3.241646578488709407e-01
-1.260652574390530356e+00
-1.891215961865928330e+00
-1.625412215974027630e+00
-1.252893714345116649e+00
-9.287160245472223519e-01
-5.169796728675445374e-01
-3.303466664842914513e-01
-4.562088582745232324e-01
-4.608753846563050649e-01
-3.065812735458051455e-02
6.776970452252981669e-01
9.534429536620945278e-01
4.960889784953507187e-01
-1.393699330196835895e-01
-5.168589023728455967e-01
-7.610362962864224423e-01
-9.982991647204326746e-01
-1.097022142093704300e+00
-1.031367959839608828e+00
-8.516510210942658254e-01
-6.087018626189062420e-01
-3.785250720380091694e-01
-3.200131551121965234e-01
-5.456097124014992472e-01
-7.578068520276260989e-01
-4.354364960864048339e-01
3.856567386303138556e-01
8.846118268036435861e-01
9.211341234460962424e-01
1.132871432571301629e+00
1.244870922222826248e+00
8.883456287740087998e-01
7.105460742980036493e-01
9.112195307003746469e-01
9.175393504806400591e-01
5.934934747711441139e-01
2.082879637620004276e-01
8.203254747660982948e-01
1.587695947961511589e+00
2.077126601988251942e+00
1.762137682793285531e+00
7.426197724690581925e-01
-3.947434913781056598e-01
-1.404052270931586133e+00
-1.978665917459312640e+00
-1.912274801326375062e+00
-1.624709364252977961e+00
-1.338063379719250934e+00
-6.833079825714603039e-01
2.046257057867439944e-01
4.629877113072276562e-01
-2.376791204772253918e-01
-1.109045014849170174e+00
-1.287167734565442645e+00
-8.542090617436672861e-01
-2.428629005871623947e-01
2.791632450231502638e-01
4.259222231379222734e-01
2.685720097692991248e-01
2.488268745830706299e-02
-3.653209151711729330e-01
-7.491747084638670229e-01
-5.618387450923642001e-01
3.437653473394398085e-01
1.086689933681705078e+00
9.178600772343831204e-01
5.369095497345995893e-01
9.614311694613809633e-01
1.834530193393919761e+00
2.249682873595554966e+00
2.353616303404176158e+00
2.448350835520366697e+00
2.009017664920832669e+00
7.066726716944171649e-01
-6.002695717015956722e-01
-9.665473342615685803e-01
-4.978243132447864316e-01
1.844825273588450165e-01
5.847118719878428017e-01
6.789024712178686194e-01
6.694748752829539074e-01
5.784177092991342750e-01
2.561201868342383170e-01
-4.382100082039011579e-01
-1.102835991900078083e+00
-1.228675702279660387e+00
-8.850567703729995683e-01
-3.886553220452044766e-01
-1.046902662113893684e-01
-4.390065381167684855e-01
-1.304150030909578817e+00
-1.952287790368737008e+00
-1.935861640657077665e+00
-1.436538666979401579e+00
-6.867637734158745788e-01
2.278996716925332233e-01
1.033339948726162527e+00
1.367591238650827101e+00
1.187749529884592592e+00
6.653803757965673915e-01
9.187315004013897612e-02
-1.830479626088803713e-01
1.737848234746975935e-03
6.751153636619854348e-01
1.575773072722767010e+00
2.028162219955576884e+00
1.712091903659242575e+00
8.717927340374831413e-01
3.556284145843646716e-02
-3.779921955682695178e-01
-3.777864123037334987e-01
3.675599674007799800e-02
5.372137585892781120e-01
3.701785085031620848e-01
-2.656888390079537587e-01
-4.924627471751866215e-01
-1.384254820813141940e-01
5.773861087654810209e-01
1.355499899654236895e+00
1.340419552803562731e+00
2.504892764397720906e-01
-7.579987824121128259e-01
-9.295785667992197965e-01
-7.569956347420839782e-01
-6.265890587079301355e-01
-6.273287928690733928e-01
-7.396669577101323556e-01
-5.594522301439891487e-01
2.231393913056153588e-01
1.079156343476444624e+00
1.334714866477257678e+00
1.244494404727821912e+00
1.219731981768399587e+00
8.577846140875040604e-01
-1.295463812440145746e-01
-1.170652998615169471e+00
-1.611633494554653767e+00
-1.401219283812812577e+00
-8.512789110401253190e-01
-5.913083817517488239e-01
-1.169479637242045289e+00
-2.087030789331095537e+00
-2.421914393982302460e+00
-1.937065038458520849e+00
-1.151142799500541658e+00
-8.738554690880533382e-01
-1.304287689064181910e+00
-1.688516268756402150e+00
-1.565645699959831161e+00
-1.263529190453909212e+00
-8.650103113820996059e-01
-1.540835579207119055e-01
5.469121861320483946e-01
6.904783954706430471e-01
6.162250365689964093e-01
6.998392674169375827e-01
3.620399545243759287e-01
-4.872499680556481305e-01
-1.303191512612390301e+00
-1.886074711608305643e+00
-2.134335021030769663e+00
-1.851863908833159877e+00
-8.836851150219008355e-01
3.249989198030982518e-01
9.402285508344876419e-01
8.936999388137534250e-01
1.015702930550278715e+00
1.603224037171374183e+00
1.860724717142260065e+00
1.488786913427434744e+00
9.183287851113609568e-01
4.873040078705994649e-01
5.035861347182181147e-01
6.960630078995325709e-01
3.305241282102300837e-01
-3.575442750222749266e-01
-5.566837794568254560e-01
-1.931144082616683411e-01
8.813505403557653217e-02
-2.130494617839472915e-01
-5.463430692166995062e-01
-8.073792627853809689e-02
9.014497432443807634e-01
1.416026414997758165e+00
9.940719432465330296e-01
9.873631318890005448e-02
-3.695565158872972655e-01
-2.045998495581990984e-01
1.228889088250684491e-01
5.855285827222143080e-01
1.213337973470822062e+00
1.676652156943331473e+00
1.727072432635001320e+00
1.371816822099068078e+00
9.059288088269324968e-01
6.129775482232526773e-01
5.981416093144382717e-01
7.630028352254151214e-01
7.375780180524256213e-01
5.216286284048212707e-01
5.786980537684138781e-01
6.951748361084196803e-01
1.667714323330993509e-01
-7.096329507039845774e-01
-1.017609000765179461e+00
-8.977081693603293777e-01
-7.991494767897954210e-01
-5.823685906991409311e-01
-4.534627033892191239e-01
-5.488916885435443094e-01
-5.506701267791114240e-01
-6.182534193550464074e-01
-8.643993171978784362e-01
-7.970974867966623689e-01
-3.559285627292643195e-01
2.464884731852602998e-02
6.360733362125292611e-02
-1.520050073883555675e-01
-2.703690167319366400e-01
-2.597896756947326580e-01
-3.387291562568194858e-01
-4.271810213333722683e-01
-2.981909650893888597e-01
3.708535990070794403e-02
4.788516770610363182e-01
8.622326281603807097e-01
7.018545168492789088e-01
-3.291689022586914010e-02
-3.546517622848207596e-01
-3.542334089772115197e-02
-1.123291490661450370e-01
-7.549470795917991861e-01
-9.393709160101665345e-01
-2.741099020679948484e-01
3.206610094966918512e-01
1.856256264951436363e-01
-9.266396659494234578e-02
