1.033432769024723807e+00
1.841390721095579774e+00
1.952257967764456037e+00
1.552316429707476964e+00
1.316407380736075217e+00
1.379863498968430857e+00
1.280827636774264811e+00
8.906029880734855908e-01
7.428065222966591108e-01
1.142183509726138135e+00
1.315788996207358563e+00
5.423894559334357934e-01
-6.200087355600930605e-01
-1.326078414212665812e+00
-1.699897577774851065e+00
-1.961506097448234565e+00
-1.771154843866073580e+00
-1.124524425732124966e+00
-3.690313645075924409e-01
2.519801666300057197e-01
3.897463204645880697e-01
-4.537308515250568219e-02
-5.065212502288930496e-01
-6.915765031479998992e-01
-1.036676333964871244e+00
-1.527489715940428816e+00
-1.529856188887496637e+00
-9.644704111398147983e-01
-3.697529669762629201e-01
-2.162338561485993849e-01
-3.777680483596582151e-01
-5.627966701352266066e-01
-7.993366957553230678e-01
-1.030314085278685843e+00
-1.064950936725113539e+00
-8.827825979124220845e-01
-7.482132385052893131e-01
-6.497362859881365971e-01
-3.119980672619447892e-01
-2.390261645282256431e-01
-7.334535000409524441e-01
-9.786295328414890138e-01
-5.084030807948727304e-01
-4.102806601815203735e-02
-1.538301637805220279e-01
-3.161666537934969545e-01
5.451610042026661801e-02
7.446418126712632812e-01
1.254998367218924660e+00
1.402037238456533386e+00
1.328292029166352251e+00
1.045323029239351165e+00
5.720169998610037387e-01
2.470093104726880928e-01
2.972306301864975353e-01
4.814006722283219464e-01
3.840351479673909663e-01
3.500466977271887020e-02
-2.583687526509545473e-01
-1.695125142732887835e-01
4.180687966504777475e-01
9.025426662484727913e-01
8.012954929178156549e-01
5.092012618875672025e-01
2.946038162655024717e-01
4.918571990232137314e-02
8.125475088122770251e-02
8.562822732507257006e-01
1.981905532510812362e+00
2.210686339045559556e+00
1.125733197987048628e+00
-8.809674330531416797e-02
-3.845583936782645540e-01
3.488838583563699802e-02
4.499250052646660003e-01
5.265811444164605337e-01
3.957635529702714927e-01
2.947498297946692380e-01
4.580463417032313855e-01
7.182179532630972307e-01
7.324697366108334773e-01
7.439137858536741810e-01
1.052389107271738844e+00
1.419261856704695957e+00
1.577266392806426776e+00
1.517273668964897126e+00
1.252046109129328233e+00
1.098067028862339756e+00
1.172067661258679117e+00
6.221813593772841378e-01
-8.783085189868664600e-01
-2.220508285784606795e+00
-2.405029524828360188e+00
-1.696909978449803624e+00
-9.175028126919482219e-01
-5.010235708000393418e-01
-4.306738306270388450e-01
-4.322275261932720380e-01
-7.102642219961678716e-02
8.023133385597233103e-01
1.581606172080335604e+00
1.778095856612463166e+00
1.552157208260851906e+00
1.083336194762579252e+00
5.093268821591254714e-01
9.326261111728319231e-02
-1.059962991352588618e-01
-1.711896871685710531e-01
1.225183693181428612e-01
8.232192894089949142e-01
1.353445875548286104e+00
1.235459657285359336e+00
6.447069032970814684e-01
1.895654195673264208e-01
3.556915172062616870e-01
9.469120263555548256e-01
1.348322746192073929e+00
9.215263651179815829e-01
-3.046077185809297205e-01
-1.284288680389902071e+00
-1.445385541303829235e+00
-1.207976803364001928e+00
-1.000240320790313886e+00
-1.161600035575516277e+00
-1.532946667231345872e+00
-1.444718436149956986e+00
-8.352773280299097269e-01
-1.688230105699654870e-01
3.353985288749081750e-01
4.134205016754657902e-01
-2.964318350501702337e-01
-1.342723722702734657e+00
-2.089983085478770430e+00
-2.522434020712134295e+00
-2.515054073854174455e+00
-1.908995786756201518e+00
-1.005902004343398604e+00
-8.885152956881660347e-02
4.233207033756355986e-01
3.576953785355637683e-01
3.824689701556896471e-01
9.175376559821087907e-01
1.424173646879315358e+00
1.118694055371786122e+00
2.127669350731427600e-01
-3.194224991475967945e-01
-3.678492622967929337e-01
-5.698921289610664465e-01
-9.174382055463969898e-01
-7.615493792971115283e-01
-3.953285391112447422e-02
4.174017459733291857e-01
4.361671714573715497e-01
4.736873969630054360e-01
1.059053100714006657e-01
-7.981387630743833617e-01
-1.385953799888739235e+00
-1.451319032597354397e+00
-1.151720418061609186e+00
-1.185921812543345027e-01
1.218838067159965233e+00
1.519542973351955650e+00
3.241646578488709407e-01
-1.260652574390530356e+00
-1.891215961865928330e+00
-1.625412215974027630e+00
-1.252893714345116649e+00
-9.287160245472223519e-01
-5.169796728675445374e-01
-3.303466664842914513e-01
-4.562088582745232324e-01
-4.608753846563050649e-01
-3.065812735458051455e-02
6.776970452252981669e-01
9.534429536620945278e-01
4.960889784953507187e-01
-1.393699330196835895e-01
-5.168589023728455967e-01
-7.610362962864224423e-01
-9.982991647204326746e-01
-1.097022142093704300e+00
-1.031367959839608828e+00
-8.516510210942658254e-01
-6.087018626189062420e-01
-3.785250720380091694e-01
-3.200131551121965234e-01
-5.456097124014992472e-01
-7.578068520276260989e-01
-4.354364960864048339e-01
3.856567386303138556e-01
8.846118268036435861e-01
9.211341234460962424e-01
1.132871432571301629e+00
1.244870922222826248e+00
8.883456287740087998e-01
7.105460742980036493e-01
9.112195307003746469e-01
9.175393504806400591e-01
5.934934747711441139e-01
2.082879637620004276e-01
8.203254747660982948e-01
1.587695947961511589e+00
2.077126601988251942e+00
1.762137682793285531e+00
7.426197724690581925e-01
-3.947434913781056598e-01
-1.404052270931586133e+00
-1.978665917459312640e+00
-1.912274801326375062e+00
-1.624709364252977961e+00
-1.338063379719250934e+00
-6.833079825714603039e-01
2.046257057867439944e-01
4.629877113072276562e-01
-2.376791204772253918e-01
-1.109045014849170174e+00
-1.287167734565442645e+00
-8.542090617436672861e-01
-2.428629005871623947e-01
2.791632450231502638e-01
4.259222231379222734e-01
2.685720097692991248e-01
2.488268745830706299e-02
-3.653209151711729330e-01
-7.491747084638670229e-01
-5.618387450923642001e-01
3.437653473394398085e-01
1.086689933681705078e+00
9.178600772343831204e-01
5.369095497345995893e-01
9.614311694613809633e-01
1.834530193393919761e+00
2.249682873595554966e+00
2.353616303404176158e+00
2.448350835520366697e+00
2.009017664920832669e+00
7.066726716944171649e-01
-6.002695717015956722e-01
-9.665473342615685803e-01
-4.978243132447864316e-01
1.844825273588450165e-01
5.847118719878428017e-01
6.789024712178686194e-01
6.694748752829539074e-01
5.784177092991342750e-01
2.561201868342383170e-01
-4.382100082039011579e-01
-1.102835991900078083e+00
-1.228675702279660387e+00
-8.850567703729995683e-01
-3.886553220452044766e-01
-1.046902662113893684e-01
-4.390065381167684855e-01
-1.304150030909578817e+00
-1.952287790368737008e+00
-1.935861640657077665e+00
-1.436538666979401579e+00
-6.867637734158745788e-01
2.278996716925332233e-01
1.033339948726162527e+00
1.367591238650827101e+00
1.187749529884592592e+00
6.653803757965673915e-01
9.187315004013897612e-02
-1.830479626088803713e-01
1.737848234746975935e-03
6.751153636619854348e-01
1.575773072722767010e+00
2.028162219955576884e+00
1.712091903659242575e+00
8.717927340374831413e-01
3.556284145843646716e-02
-3.779921955682695178e-01
-3.777864123037334987e-01
3.675599674007799800e-02
5.372137585892781120e-01
3.701785085031620848e-01
-2.656888390079537587e-01
-4.924627471751866215e-01
-1.384254820813141940e-01
5.773861087654810209e-01
1.355499899654236895e+00
1.340419552803562731e+00
2.504892764397720906e-01
-7.579987824121128259e-01
-9.295785667992197965e-01
-7.569956347420839782e-01
-6.265890587079301355e-01
-6.273287928690733928e-01
-7.396669577101323556e-01
-5.594522301439891487e-01
2.231393913056153588e-01
1.079156343476444624e+00
1.334714866477257678e+00
1.244494404727821912e+00
1.219731981768399587e+00
8.577846140875040604e-01
-1.295463812440145746e-01
-1.170652998615169471e+00
-1.611633494554653767e+00
-1.401219283812812577e+00
-8.512789110401253190e-01
-5.913083817517488239e-01
-1.169479637242045289e+00
-2.087030789331095537e+00
-2.421914393982302460e+00
-1.937065038458520849e+00
-1.151142799500541658e+00
-8.738554690880533382e-01
-1.304287689064181910e+00
-1.688516268756402150e+00
-1.565645699959831161e+00
-1.263529190453909212e+00
-8.650103113820996059e-01
-1.540835579207119055e-01
5.469121861320483946e-01
6.904783954706430471e-01
6.162250365689964093e-01
6.998392674169375827e-01
3.620399545243759287e-01
-4.872499680556481305e-01
-1.303191512612390301e+00
-1.886074711608305643e+00
-2.134335021030769663e+00
-1.851863908833159877e+00
-8.836851150219008355e-01
3.249989198030982518e-01
9.402285508344876419e-01
8.936999388137534250e-01
1.015702930550278715e+00
1.603224037171374183e+00
1.860724717142260065e+00
1.488786913427434744e+00
9.183287851113609568e-01
4.873040078705994649e-01
5.035861347182181147e-01
6.960630078995325709e-01
3.305241282102300837e-01
-3.575442750222749266e-01
-5.566837794568254560e-01
-1.931144082616683411e-01
8.813505403557653217e-02
-2.130494617839472915e-01
-5.463430692166995062e-01
-8.073792627853809689e-02
9.014497432443807634e-01
1.416026414997758165e+00
9.940719432465330296e-01
9.873631318890005448e-02
-3.695565158872972655e-01
-2.045998495581990984e-01
1.228889088250684491e-01
5.855285827222143080e-01
1.213337973470822062e+00
1.676652156943331473e+00
1.727072432635001320e+00
1.371816822099068078e+00
9.059288088269324968e-01
6.129775482232526773e-01
5.981416093144382717e-01
7.630028352254151214e-01
7.375780180524256213e-01
5.216286284048212707e-01
5.786980537684138781e-01
6.951748361084196803e-01
1.667714323330993509e-01
-7.096329507039845774e-01
-1.017609000765179461e+00
-8.977081693603293777e-01
-7.991494767897954210e-01
-5.823685906991409311e-01
-4.534627033892191239e-01
-5.488916885435443094e-01
-5.506701267791114240e-01
-6.182534193550464074e-01
-8.643993171978784362e-01
-7.970974867966623689e-01
-3.559285627292643195e-01
2.464884731852602998e-02
6.360733362125292611e-02
-1.520050073883555675e-01
-2.703690167319366400e-01
-2.597896756947326580e-01
-3.387291562568194858e-01
-4.271810213333722683e-01
-2.981909650893888597e-01
3.708535990070794403e-02
4.788516770610363182e-01
8.622326281603807097e-01
7.018545168492789088e-01
-3.291689022586914010e-02
-3.546517622848207596e-01
-3.542334089772115197e-02
-1.123291490661450370e-01
-7.549470795917991861e-01
-9.393709160101665345e-01
-2.741099020679948484e-01
3.206610094966918512e-01
1.856256264951436363e-01
-9.266396659494234578e-02
1.868528233792130511e-01
8.576228200098122423e-02
-5.229945787159382409e-01
-1.319426744098481930e+00
-1.489406285300708843e+00
-1.194117100102440210e+00
-9.812999116552550971e-01
-9.102581248351251375e-01
-1.204436104825408638e+00
-1.612336792406619201e+00
-1.529344907987210345e+00
-1.239541634519193414e+00
-1.385026591265358098e+00
-1.612880546276685534e+00
-1.197366632540612708e+00
-3.600146069908123359e-01
1.529083211321902169e-01
-6.017005469087827879e-02
-6.675054283365283725e-01
-8.093269830059086622e-01
-5.170827178657366741e-01
-6.545231091570713478e-01
-1.020308100336563939e+00
-7.962572134953902481e-01
-1.469302902314585380e-01
1.825042151137434288e-01
1.875514820803161342e-01
2.375814407768064296e-01
3.880414821283997284e-01
6.832771175550707010e-01
1.041124639721001888e+00
1.341032461008378807e+00
1.561350259067820767e+00
1.754581480934704674e+00
2.009596052263951549e+00
1.924504506543743387e+00
1.008872340859779060e+00
-2.563912313200815141e-01
-8.628182676164015685e-01
-4.829053662639614108e-01
4.003976189860522505e-01
1.000589434697033875e+00
9.541813993994804344e-01
7.092287857110083360e-01
3.952026514964512294e-01
-4.253214383275325527e-01
-1.465091050598044342e+00
-1.896728574337968709e+00
-1.603525296023145641e+00
-1.135197999166385197e+00
-5.659346542607566199e-01
7.258376297703028612e-02
1.938979643307361389e-01
-1.856499536692237662e-01
-6.559184815809174784e-01
-1.127466001297746878e+00
-1.375017703373277111e+00
-9.822968610947825363e-01
-9.610739627483623482e-02
4.777277880304372504e-01
2.640374174833222121e-01
-2.888570506986657405e-01
-4.515478644811814490e-01
-9.280784131177341467e-02
3.459495472110780678e-01
5.185183380652421681e-01
5.750116867368544327e-01
9.216829377717865590e-01
1.482736509749897902e+00
1.286904682957844548e+00
-4.655350963173530976e-02
-1.385594690369498672e+00
-1.671814613797333982e+00
-1.250174910407698237e+00
-1.020868332969460335e+00
-1.197409588035532213e+00
-1.249905670793149293e+00
-8.428450435100479643e-01
-4.904415003793651806e-01
-3.483163528486669103e-01
1.729409261673187648e-01
1.006100569541939382e+00
1.349388908686328437e+00
9.682497099069391489e-01
3.866300047616091362e-01
3.766467163897742332e-02
1.828819802222303170e-01
8.020408127016231958e-01
1.456629740016603725e+00
1.706274950090655329e+00
1.459294504621658328e+00
8.806653002434868815e-01
-1.067994936493366354e-01
-8.882422056048057124e-01
-2.968715898015052423e-01
1.053918307224837925e+00
1.515967709799665331e+00
1.257254849209987091e+00
1.585820442398023333e+00
2.330382060398527688e+00
2.270902502120521138e+00
1.384678207418801543e+00
6.284476710779385300e-01
4.007976120675350584e-01
2.040335919591766967e-01
-4.678945910113073703e-01
-1.149405731909279416e+00
-1.297558326360017000e+00
-1.110588899058422285e+00
-8.470889165348109984e-01
-6.156246783254037958e-01
-6.998575360783509947e-01
-1.125024369357247256e+00
-1.327038502443259604e+00
-8.922913595653294561e-01
-1.670303520310462420e-01
3.514062031083542426e-01
5.218782902045306926e-01
3.949714771933426349e-01
2.597972123847334669e-01
2.488975934335894424e-01
4.126710728324187866e-02
-1.852071989164195687e-01
4.989355148182385291e-02
5.989117674477235642e-01
1.094508152442288829e+00
1.345910720616416700e+00
1.376917888322384709e+00
1.423087972507705912e+00
1.325140633756749509e+00
8.071921449193545373e-01
1.634360901479710304e-01
-4.298249285625656002e-01
-1.080255903472199464e+00
-1.651630401284303495e+00
-1.968795366858177909e+00
-1.762868531304740083e+00
-8.708757278324815720e-01
3.589502483186358117e-01
1.522049443916576150e+00
2.208491347843717367e+00
2.087974713943486105e+00
1.481147967034119883e+00
9.377497596928068280e-01
5.027419401815387268e-01
1.950227362027568551e-02
-4.128854239336093856e-01
-6.353191940852552788e-01
-4.093094305353753293e-01
3.982072533561312744e-01
9.598638850530752942e-01
7.394738934371982708e-01
5.236248316434184424e-01
3.310473059784286298e-01
-3.390613137065946470e-01
-8.821377093126782087e-01
-6.428047127688011342e-01
1.010263253548956686e-01
7.292833951884322152e-01
8.992984321543818771e-01
7.102501682674597916e-01
4.250012648780250868e-01
2.226596172139954088e-01
1.907421280450261325e-01
2.540274019889378621e-01
3.831698607404839252e-01
5.280897465793024104e-01
4.936991071003851705e-01
4.748561743768929810e-01
9.845882416669654580e-01
1.746222959906552852e+00
1.968688674155331997e+00
1.246070854128456862e+00
-3.189746018735075683e-01
-1.640826779805083291e+00
-1.677285079139986257e+00
-1.115494034463230255e+00
-1.041103516556182385e+00
-1.448003248595050030e+00
-1.757327592837691022e+00
-1.338459070684906882e+00
-5.579879777672331898e-01
-4.187202132178607372e-01
-7.800223924118628860e-01
-7.007223375375082330e-01
1.892899963166842503e-01
1.256716801735261013e+00
1.456156574726841679e+00
6.511744972140881549e-01
-2.511753553083234114e-01
-4.318934775478402988e-01
-2.565645604705071511e-02
2.436942052359735156e-01
2.188500090272283150e-01
2.196110192755697799e-01
1.392416599545768241e-01
-3.797033437064533112e-01
-1.005998167122658549e+00
-9.711723556626895570e-01
-3.847271492791127234e-01
7.133320012648456387e-01
1.262069985103348113e+00
1.072639566175827674e+00
7.954722264752918381e-02
-6.478137371712839876e-01
-2.441208733970582911e-01
9.536118722798253566e-02
-6.838085858645954751e-01
-1.664349456936393246e+00
-2.045036686110349944e+00
-1.712565501758131381e+00
-5.275034209550455433e-01
1.195970209429304321e+00
2.597760869832126396e+00
2.730182030057557885e+00
2.355189311422743792e+00
1.185017891138615997e+00
4.264747606649879619e-01
6.295713900720621981e-01
1.344286862238147418e+00
1.739900448771231734e+00
1.489671971455220900e+00
9.785094897506437794e-01
7.054287171592505956e-01
4.498443248079622703e-01
-1.518335449674661775e-01
-7.461302339509796600e-01
-7.855921746356421265e-01
-4.956606350596306498e-01
-5.948381042112078632e-01
-7.474940651201246178e-01
-1.767299276253683216e-01
5.427688053291309656e-01
5.439260654892001945e-01
1.976882274907673098e-01
2.818535022086952058e-01
7.659262434213160997e-01
1.231676169526510822e+00
1.420583887468158668e+00
1.241485022883489053e+00
7.526901677117063816e-01
8.493988440640797000e-02
-5.667479039977439959e-01
-8.697452149909363772e-01
-6.940520728704628883e-01
-2.873672706984002345e-01
1.112066722331595536e-01
2.706280851407653620e-01
1.201213404334195989e-01
1.536295437105098804e-01
5.838678658867221261e-01
6.673989652453578003e-01
-3.148958591338858054e-02
-7.272913188816986230e-01
-1.031917430885642029e+00
-1.228099320400054539e+00
-6.868864736434356910e-01
7.094542809445626430e-01
1.616353330134319144e+00
1.461965073371481516e+00
9.355580298558916486e-01
6.264112157772937506e-01
4.584228586927068805e-01
-9.672597548125622113e-02
-1.182312682505915813e+00
-1.973473422604950622e+00
-1.859420049684476606e+00
-1.166256120896452586e+00
-2.284955878647813854e-01
7.009491915243903915e-01
1.453348618270143389e+00
2.001578008797796571e+00
2.142380113702197608e+00
1.827459989257734563e+00
1.360768264263001903e+00
1.160017019270194405e+00
1.566728984027465410e+00
2.082001689832620350e+00
1.698223642059056182e+00
5.445133793744052486e-01
-4.239910852977559208e-01
-8.365164101355321291e-01
-8.105704621901174134e-01
-3.971924687993024228e-01
1.105814469013437634e-01
3.810474912197209241e-01
4.901049734162171156e-01
3.176062390590013718e-01
-3.521407353943343255e-01
-1.134219290956504311e+00
-1.474040606298182121e+00
-1.426364483361513669e+00
-1.397663636721247160e+00
-1.450493294853496984e+00
-1.344930495519230051e+00
-1.083781835871070909e+00
-8.034436673594445022e-01
-4.012388790319261767e-01
1.813398859497439841e-01
8.943106738097252872e-01
1.479086658630193174e+00
1.461353795089630925e+00
1.093487229802309502e+00
1.032124615631279108e+00
1.345663315471711918e+00
1.441424719643830787e+00
6.130205346964291424e-01
-6.960124862602542484e-01
-1.165707307575726936e+00
-7.398759596448656328e-01
-2.198767369755228740e-01
1.845324735492723522e-01
3.138205354845559070e-01
-8.844308143319792176e-03
-2.952061443463845913e-01
3.238176701715846095e-02
6.054892772202514761e-01
6.139605839826001166e-01
1.161688751607430209e-01
-8.638459277782294110e-02
-1.888155583992529724e-02
-3.856507580490462495e-01
-1.016717001836845435e+00
-1.308556608125427179e+00
-1.238349719455539732e+00
-1.012551688498143143e+00
-6.048520424701480103e-01
-1.723139849369916821e-01
-1.561342492989783171e-01
-6.071399385410718441e-01
-1.019170211238404455e+00
-9.274343323246502235e-01
-3.170065399609269252e-01
5.511169306493822750e-01
1.010335617182359647e+00
5.176432351178583691e-01
-3.695810141455915243e-01
-9.637098247297364306e-01
-1.253333712841907088e+00
-1.241605908532357638e+00
-8.437940978457346697e-01
-4.682219800412293909e-01
-8.250179580760236275e-01
-1.509981148323318534e+00
-1.426443945043217809e+00
-9.023935103179954176e-01
-7.461102311492676664e-01
-8.256228483026868403e-01
-7.260782789548515526e-01
-1.837096983777015621e-02
1.295651404008944185e+00
2.233220059059909168e+00
1.933802125826243223e+00
8.406219858840029424e-01
2.454560172212119640e-01
4.633613401701054957e-01
6.076694053763438408e-01
3.600157648601947646e-01
1.522737914773381884e-01
2.584050939256081758e-01
7.407186581142198856e-01
1.269190445367445852e+00
9.638334237947784322e-01
-1.114501470666871552e-01
-7.776006346647097445e-01
-5.379103929167344811e-01
-3.106623339473073980e-02
2.460301350879003923e-01
4.578086895121931121e-01
5.301220752008080073e-01
2.106545941371790187e-01
-2.859754016928808817e-01
-7.622012227751736591e-01
-1.216225573300106610e+00
-1.388467314875494685e+00
-1.150486877789450579e+00
-9.966440647490165672e-01
-1.280423165421324283e+00
-1.619918285430861804e+00
-1.588335639676863531e+00
-1.040406559602009118e+00
-2.101241187231445984e-01
2.950573671273594711e-01
2.579554755491867413e-01
1.015376813352917990e-01
-2.772785008463979906e-01
-1.023135409888647818e+00
-1.340851973615935666e+00
-9.245065643531997779e-01
-4.201550435345770551e-01
-1.344285639567886215e-01
2.638287173427316668e-01
7.915830796890225285e-01
8.340173601979725682e-01
2.350692412016437416e-01
-5.160287089709677533e-01
-9.798566161468760249e-01
-1.080867711566258604e+00
-1.013325184810748070e+00
-7.268209480291280000e-01
7.847213571692385203e-02
3.488793693145150199e-01
4.353166948084283838e-01
1.050076074128702130e-01
-1.569042149617551341e-01
6.147347888303744678e-02
6.285897977802462622e-01
7.827543001471060080e-01
-3.156990351032429309e-02
-1.127386422490642470e+00
-1.442615900942436191e+00
-9.902249194255081655e-01
-4.170987470871076463e-01
3.713226062563992208e-02
2.378984724202720669e-01
3.442492943008657741e-02
-4.432575206908602183e-01
-1.194761401847102444e+00
-2.354315327563042626e+00
-2.758942545169115412e+00
-2.758942545169115412e+00
-1.934586180247244602e+00
-5.662893514547374663e-01
3.270079505112333251e-01
6.153438119925236371e-01
4.789640744926400018e-01
1.731633667430191037e-01
-1.122832869242146453e-01
-4.658205099227096802e-01
-8.742693170722704021e-01
-9.509814690986219121e-01
-8.160145400036521446e-01
-6.494741585983239140e-01
-6.381386035799599399e-02
6.854463235309639080e-01
6.507877756533476665e-01
1.392163314989275924e-01
2.279198556748068261e-01
6.801996138849327744e-01
7.595929859372403392e-01
4.652522518480125546e-01
2.447124069366997112e-01
5.583134821477975240e-01
1.082148074621294143e+00
1.105697935960373579e+00
8.290626657188153725e-01
5.318631717068461606e-01
1.177928380064501360e-02
-6.146133992617289765e-01
-9.024714319283712038e-01
-6.938590950231801058e-01
-3.442468794308684021e-01
3.860796502833193505e-02
6.388661949737436396e-01
9.813210205371375450e-01
5.820196010821026000e-01
-9.637974740858330086e-03
-1.739410133393938518e-01
-1.315422165577364855e-01
-2.315235072014630024e-01
-4.312648357066287130e-01
-8.227235705860531656e-01
-1.307119527689622140e+00
-1.226075154219816943e+00
-4.784845367383391279e-01
1.100581608741954404e-01
9.809745737192296366e-02
-1.718329989599182983e-01
-3.843642692960009821e-01
-3.028558602921000986e-01
3.414462997072435502e-01
1.185487815407948009e+00
1.302171856593139054e+00
4.097648865988950950e-01
-5.994555137253466670e-01
-7.043773338351531077e-01
2.229871759095285177e-01
1.354442874677084241e+00
1.898086636997641241e+00
1.902081264701875218e+00
1.429295147985781833e+00
2.114237998814852693e-01
-1.400020233455398833e+00
-2.108320640151848835e+00
-1.555580719378485188e+00
-8.857915676684311457e-01
-5.487431883165941882e-01
5.070231905131337632e-03
9.367826650505679531e-01
1.792791627604699789e+00
2.192433354635332066e+00
2.135190550365595019e+00
1.481981578945832601e+00
3.218513502429844464e-01
-4.824062883333275487e-01
-2.950456435376694331e-01
4.708700367175932544e-01
1.104784167288094476e+00
1.129442859536939014e+00
6.163769997635255571e-01
1.686165740196931551e-01
1.463553487247227537e-02
-7.205021635948277714e-02
-1.968844169653761467e-01
-5.818181940370356631e-02
3.747036853622929264e-01
3.056528744899134620e-01
-3.849433512817658221e-01
-7.514941287985780205e-01
-5.091512715833438341e-01
-1.946711262169731615e-01
-1.256678819215860110e-01
-1.301740513006634792e-01
-1.749118014456530479e-01
-4.431854078345042192e-01
-7.336285017844811351e-01
-8.366202572806232807e-01
-7.329298474149491538e-01
-1.424305510215237713e-01
7.786476832215475374e-01
1.137329794594823973e+00
5.669269831748949828e-01
-2.871936047503861889e-01
-6.216881495875529184e-01
-4.770623477837817594e-01
-3.036881147680459136e-01
1.149715410743057803e-01
1.102025036120861001e+00
1.938215066989843471e+00
1.441621766247553449e+00
-7.436125239468102666e-02
-1.099341494073427627e+00
-1.314598580677603268e+00
-1.498948810587747094e+00
-1.855260186391083810e+00
-2.117224548331510192e+00
-2.118159994367343035e+00
-1.784418517588091335e+00
-1.309830099034742679e+00
-7.097757426733920516e-01
6.513978525235432533e-03
2.621713846898318656e-01
2.010187007849764951e-01
5.162118319628045127e-01
8.828741447642860507e-01
6.715382536933718338e-01
3.440392583652744363e-01
8.031104610314254710e-01
1.883238297722618304e+00
2.459874742307895712e+00
2.125889862770599770e+00
1.507300393154148210e+00
1.037924414996997946e+00
6.449703307409022646e-01
-1.258531973939261972e-01
-1.018143170998522029e+00
-9.621626174668113096e-01
5.485638220337187010e-02
9.488367682466706254e-01
9.136943438156097663e-01
9.899336581648948696e-02
-7.267937741757275472e-01
-1.006002107657728128e+00
-7.871609621437190007e-01
-4.058335278719477079e-01
7.127331653241684994e-02
4.071094673469211611e-01
3.550043418715805310e-01
1.721138192250840082e-01
-4.960023623075048710e-02
-4.262749387082729879e-01
-8.152498154908695005e-01
-1.042058057706287233e+00
-1.112358687016058889e+00
-1.271746106074797655e+00
-1.514642696032894476e+00
-1.483287838065696862e+00
-1.118389137547852741e+00
-6.665389959246844631e-01
-3.322269638686985438e-01
-4.474824548567095384e-02
4.862107889254921322e-01
1.193429622880197494e+00
1.566480687162157714e+00
1.368100774442721823e+00
9.403146570308834606e-01
4.435085976168485211e-01
-8.930513401457294831e-02
-4.553920371260847810e-01
-7.883132581906019398e-01
-1.269964535716153309e+00
-1.502571100431298268e+00
-9.195884324253573716e-01
2.233967286479141834e-01
1.216697923702105166e+00
1.837347787176491387e+00
2.192517352877040082e+00
2.155188378646088587e+00
1.726293177833256198e+00
1.036986302037192109e+00
-3.294115667292314975e-01
-5.627590855896346111e-01
-3.838080847864028811e-01
-1.194786108125386603e-01
-3.804532730189792988e-01
-8.643320956593293358e-01
-1.012152618856019481e+00
-9.715901129497255262e-01
-8.262104492546115120e-01
-5.305318258676499088e-01
-2.309406292023120089e-01
-4.104903325566342659e-02
-4.430516331278585955e-03
-1.559395813869073749e-02
3.611520849266307009e-01
1.057739353034162333e+00
1.338335150441671395e+00
1.064897902188485457e+00
5.682219859974360077e-01
9.450357232617265235e-02
-1.519617969374055244e-01
-2.863749465847332809e-01
-4.015488018787180535e-01
-5.004270527703625904e-01
-7.201163409784232527e-01
-7.930589555050380213e-01
-6.749226828898288177e-01
-8.400284618099680412e-01
-1.121460784798063326e+00
-1.056468841501270850e+00
-6.797012200538428139e-01
-2.340679097370763628e-01
8.960817898612433163e-02
4.523811064633335988e-02
-2.682871686236441566e-01
-3.597029606557341497e-01
-3.502236727155348672e-02
2.232104698875312931e-01
4.059548766111005513e-02
-4.450599274884071144e-01
-9.440812838757656200e-01
-1.041622168760654610e+00
-5.735788194476520996e-01
7.138649835994585746e-02
6.627686416618903120e-01
1.110421677802891915e+00
9.914471493747540887e-01
3.404246375248796697e-01
-4.708147398152795482e-02
3.219756772345842843e-02
-2.622385548820336046e-02
-3.657117798186677038e-01
-7.478003778636381771e-01
-1.079582832823293925e+00
-1.369207422737334978e+00
-1.539628164968874779e+00
-1.280056511491471039e+00
-5.632016647868440806e-01
-2.117138603308272859e-01
-7.020697265686098865e-01
-1.148934750692693241e+00
-7.411323201582858955e-01
-4.387610406142912201e-01
-1.344424808983719188e+00
-2.477271495444194116e+00
-2.574245471353017400e+00
-1.678140693463382460e+00
-2.903386772872106336e-01
9.851268561318086148e-01
1.454380295850605354e+00
9.763066250087244491e-01
6.013693596569262556e-02
-7.811576468182601651e-01
-1.205653005955660717e+00
-1.043168793008701467e+00
-2.409028668943619389e-01
8.305677512161270259e-01
1.375927659860147756e+00
1.201810618920434504e+00
9.188412009527227031e-01
1.083504038190542307e+00
1.509970037374600116e+00
1.566899255013398218e+00
1.094083370306488057e+00
5.767299226853127569e-01
7.954209834855446859e-01
1.780317327966870922e+00
2.458661538728508678e+00
2.297013160247013630e+00
1.735184915762041591e+00
1.075403489853258288e+00
3.217961998395029166e-01
-4.563946809631037604e-01
-8.307513108291655346e-01
-4.626725987652063332e-01
-1.947503864737853696e-01
-6.737687628423832953e-01
-8.416263495428822905e-01
-3.277189082969530487e-01
-2.698739635318226915e-01
-1.053373786638903242e+00
-1.809556137037752421e+00
-1.494853985403298724e+00
-7.104507159520040416e-02
1.231221676022814737e+00
1.498482864060338704e+00
1.107384865590919309e+00
6.683716578208994674e-01
2.046097903158753117e-01
-2.817911994468577652e-01
-3.893469210155338645e-01
-2.292328748217751788e-01
2.461596953351703754e-02
6.692880562919624188e-01
1.307312008638467971e+00
1.520789509963135444e+00
1.573765301523115667e+00
1.742386572875145978e+00
1.958507511712257898e+00
1.762808050872464616e+00
8.155769335046523238e-01
-6.287332768214330958e-01
-1.683972651859424241e+00
-1.666970323559773925e+00
-1.062574004135329098e+00
-6.197109082044960360e-01
-7.009428438555365126e-01
-1.220567603278413182e+00
-1.252442758266551381e+00
-2.465111599486003169e-01
1.001392431940642647e+00
1.509557192904997791e+00
1.064853808436632576e+00
2.213170940672124776e-01
-3.891689344261149430e-01
-5.510049313388707404e-01
-2.920674306838601519e-01
3.226497121572300952e-01
1.294722872222515475e+00
1.996286367216599578e+00
1.372387835494425889e+00
-4.412918721471253414e-01
-1.700759223842517764e+00
-1.251373277184557375e+00
-9.289375122568264975e-02
6.333982025732303178e-01
9.049586034195395978e-01
7.726811016731622850e-01
3.764625129330550490e-01
2.501023677935461653e-01
5.727685265326513120e-01
7.440275236822267990e-01
2.723533944703424581e-01
-4.579468266634328377e-01
-9.509719621200578565e-01
-1.336370080070635069e+00
-1.679870735745754295e+00
-1.850605207628584381e+00
-1.985093822536004415e+00
-2.092101060667517221e+00
-1.787120155218146822e+00
-8.910470051386654156e-01
-4.047484964110113076e-02
1.198084896337851257e-01
-2.642199927017186978e-01
-6.281836926198152149e-01
-4.318430162773002623e-01
5.003452015941083353e-01
1.600099554617130382e+00
2.025580380176238648e+00
1.910828088332150898e+00
1.856912397437608053e+00
1.614186824420821287e+00
1.044036021406127501e+00
5.501966824819723989e-01
-2.533828652742079954e-02
-7.562740431781219685e-01
-8.947639660539050688e-01
-2.161091926001997288e-01
3.876800897900798959e-01
3.537765312573315502e-01
-6.207626247004732062e-02
-4.596970847934597759e-01
-4.846875493948538671e-01
-5.437586935640331687e-02
4.188243492716627325e-01
2.899401614238427127e-01
-2.926784046661063399e-01
-2.957143524806237767e-01
3.509244950645761807e-01
7.117788433243757984e-01
5.084612211171833929e-01
6.088807677587095013e-02
-6.144734196618113764e-02
5.659559399002618285e-01
1.333638729965414438e+00
1.425930119721423139e+00
9.584208574302470751e-01
3.495106857130018674e-01
-3.959846694937001199e-02
9.322967025235740293e-03
-3.301244357058408241e-01
-3.947260839994469195e-01
6.761052440561818311e-02
7.305476779407957810e-01
1.030396642806940877e+00
8.076565801296134994e-01
5.698746389358445574e-01
4.303761746772660213e-01
-2.773784106103963643e-01
-1.618402936988898144e+00
-2.540164016170656236e+00
-2.167072289220103531e+00
-1.162455542538229247e+00
-7.130256942392928510e-01
-6.840365072881154918e-01
-1.816193368892970728e-01
7.471505980407394665e-01
1.425075355738342209e+00
1.652972520228740860e+00
1.552019607877490381e+00
9.674237501592996002e-01
-3.924614090032454428e-01
-1.674465639117377336e+00
-1.583192778440947412e+00
-3.976019372291839105e-01
5.962853684561648659e-01
8.923285137201045769e-01
8.370176996134457426e-01
8.839553307776633062e-01
1.089935242467571008e+00
1.183394209092519356e+00
1.125943132942476943e+00
1.068510721332397884e+00
1.020245264710262223e+00
7.807915955472132241e-01
5.063674901515503590e-01
4.877430115651247289e-01
3.311360129799456598e-01
-1.187199981544868194e-01
-4.691312825798356623e-01
-5.100068256315732906e-01
-4.117673868806495108e-01
-5.116217028119462995e-01
-6.913672986778882645e-01
-5.542161234253503155e-01
-1.397694674171354456e-01
-9.990611623388298557e-02
-6.219794333736993197e-01
-1.062162181268788252e+00
-1.081326395510264105e+00
-8.651069201340012560e-01
-4.771508280146067871e-01
-2.824271349799970313e-02
7.887718638326287821e-03
-4.785738111700947872e-01
-9.511897183848637694e-01
-9.281548171663516200e-01
-2.924897035464621986e-01
6.677203924615339181e-01
1.184701048691782388e+00
8.670214806564107146e-01
4.636194079445085103e-01
4.161046582850614350e-01
1.756642853566340312e-01
-1.614511013442541665e-01
-1.427243768843900196e-01
-5.678957960629168328e-02
-7.195968123553179996e-02
-6.653870538930138634e-02
-1.905186309914428111e-01
-4.899886262333853493e-01
-6.063377276346112454e-01
-1.980541284387013212e-01
4.778686772076176648e-01
9.476700175759927847e-01
1.206279008327879820e+00
1.086378560150312200e+00
4.106708751552777259e-01
-3.302677159039071886e-01
-9.752756035113876454e-01
-1.465365308792912158e+00
-1.434780145827924791e+00
-1.006091089428540863e+00
-3.934616781187845747e-01
6.983809919619025086e-01
1.884508971848314118e+00
1.934550862283560546e+00
7.822606271662595478e-01
-2.763118540176426330e-01
-3.624912939509395970e-01
9.689517387440301985e-03
1.114402800371576824e-01
1.661796743678557176e-01
6.302880069989352796e-01
1.119273538718158489e+00
7.942536812303857552e-01
-2.075622197605475616e-01
-9.261310734126558808e-01
-1.207413428071203887e+00
-1.397676485781401912e+00
-1.066353130426219487e+00
4.790500936264508597e-02
9.124662444280532414e-01
7.591084075307650281e-01
2.095854155033200494e-01
-3.042848328927143520e-01
-9.602848191489562479e-01
-1.419959654094432144e+00
-1.122643252431202665e+00
-3.959355195764068247e-01
-1.873774023961790047e-01
-7.783396946610786626e-01
-1.531761650306545208e+00
-1.865319840430715859e+00
-1.720037281418248742e+00
-1.125949355510368788e+00
-3.808589377185037650e-01
1.196036398729546368e-01
2.030465101806731287e-01
-2.870369904934464977e-01
-8.314452438969833770e-01
-5.748727437212042268e-01
3.316885010641325016e-01
1.200437193778606915e+00
1.556408475362930144e+00
1.424988428789718320e+00
1.260045871702222708e+00
1.182161455863780297e+00
9.729752492841761136e-01
6.580654349512267132e-01
3.457206163236619112e-01
4.600217865505412326e-03
-1.033644619018299349e-01
3.742557415987077807e-01
9.732892789663448729e-01
9.789463456919821338e-01
6.436738664643648633e-01
6.703879003651490587e-01
1.214360895053731015e+00
2.011190671066850122e+00
2.454181587499856487e+00
2.196115767449701384e+00
1.421085466036382305e+00
1.972193900676517397e-01
-9.523999730587813239e-01
-1.113894968548703401e+00
-5.123776044441815669e-01
-1.125325494713082797e-01
-3.771625915955825192e-01
-9.578558563632033618e-01
-8.532285843282212401e-01
1.510123957749066603e-01
1.123899729285674276e+00
1.694927321346205273e+00
2.097197495075012519e+00
2.122116952510280985e+00
1.710112853873833938e+00
1.543142660416267020e+00
2.028592924765430183e+00
2.478775076475529637e+00
1.822024414916352031e+00
2.362159463359514711e-01
-9.243278791201656741e-01
-1.110427091835189062e+00
-8.768172419629549630e-01
-7.113614328837248868e-01
-8.856129646187822502e-01
-1.368185559904033344e+00
-1.629393954602145200e+00
-1.554971748298312306e+00
-1.466058180909151298e+00
-1.356318848767925633e+00
-1.221826277785504899e+00
-9.316765967200363319e-01
-6.379887231048121388e-01
-9.539868605612685792e-01
-1.248358536891623460e+00
-3.904921512645960213e-01
8.192648632413402909e-01
7.955418598293382271e-01
-1.196579533550567037e-01
-6.518695665527526328e-01
-5.211295963995674629e-01
5.098340490304890948e-02
5.932800688240038589e-01
5.924178085775521074e-01
2.543998065813565246e-01
5.571625631666983491e-02
-1.844940982741999705e-02
-3.866764590380993294e-01
-1.186521888110183109e+00
-1.572619589147072450e+00
-8.272048034410874884e-01
3.031531374024094005e-01
5.615361273207650772e-01
-1.986667604004036247e-01
-1.048858298470087380e+00
-1.423016406160257041e+00
-1.059765685046806016e+00
-5.228784866142993648e-01
-1.069913051747357624e+00
-1.211914409350158595e+00
-9.548738566343794032e-01
-5.897916211710110268e-01
-3.922432492370269558e-02
7.648347802737475165e-01
1.336684223688682449e+00
1.344224210317131574e+00
1.344423317930213635e+00
1.672564243016043672e+00
2.032974161493473542e+00
2.380156098916935470e+00
2.584614048313499168e+00
2.165905566639807933e+00
1.098134739932908888e+00
-4.356938114508230458e-02
-4.730310426717780903e-01
2.415625674925811137e-02
8.741538498376451027e-01
1.510526973143132112e+00
1.744655962310861952e+00
1.749900414547550742e+00
1.751020828220706482e+00
1.728264124992470840e+00
1.563073199953227022e+00
1.104243245291575137e+00
2.472328068741224683e-01
-6.708791673821817847e-01
-1.069171668655697793e+00
-7.567453015579490572e-01
-2.030212400494669223e-01
5.727854700073040789e-02
3.048630571278270751e-01
9.372240124227563252e-01
1.245139577683292087e+00
3.981674956027291823e-01
-1.192196427385205704e+00
-2.383855802213306063e+00
-2.592231953700065983e+00
-2.320998150467239007e+00
-1.847101048549838476e+00
-1.015584449872634076e+00
-2.412344262605627399e-01
1.018679232209160346e-01
2.282413677405051022e-01
4.335176594716639298e-01
6.953311430091653200e-01
5.562524660673070498e-01
-6.353006784333725676e-02
-4.386223605192325903e-01
-2.825989493153819865e-01
6.294454252495766677e-02
1.065115307009531498e-02
-6.577995489953144537e-01
-1.031590935927847674e+00
-4.035503396458743341e-01
6.315965274198294122e-01
1.243406487433709851e+00
1.320310864360085157e+00
1.117480966818566790e+00
8.368032232266683357e-01
4.850421348824211498e-01
-4.704180253283402752e-02
-3.983303866414500960e-01
-3.078407376503541348e-01
-2.097306662551708945e-01
-2.973232934506077063e-01
-3.952598038846218409e-01
-5.923045786690506187e-01
-7.513959222011187267e-01
-7.242989233692711526e-01
-6.807899086939473987e-01
-3.182417401483803587e-01
5.507730440474594147e-01
1.060057819520516587e+00
7.801616034836110769e-01
3.911831384839738468e-01
2.489968473068310817e-01
1.851893608217572151e-01
2.344907812518618739e-01
3.426609736009151863e-01
1.620876398800014939e-01
-1.935278915836425306e-01
-3.509996148837089547e-01
-4.469819602739404374e-01
-8.208741497284528510e-01
-1.272337381814135915e+00
-1.393794522692312965e+00
-1.212918711524332949e+00
-9.092005712884606572e-01
-3.786243581425232652e-01
5.609171771381750160e-01
1.741175564263986564e+00
2.518431125406265014e+00
2.266410729531135537e+00
1.258714655239477231e+00
2.918581511369958137e-01
-3.593808229450627389e-01
-7.073527023693713112e-01
-5.827292472048175576e-01
-1.626083073931905987e-01
-1.640613751711186841e-01
-7.615292817892450605e-01
-1.259922424768865845e+00
-1.322917480006251756e+00
-1.332773393831512720e+00
-1.613799069627488203e+00
-1.904781848682759016e+00
-1.448081180442957416e+00
-7.691855911676245827e-02
1.431835104667947611e+00
2.362655865529915022e+00
2.187823210153420739e+00
1.019251487563868297e+00
-3.578405409911707830e-02
-3.235802720722157910e-01
-8.488379809766698203e-02
3.831447408298325197e-01
9.600100928012850199e-01
1.321516353829876644e+00
7.124403722841246012e-01
-7.778410279547705031e-01
-1.559584172870107865e+00
-7.454350990457412340e-01
4.003952543015781851e-01
6.816919310621516459e-01
5.217972137024956547e-01
4.212972860570079470e-01
3.322043835672940926e-01
4.188725111619222008e-01
6.030101128449467662e-01
3.975659712078177255e-01
-1.743994364863051330e-02
-8.054959301700471974e-02
-5.374189296660286663e-02
-3.583416429343850296e-01
-5.958675072540919881e-01
-3.579834825436435386e-01
1.968511867780123881e-01
6.199255794219995508e-01
7.629845184976778993e-01
8.238096652836772726e-01
7.253789006994834088e-01
3.008994059270791444e-01
-8.437453662772102791e-02
-1.250194852263676604e-01
-2.015026306389861299e-01
-1.841843388588344510e-01
1.447747388543237645e-01
2.505091578973445837e-02
-6.927114523519499745e-01
-9.836144353982950728e-01
-2.485652061898206977e-01
7.496970632443105131e-01
7.561118016378777229e-01
-1.827834347512252433e-01
-6.902766578949784959e-01
-1.646964666307138281e-01
4.361894550395684633e-01
2.051947394772308253e-01
-5.361724762319006743e-01
-9.722198464917426453e-01
-6.890789895332360970e-01
3.728103372987406211e-02
3.722801536475922601e-01
-1.255501550594738391e-01
-8.217559641487557354e-01
-7.533224739587878194e-01
-2.464420348770793301e-01
-3.375662041327702756e-01
-9.459852229309274607e-01
-1.283465368497905823e+00
-8.983574350753770199e-01
-1.675497471624413370e-01
4.521781062103906457e-02
-5.624365393432056992e-01
-1.424326565009837564e+00
-1.926154678612734816e+00
-1.945410231980548410e+00
-1.519267543301862755e+00
-8.885164913218798199e-01
-4.846531657493209355e-01
-5.273011203003854508e-01
-6.230852874586458867e-01
-1.059448787507440842e-01
1.013804848661790547e+00
1.780920314976564445e+00
1.581632732213546388e+00
1.064811770512188005e+00
7.163305831396508117e-01
9.581799367295983083e-02
-8.221230930604809251e-01
-1.353748860118233477e+00
-1.207778932521244686e+00
-7.723132222642471456e-01
-5.593415351372141853e-01
-7.082347766573949821e-01
-9.268196256437669645e-01
-7.331836882491956642e-01
