-4.561223787094731974e-01
-4.231204245786610585e-01
1.105529671456451785e-02
3.338859204304061024e-01
2.669760766256298878e-01
7.596305724016433336e-02
-2.307892915986394788e-01
-7.679263883119745726e-01
-1.025064369724323798e+00
-3.566346196633467525e-01
1.007712180042133587e+00
1.988224162370923587e+00
1.815111412374568634e+00
8.995852256990689577e-01
3.549712327516486021e-01
4.525255464799749494e-01
2.079358894692238113e-01
-6.197207208525776778e-01
-1.302228079309566189e+00
-1.748694245591012608e+00
-2.210451446066746595e+00
-2.506199748141506145e+00
-2.512823552878011846e+00
-2.150467393335823818e+00
-1.297202823771003599e+00
-4.122360369308443739e-01
1.617371724518961232e-02
9.047675427744431009e-02
2.348810481355002588e-01
4.585722550092881100e-01
3.156497377998038201e-01
-2.090946166271246409e-01
-6.436585925730554658e-01
-5.870631604291712824e-01
-4.476704940466518234e-01
-8.621865576000331544e-01
-1.019673050978526563e+00
1.644989304538345062e-02
1.285201419233965137e+00
1.660699914658701815e+00
1.059573500222492193e+00
-4.519310575543246666e-01
-2.089167466686870256e+00
-2.498652738505340754e+00
-1.892357447588624231e+00
-1.424035466557999063e+00
-1.220699695599859469e+00
-1.010166968863066783e+00
-7.047237003351293216e-01
-1.759805717058662844e-01
5.869633246798525716e-01
1.437527601916015474e+00
2.112837315851193054e+00
2.424156704096692927e+00
2.545523287170579518e+00
2.465055506408615038e+00
1.859720204068198823e+00
9.076667607297880247e-01
3.214622464252986367e-01
6.282114502195211836e-01
1.467876395525591127e+00
1.879001008355353441e+00
1.689739991364700211e+00
1.162882378007077389e+00
2.531257085133012952e-01
-6.082050075246632215e-01
-8.000737104014770118e-01
-5.977968938296954748e-01
-7.040747337927445448e-01
-9.679324261031938548e-01
-9.456654963400537017e-01
-9.255380228098770701e-01
-9.535453359983566690e-01
-5.138577416138114806e-01
2.923054396215138406e-01
8.106368715505782863e-01
7.181928880398877890e-01
2.795596671998998861e-01
1.198238058566355596e-01
5.806722579220507940e-01
1.032227941888290479e+00
6.841250547535994153e-01
-2.637224903580093760e-01
-7.297139186376105924e-01
-2.758451526856843805e-01
2.673053262025638088e-01
3.345805279030487078e-01
3.231402943978249898e-01
4.576585334109085079e-01
3.483160333089568295e-01
-2.203091503930086903e-01
-7.418948819187243249e-01
-5.859584792245826623e-01
-1.556814894797599325e-01
-1.823736482230172429e-01
-3.232035903333669302e-01
-2.517518990532611745e-01
-4.615426289528293258e-01
-1.240236147409550460e+00
-1.877940768043904196e+00
-1.811535431641622784e+00
-1.540797237933631214e+00
-1.372352201240625291e+00
-1.072060823988672640e+00
-5.388508914239423797e-01
2.463229793812710677e-01
9.375292107866667335e-01
9.099119101958093037e-01
2.597034015914776450e-01
-3.464752901647725758e-01
-5.374161204110060597e-01
-3.531358366151222672e-01
2.306920037221749376e-01
1.123438179429253614e+00
1.626823844740159952e+00
1.393997904408720290e+00
1.148148995407048067e+00
1.336418265504561109e+00
1.492499434306772121e+00
1.287882075192193110e+00
8.725976689412906495e-01
2.321461685915969242e-01
-5.421453961325698456e-01
-7.959680308837292495e-01
-6.018335972986380566e-01
-6.026509002958707617e-01
-5.650550578911323063e-01
-3.315635881328121704e-01
-2.387825800940541476e-01
-8.615394607906219637e-02
4.599931470601297256e-01
1.040032281377946566e+00
8.573922287072501813e-01
-2.337201955905656992e-01
-1.136156475180184922e+00
-9.212749547527462335e-01
-1.936075519888137975e-01
-7.078405098374881445e-03
-4.897971495562859490e-01
-1.124925346974164908e+00
-1.405644069127490514e+00
-1.141066753641171605e+00
-7.600934078378898118e-01
-7.806527877005069449e-01
-7.012432797733779699e-01
-1.256458603151329239e-03
8.460366555300214975e-01
1.455287177785333119e+00
1.774529063287813235e+00
1.667021215397910483e+00
1.278368561759416711e+00
7.901498367578215776e-01
2.685370079978082747e-01
7.666159860090705769e-02
3.715247520599566089e-01
6.009235970487011302e-01
1.105970025210376989e-01
-6.765896535417932345e-01
-8.112030804710793630e-01
-5.138588825497463208e-01
-4.648363161763451878e-01
-3.977919448603391417e-01
5.777505137489356152e-02
4.585767075297207396e-01
3.925923287268093254e-01
-9.446369372829936661e-02
-6.628002616185171281e-01
-7.828241704493523745e-01
-2.734437923359470668e-01
4.086948594820612457e-01
6.510715275317531248e-01
4.281315483800087751e-01
4.229709479852237775e-01
1.003492546725641477e+00
1.381430733898487917e+00
7.598943728436121647e-01
-4.661548993677034347e-01
-1.120504233405664074e+00
-7.127039240788795027e-01
1.677324026194587925e-01
1.058738931711268094e+00
1.646793451054943125e+00
1.600118193398853306e+00
1.236402865654400163e+00
1.043493110104944055e+00
7.752373232490872290e-01
-3.452844707064346014e-02
-8.324424817995356163e-01
-6.635664489948358558e-01
6.301710415154684886e-02
4.253210202123623440e-01
4.312332590437756297e-01
2.516315944566231977e-01
4.487247442314135776e-02
5.722071382035306270e-02
7.670447319594797184e-03
-4.630596097495231489e-01
-1.045492444286580946e+00
-1.264595827524959137e+00
-9.134378526991469016e-01
-7.004752429794506297e-01
-9.966975710778926967e-01
-1.117616705694428170e+00
-8.860842635230270492e-01
-2.409379748551774281e-01
9.602333190797364415e-02
-3.062560277272072806e-01
-9.142139877891233279e-01
-1.266226982526867051e+00
-1.407958990902494989e+00
-1.428088758897082977e+00
-1.363222199310385907e+00
-1.136607889065486265e+00
-7.559164042237304093e-01
-3.715073010041187174e-01
7.715209588996192747e-03
3.757047422103433898e-01
3.852370679769999695e-01
-8.305290607159525329e-02
-6.320892974450593726e-01
-1.049853721031841047e+00
-1.305009735457422382e+00
-1.128381274282142632e+00
-4.503583702852939630e-01
1.818060030662631554e-01
3.272360297895816061e-01
2.789047343433740944e-01
5.187723606810661081e-02
-5.867078258435871607e-01
-9.616788189085433425e-01
-7.006606630101777089e-01
-4.968098101116869558e-01
-5.506174115272752800e-01
-5.419915199699651964e-01
-2.951727122739969955e-01
7.007994276859311200e-02
-1.041097691362065647e-01
-8.809145108249026856e-01
-1.255654341832760590e+00
-7.669156302556277005e-01
-2.808152571151075749e-01
-3.340295727395098946e-01
-2.298954529523133949e-01
2.147699836233581960e-01
1.896739308099637811e-01
-3.294030602444482647e-01
-4.340619596741024933e-01
4.910938129915797812e-01
1.881051000935154205e+00
2.217061683410507467e+00
1.477970367952833097e+00
8.953960473677378129e-01
2.628520898244997017e-01
-1.040769818569158733e+00
-2.143571186145524443e+00
-2.003484948083261497e+00
-9.244319789790719222e-01
1.300424595429784391e-01
3.114535882766034658e-01
-3.365085789969031183e-01
-8.720893430498882770e-01
-6.396514809378279764e-01
1.004657338412318218e-01
6.539045878604728967e-01
7.156805173586869850e-01
4.873498159280172937e-01
4.169582750277823213e-01
4.884192946437507787e-01
3.879227443891481997e-01
3.701547217394952627e-01
5.313394636029258322e-01
5.915399358420965203e-01
6.925957946647995911e-01
1.016278564045482113e+00
1.148050836211438330e+00
7.294982219281663793e-01
-3.400104179907410124e-02
-7.886289414446266965e-01
-9.601492272004785722e-01
-3.885864667006707074e-01
1.946373189137513837e-01
2.930740207009647769e-01
8.743082665775123163e-02
-3.136016872938335483e-03
-5.644146266218593583e-02
-6.095746519279547915e-01
-1.332321519194458848e+00
-1.454420042895943288e+00
-8.830631357081621946e-01
-1.999317535726049810e-01
-1.729549850941012115e-02
-2.837209642018304612e-01
-5.466477191706279326e-01
-5.366110203417879809e-01
-2.581903837614366037e-01
-1.279203813412429364e-02
7.617977392512367829e-02
4.121755036606151168e-01
8.599224265097100695e-01
4.687174739024912440e-01
-1.019553824382032348e+00
-2.633510153919732755e+00
-2.743305967996334083e+00
-2.291482834843576288e+00
-6.972325280712202700e-01
5.513651786836717417e-01
1.093837178583053404e+00
1.183684390018537425e+00
1.058592904880748087e+00
7.918134847322665371e-01
5.432962228066572363e-01
2.995296835435249383e-01
8.532832314317095879e-02
2.019230689903090403e-01
5.357745405512545078e-01
7.476272634436372799e-01
7.004906716859363724e-01
4.640547865541850836e-01
3.767784377948774077e-01
6.127432935044798690e-01
9.098922547861831855e-01
9.624405202575033735e-01
1.078509612060470024e+00
1.330107386983021112e+00
1.222155933107475834e+00
9.506015812006299859e-01
9.665016097966678821e-01
1.076423068199822142e+00
9.071826321445870533e-01
1.460098138954241120e-01
-9.899652070908548929e-01
-1.520465823019514939e+00
-1.321814428146498965e+00
-1.114587120286151256e+00
-1.095652634902087419e+00
-1.212975323803574534e+00
-1.473416724781790421e+00
-1.748237253416196291e+00
-1.908965540618641432e+00
-1.888375870343006246e+00
-1.564286562094882704e+00
-6.886767252511076798e-01
5.563621711655142299e-01
1.138332753987238100e+00
6.834683418359217555e-01
3.392509061482193444e-01
6.967364153022221895e-01
8.777813131679954584e-01
8.044269105808288245e-01
1.295016747919457201e+00
1.940460163803732208e+00
1.677927253652560236e+00
4.689759433391512689e-01
-6.410556329708393397e-01
-6.031483879597925313e-01
4.267821084397173670e-01
1.347730445421597034e+00
1.548336809996874841e+00
1.372201737142700662e+00
1.389911741125367639e+00
1.781106028146933307e+00
2.507895032646787037e+00
2.740243037461034703e+00
2.010597038201209052e+00
2.761820952362861181e-01
-1.069446509720247462e+00
-1.504993728141249543e+00
-1.358140111316386234e+00
-7.296897224181272401e-01
9.772201136522858100e-02
3.349533677760112016e-01
1.680884354116450319e-01
4.832304810165276021e-01
9.295692997244873190e-01
6.535304194943926115e-01
-6.005022683605146933e-02
-6.959114980208634949e-01
-1.135380963958507516e+00
-8.595083563692768047e-01
2.725042828852802801e-01
1.259640532615561304e+00
1.505088937114801739e+00
1.523493285628032101e+00
1.823963569121135109e+00
2.125002689856560156e+00
1.719643121905103378e+00
5.891199862510566598e-01
-5.094475627447067057e-01
-1.031650659608193132e+00
-8.677869483132414352e-01
-2.238430687764034477e-01
4.426922414914272741e-01
6.212948418556676344e-01
1.395440667024070991e-01
-2.985231107695522912e-01
-3.600696562749374635e-02
4.648743175625490442e-01
4.013585214951501112e-01
-1.928748135926921514e-01
-4.539724296110210777e-01
5.196054820346162062e-01
2.269615005966443277e-01
-7.880276324821751111e-01
-1.668123175652161283e+00
-1.933874299112853246e+00
-1.732789323967655282e+00
-1.168625613712784617e+00
-3.798561688556952309e-01
1.089621872932169111e-01
2.049445750138774447e-01
1.776539490372276708e-01
-1.994202104175280543e-01
-7.228003541354965922e-01
-4.574211519221423328e-01
3.197102351853399749e-01
1.407817370682127867e-01
-6.293562373691184986e-01
-3.444725953048615730e-01
8.388845007008003396e-01
1.572296239812077223e+00
1.030292915046143953e+00
-3.917875331293805830e-01
-1.471930031922847437e+00
-1.616568767242246185e+00
-1.047767071761306346e+00
-1.020827605591938525e-01
9.083857660825988001e-01
1.333049398686304787e+00
8.229229830300134330e-01
8.590313870743013225e-02
-1.231451464944176843e-01
6.172018302111170751e-02
-3.994980900995709350e-02
-8.024494287245722557e-01
-1.782263533985601667e+00
-2.013788725799404045e+00
-9.230172820128228484e-01
6.533061036090721529e-01
1.439346928918489699e+00
1.333849177141765541e+00
1.157284668746524137e+00
1.300058605362728992e+00
1.187330378853390433e+00
2.408855563030346814e-01
-8.211598483506431512e-01
-1.071338319516088156e+00
-9.394968266177505800e-01
-8.655323055449567482e-01
-7.293482098705390548e-01
-7.139092888273929072e-01
-7.994148506707851043e-01
-4.440947754777511136e-01
5.549409142072234680e-01
1.751820834306282437e+00
2.670076368112241916e+00
2.760208575450849633e+00
2.760208575450849633e+00
2.633807965557644515e+00
1.738071938349576406e+00
1.021176323532992480e+00
3.604147483728867285e-01
-1.066953029841886946e-02
3.599780124389621028e-01
1.050226147688678502e+00
1.248105260466255917e+00
8.984414069901200950e-01
5.278383337790353291e-01
4.589317540784493832e-01
4.881741515191087011e-01
4.922254196640740709e-01
7.222552134873458929e-01
9.759784855964317440e-01
5.942652243139466828e-01
-3.706362149691567742e-01
-9.882944348573636795e-01
-9.424991453697506572e-01
-9.249528944322868984e-01
-1.282652094701990153e+00
-1.328584603530962749e+00
-4.488503651081371948e-01
8.986186049649284024e-01
1.895732370156378188e+00
2.219199876595767673e+00
1.936699959335434817e+00
1.277819988650665373e+00
4.366573050301417180e-01
-4.404487293716654039e-01
-1.074420648352395258e+00
-1.217573362611586774e+00
-9.504761917485513578e-01
-5.247421222890874537e-01
-2.358815736813119346e-01
-3.322931075004613710e-01
-5.103752189425947439e-01
-3.509664541058750142e-01
-5.294070901636458576e-02
-1.806233399913401982e-01
-8.059095536716159858e-01
-1.198328211913816554e+00
-7.557575765842846627e-01
2.249905145808424323e-01
9.111216696319113240e-01
9.373096367059511325e-01
4.659442760882232526e-01
-2.331118021304882659e-01
-7.967167625700523059e-01
-1.011374770211916907e+00
-9.559521367969485706e-01
-8.799987837851117600e-01
-7.273917277511385837e-01
-1.839264598759152991e-01
3.104802754044426183e-01
1.596153955584633521e-01
-4.315533146260632780e-01
-8.191723735738294376e-01
-8.859169543786885592e-01
-1.249093114738186294e+00
-1.906715723147873742e+00
-2.047719546688984149e+00
-1.557427973425947965e+00
-9.779674926790582479e-01
-4.927717253803922670e-01
4.758944096549229397e-02
5.058529462749238315e-01
5.025038361752826033e-01
1.015644057901619740e-01
-3.713575436522039142e-01
-6.517740185075266979e-01
-7.193480915271093235e-01
-9.300934413711778870e-01
-1.065687607545827698e+00
-4.346476308084561424e-01
4.919850444951527901e-01
8.051320719606125387e-01
7.494130161803057577e-01
9.681837768824250734e-01
1.329718010237795678e+00
1.122063373166642508e+00
2.018090403667866517e-01
-5.793218536284462372e-01
-6.178203536250095329e-01
-2.944710704200502738e-01
-1.192171642302766038e-01
-1.125453752459002060e-01
-1.817346024839050223e-01
-4.606952358494256772e-01
-8.079491088004641108e-01
-7.631480986506562481e-01
-5.250925330102476085e-01
-5.326235510435595177e-01
-4.140867298538140062e-01
1.090039561983301153e-01
5.624003983804628515e-01
3.305017861004249102e-01
-6.191090749315010244e-01
-1.317114156527347202e+00
-8.832259048365130871e-01
2.179428091554576896e-01
1.006906367592539597e+00
1.227152770039244167e+00
1.118080136784520562e+00
7.680272761806908877e-01
5.990238240411046265e-04
-1.051205202772071967e+00
-1.764830767818195589e+00
-1.633473367081299088e+00
-6.911982421297896417e-01
5.017927275817186672e-01
1.261811281126004936e+00
1.284119940380322955e+00
1.043981412095820405e+00
1.038691122524741717e+00
1.079264214256096865e+00
9.413761200321575373e-01
8.876031731089921717e-01
8.724985249443969471e-01
5.340040962196270780e-01
3.348079854847578751e-01
8.367412847662418773e-01
1.600327224063453624e+00
1.781151193415604350e+00
1.082478375847700347e+00
7.940727526195766328e-02
-6.276873687479888053e-01
-7.963451693447084478e-01
-1.523270095079393704e-01
8.508446442974400004e-01
9.520659667346361710e-01
-1.507472298411925149e-01
-1.172576592154615627e+00
-1.348688247596852019e+00
-1.254902818405981169e+00
-1.096627861012849925e+00
-3.134326731138232236e-01
9.084146890264143126e-01
1.301800904145229421e+00
4.641883828566295556e-01
-4.704393890649333221e-01
-8.145862515131419013e-01
-6.606424013234259984e-01
-4.305238232488685091e-01
-4.570903865401054200e-01
-1.835461397107963077e-01
-1.634750833940784853e-01
-6.194416055178693092e-01
-1.101941587886036578e+00
-1.266440962983269580e+00
-7.556735242103671535e-01
4.414604070473254205e-01
1.145672220456562584e+00
9.429447801585865152e-01
8.869325869361404102e-01
1.304606711688022003e+00
1.250120522430105963e+00
2.644475642289966788e-01
-6.469380375149959006e-01
-4.030298157060370756e-01
7.106169389885930165e-01
1.475261985520759600e+00
1.335439104042602354e+00
7.889147239993145044e-01
4.252977018827373001e-01
4.727710736782722023e-01
8.150113135496691585e-01
9.793469447015235030e-01
7.200367915388158346e-01
4.850729644339726310e-01
6.365606220930997150e-01
9.354861588840424069e-01
9.429582643235336903e-01
3.043662407211088494e-01
-5.326565457025541628e-01
-5.736095334159919679e-01
1.132919935964003810e-01
7.888649500519689939e-01
1.086736967194879888e+00
7.886045076270761234e-01
1.023811239095357289e-01
-3.505527388393362420e-01
-8.393197783665153067e-02
7.122675031315777172e-01
1.183880761880747645e+00
9.115925502138649827e-01
3.926646953582774158e-01
1.824079546204323832e-01
2.478822261099803692e-01
3.516749558230760631e-01
5.588422100138051851e-01
1.016712156244510057e+00
1.045058427891282671e+00
-1.487520725855864534e-01
-1.771986794183038061e+00
-2.391877086453114476e+00
-1.877205023524967320e+00
-1.172322506818945342e+00
-8.493363926797877772e-01
-4.871951274104819318e-01
3.527066403418773616e-02
8.425310509175744367e-02
-4.171697792798219617e-01
-9.616106482024151525e-01
-1.234607363581826434e+00
-1.147610030339590859e+00
-1.064279213796305967e+00
-1.748922250484625796e+00
-2.704899735875851530e+00
-2.202469251839201281e+00
-8.432564462525421467e-02
1.955824869173309999e+00
2.718983011100450931e+00
2.225225476851461437e+00
1.014017518792327266e+00
2.201970667388663816e-01
2.693910128750401367e-01
6.261941005544044980e-01
1.007227766379015010e+00
1.408020655851004221e+00
1.545399145873267210e+00
1.210776187889540223e+00
9.318503739469782277e-01
1.039737126424779889e+00
1.209950540160239951e+00
1.615033742143301643e+00
2.276007136653000362e+00
2.347322344521756143e+00
1.598576840486110040e+00
6.043759735108834574e-01
-1.478403414278798567e-01
-5.763851587175721214e-01
-1.072477864428084349e+00
-1.460465163987849868e+00
-1.281520062080059530e+00
-1.095777581514663312e+00
-1.148164187844161965e+00
-8.118069685095943289e-01
-2.107393874995413252e-01
4.778343308970628422e-02
5.557208755723119786e-02
8.727653661279012598e-02
2.234810828208498301e-01
5.271060764886530414e-01
5.521345734935729777e-01
-3.580451968103134236e-02
-6.780988051802031569e-01
-9.825925769885093253e-01
-9.919807228578918501e-01
-4.939983640556340205e-01
4.276613615864167106e-01
1.101189731395392890e+00
9.453771235319916588e-01
1.250708058210849849e-01
-6.729518654089543528e-01
-1.074363059786205055e+00
-1.290321921597756383e+00
-1.718880342769335323e+00
-2.126351481764078510e+00
-1.685976353047966558e+00
-4.009510309082165991e-01
5.675835705621664617e-01
4.131290101017049410e-01
-3.547248432070831958e-01
-1.175115817412175856e+00
-1.955550821667261685e+00
-1.897768150907624740e+00
-5.666015741117004234e-01
9.110141775729608815e-01
1.463182540847735247e+00
1.343745511877709964e+00
1.147151847986700002e+00
7.154361751925845114e-01
-6.901799105644783328e-02
-6.452583465545577157e-01
-6.222611558575732449e-01
-3.967254576373649422e-01
-3.702438295117816969e-01
4.902996333937616885e-02
1.231215033275600668e+00
2.272397512355662563e+00
2.520801574806793344e+00
2.101207866141153513e+00
1.239262900647481569e+00
3.410334712232117038e-01
-1.017356202153652522e-01
-2.566882202527982493e-01
-5.647961289602561052e-01
-8.810531165146777699e-01
-8.387745916896685028e-01
-5.747756257472753649e-01
-5.378606764575125654e-01
-5.926169588232345076e-01
-2.580008594245450371e-01
1.970412035321093824e-01
2.644577323777112521e-01
9.982039029080688654e-04
-8.464578737343324277e-02
4.505060832488817502e-01
8.918715616495562770e-01
3.953455164269155109e-01
-4.365409577186498691e-01
-6.862305917631297270e-01
-4.918696567710750811e-01
-3.542991965649344155e-01
-3.278529772039318058e-01
-3.893399220358096380e-01
-8.589992795196800257e-01
-1.615814368764557418e+00
-1.852819854850971781e+00
-1.424681975877460038e+00
-9.388037667089254024e-01
-8.049713045071172912e-01
-7.700646151554366714e-01
-4.720079261773213464e-01
-2.556797596204079745e-02
2.927186466372933005e-01
2.163411243608343582e-01
-2.329007026586165860e-02
1.749024777742146097e-01
7.135898813347866243e-01
7.661663024841386394e-01
1.959170914746422854e-01
-9.911335708774726694e-03
3.140845548839144019e-01
1.587428784391907710e-01
-5.895099499242804075e-01
-9.247063445367896817e-01
-4.595856509364393827e-01
1.495479654042181084e-01
4.672549114248383817e-01
4.473478630581790294e-01
-2.424408205784579339e-03
-3.658040073970304507e-01
-1.063363720639988741e-01
1.339162117138861241e-01
-2.885355550541695568e-01
-9.406612995019617562e-01
-1.345084629541866361e+00
-1.430648776646832321e+00
-1.040170289111893354e+00
-1.783750137064800401e-01
3.605746473288841125e-01
-4.661121758938232551e-01
-6.965098168232126685e-01
-7.832563020811315058e-01
-9.028950560727436736e-01
-7.424323141201819576e-01
-2.082695388274947157e-01
3.927953243844146264e-02
-3.470347538761286380e-03
2.344518675373385638e-02
-1.220536176243239845e-01
-3.298751275315858211e-01
-1.173316277679251340e-01
3.347963814227444823e-01
5.619675051652950337e-01
6.261007303161331139e-01
7.672504639301600537e-01
9.442509138848861339e-01
1.131185886444044941e+00
1.127155106827427478e+00
4.246462156255464415e-01
-4.396663898465723030e-01
-5.523854157241062657e-01
-3.671038638259857545e-01
-5.775187579365398394e-01
-1.042035886526660571e+00
-1.291505911301488840e+00
-1.015446419319617544e+00
-3.682254740288058992e-01
1.954498666534549844e-01
7.325615946816774748e-01
1.163278001335790179e+00
9.602601002174918632e-01
3.605742586232251745e-01
-9.663886008279566620e-02
-3.317115153911979752e-01
-4.534756301145140833e-01
-5.384774832753813634e-01
-5.335368617321341045e-01
-4.562317213305466246e-01
-4.641239374102376081e-01
-5.153510626639375980e-01
-4.145001987912388386e-01
3.019904470341005717e-02
6.218375294088934746e-01
7.937300946054473005e-01
7.477541153766357196e-01
7.888951324117496888e-01
5.221622949272803904e-01
1.054533551786186046e-01
-7.558843357597989920e-02
-3.286666079971872767e-01
-7.595655471383225832e-01
-8.931641816752028395e-01
-3.908862767981157171e-01
4.138507895084789778e-01
7.628208711920737572e-01
2.656266769460463584e-01
-7.081455326133406780e-01
-1.423292114713315959e+00
-1.495864135682724694e+00
-1.076768566529976878e+00
-5.367374663791130152e-01
4.831725243495837985e-02
7.395095031637596295e-01
7.882856721787265819e-01
-4.838878046616558737e-01
-1.851507580045586243e+00
-1.700599266115812247e+00
-5.153531759477548713e-01
1.977259738217983509e-01
3.457641854186198627e-01
8.082065899648487317e-01
1.397846992371521768e+00
1.257335637605834222e+00
5.259324749441117719e-01
-9.963013203638083903e-02
-4.656784186494984934e-01
-5.510743860232018010e-01
-1.656452354170963315e-01
3.533955192497599263e-01
2.947192646765323665e-01
-2.688577619582663281e-01
-5.514092982933911369e-01
-3.315549603460777317e-01
-8.211563400259577761e-02
1.694993077661636482e-01
7.151838408700338379e-01
1.268438476316738894e+00
9.980166530722782703e-01
-3.381877680275423570e-01
-1.656670140149949288e+00
-2.101842270885167174e+00
-2.017477750958498905e+00
-1.850515727249992359e+00
-1.528703188814171110e+00
-7.200281767287510792e-01
5.979911594575181288e-01
1.713518765648402775e+00
1.894545693979615031e+00
1.500068672706792894e+00
1.304380684103043198e+00
1.168851883096557298e+00
8.979644736487339962e-01
6.402704472285850601e-01
2.783584899033030857e-01
-1.256704621056109750e-01
-1.376133137072456936e-01
4.484249541905085401e-01
1.207098559865085186e+00
1.390909452759026443e+00
7.743350625244980190e-01
-3.051761864093455734e-01
-1.514048902960331677e+00
-2.247457469680619990e+00
-1.950126697637947215e+00
-1.151176575208858521e+00
-7.949944512885179781e-01
-9.443941125673859238e-01
-9.438451842713961870e-01
-5.717705353427255943e-01
-1.858329878649090661e-01
5.102398295392236022e-02
-9.893457702819752342e-02
-8.680537235977606736e-01
-1.808166472929386037e+00
-2.007513375766763808e+00
-1.346600690882149953e+00
-6.595720589595339689e-01
-4.153069887130675375e-01
-7.769337083927441157e-01
-1.530191025156067974e+00
-1.570776445621325124e+00
-3.193833844660916021e-01
1.305277603234696215e+00
2.084656662134322769e+00
1.622401644024457523e+00
3.142647598334861736e-01
-1.069477505105692838e+00
-1.842757975393384484e+00
-1.737266539945984123e+00
-1.024933815801106318e+00
-3.848379895772446879e-01
-1.792002512924531221e-01
-1.918742951706789990e-01
-2.872763076945383798e-01
-5.013989899627054880e-01
-5.865392112886576026e-01
-3.100896006271661731e-01
3.104940993778612102e-01
1.250240511585152925e+00
2.061251461411068853e+00
1.819846600276823434e+00
5.094688250547254604e-01
-4.965406725452329861e-01
-2.556563260069338317e-01
4.873727834503737144e-01
7.654633684733875842e-01
7.836334616780775697e-01
1.046950508075429331e+00
1.624029211954903795e+00
2.028441047339109904e+00
1.960252949689646806e+00
2.043029195495531969e+00
2.526100891091731526e+00
2.594674264463094904e+00
1.947173600229261670e+00
1.336964811315205504e+00
9.700976494384633275e-01
3.880695594613309818e-01
-1.904607340215572209e-01
-3.072936359534360617e-01
-2.460418445251697506e-01
-3.894029164036640345e-01
-6.492587091361176066e-01
-7.836073612546091693e-01
-7.317769408591504599e-01
-7.089224530178739325e-01
-6.339346686008167087e-01
-1.124242976697832908e-01
8.432511223661263156e-01
1.668733361166928830e+00
1.765199849886869954e+00
1.202531961729644827e+00
7.346330656670370107e-01
9.103956215650775841e-01
1.353623892702889409e+00
1.201734736265833936e+00
3.949006527636793606e-01
-3.142023860722383821e-01
-4.786426463743836957e-01
-4.816542406411530863e-01
-6.902903716927314415e-01
-6.600235047121456589e-01
-3.734254723476460730e-02
6.086278125932760297e-01
5.457918722052201854e-01
-2.873859834363053922e-01
-1.216086480972490502e+00
-1.453830233547477979e+00
-9.165010724074406090e-01
6.172878885401575921e-01
6.276015336009824752e-01
-6.836640543861545460e-02
-8.465771025597125243e-01
-8.097722138421389326e-01
-2.382783730960798263e-01
1.016490498164359796e-01
-4.226893531609673266e-02
-7.628012139429726224e-01
-1.725850717961423975e+00
-2.220079689332817185e+00
-1.945230569071688009e+00
-1.169567161154471790e+00
-4.355462012707513875e-01
-1.066471948932086189e-01
-5.962329878500606528e-02
-6.328140057927024442e-02
-6.928778673748545169e-02
-1.647705608859552640e-01
-3.066747285367434905e-01
-6.214405140553978107e-02
3.815888067123031080e-01
1.222625778111838535e-01
-8.478287273257840706e-01
-1.683050635925230409e+00
-2.044757661223504108e+00
-2.197988416948977619e+00
-1.988803457512676953e+00
-1.009268652368058072e+00
1.956481934470269135e-01
8.011353034010159080e-01
1.103201047588674211e+00
1.388019256228950393e+00
9.890228090229790103e-01
-9.125788666610884503e-02
-7.617487318418464382e-01
-5.936454483745093880e-01
-2.541674954846549483e-01
-2.871993713778281943e-01
-5.628027956894482431e-01
-6.022997493317606699e-01
-3.243804168101994678e-01
-3.151368566836162954e-01
-8.239220485199761912e-01
-1.245096801828918576e+00
-1.313095926090199983e+00
-1.497075251276411167e+00
-1.759199103205203452e+00
-1.534100132711665010e+00
-7.874315311430749587e-01
2.267003366805474263e-01
1.276093422457135418e+00
1.866950659046669569e+00
1.761839557801171186e+00
1.282908882101746251e+00
4.780267610620996255e-01
-8.452722946919467573e-01
-1.946021808916904794e+00
-1.796879488029367034e+00
-9.014535613259823110e-01
-3.757852252197341758e-01
-3.445753374410225889e-01
-1.728117814513049078e-01
7.104367751447998591e-01
1.876251166586371921e+00
2.297864739492636144e+00
2.045261861789223090e+00
1.706031254827955479e+00
1.081101068243194074e+00
1.065963195028169080e-01
-5.236874468229663071e-01
-3.949461948483483642e-01
1.535776981365549465e-01
4.950821668003477227e-01
7.355566989774037223e-02
-6.875848950678382643e-01
-7.094170603464517999e-01
6.986351925354092329e-02
6.067693952844819272e-01
4.071015541892378797e-01
6.523636607542000754e-02
2.225121009970132402e-03
1.487080604029273889e-01
4.832048596242380367e-01
6.919384708317709576e-01
2.600877672494901760e-01
-5.970321473121036338e-01
-1.072144562115668665e+00
-9.695110360341140376e-01
-6.116106687787092877e-01
-1.171787829377776424e-01
4.386190887643419134e-01
9.092784227814927345e-01
1.098452511466792902e+00
9.445855842789139256e-01
3.162690096928144068e-01
-5.306361345339776214e-01
-7.185145238191184003e-01
-5.387136742196509120e-02
7.003842201024895742e-01
6.647886594099450264e-01
-1.714135590123496700e-01
-9.001693495596693184e-01
-8.653137977863912811e-01
-3.848834885224041713e-01
1.675811503968759608e-01
8.946430774623908011e-01
1.262203999238229679e+00
6.020989317132311447e-01
-3.698869234004857898e-01
-5.531921923775356964e-01
-1.493436507890198162e-01
-1.766975478785555720e-01
-7.507140645616457997e-01
-1.046861725125991072e+00
-7.974091024588302323e-01
-4.894144608468920521e-01
-5.878248571399732336e-01
-1.030411616031780220e+00
-1.186108073895488113e+00
-6.239148473280400342e-01
5.068693111101900683e-01
1.739798356476768282e+00
2.230117459688964132e+00
1.764353649539482483e+00
1.015452258169194710e+00
9.320004388157729358e-02
-1.126355633532216016e+00
-1.692978617654449458e+00
-9.197793484076647319e-01
1.884026374406616300e-01
5.216025619362073540e-01
2.153656399673882782e-01
-2.225597102323529919e-01
-4.047167544760476576e-01
-1.613823621069555847e-01
-1.988501313461472561e-02
-1.323080500344467891e-01
1.113237817783473138e-01
7.011709126501733946e-01
1.061524364393672926e+00
8.961262370348530570e-01
2.865729875434974150e-01
-6.278071278141256206e-01
-1.571934933196843076e+00
-1.489606430565672213e+00
1.084527734977327740e-01
1.928881032096606551e+00
2.719917513347330118e+00
2.691054915409621273e+00
2.072969142504474505e+00
9.933981889431550139e-01
9.801954767868580054e-02
-4.487448687593239074e-03
2.308023691929587118e-01
2.052032781391865957e-01
-2.077536482469646006e-01
-6.514854888843950587e-01
-3.827812770885039018e-01
3.432866470765347233e-01
4.275481830188359034e-01
-2.658551878294101445e-01
-8.724752299681748369e-01
-9.091186114663629692e-01
-1.049858005799458205e+00
-1.738163676373326805e+00
-1.919954470287571269e+00
-1.125048890137763991e+00
-3.554156083844223768e-01
-6.580530983807494905e-02
2.377255670411892660e-02
1.146453640358178205e-01
6.111240314096193504e-01
1.652943924318263980e+00
2.523121321601839995e+00
2.515194602568694204e+00
1.746515929062330441e+00
1.036693443049392371e+00
9.170566288384842668e-01
9.762903882905281661e-01
8.131637609708686210e-01
6.994494571077487510e-01
8.977155244471294315e-01
1.219739111201427084e+00
1.159425769719354182e+00
5.218685368791948775e-01
-1.500583457266132514e-01
-3.475558596207027340e-01
-1.923700845006067195e-01
-4.427916799576418067e-02
-6.280139538396375953e-02
-3.342539795900500987e-02
1.372666457887647129e-01
1.869618143615427164e-01
-9.576605712561782335e-03
-2.527802729383322733e-01
-3.410598527314510631e-01
-5.420257731193407758e-02
4.788620431316690240e-01
5.961854500361161158e-01
6.769954016294776888e-01
6.471832464714758482e-01
2.550691389209522320e-01
8.012929205313681913e-02
2.645100575722182656e-02
-2.223933296278134686e-01
-6.079351708425991818e-01
-8.413801581013288233e-01
-8.051810467936105775e-01
-8.227207373304931126e-01
-9.360850170303487428e-01
-5.273360108357002529e-01
8.324320628321990601e-01
2.467626081868019128e+00
2.730315587165595304e+00
1.908752055375928069e+00
8.989977436631062524e-01
7.556639485528718891e-01
7.689048182303329648e-01
4.283223634416070957e-02
-1.097684595661063911e+00
-1.453912980154826506e+00
-4.585499443879121895e-01
8.789870518494712348e-01
1.310528051312061404e+00
6.682295401216000741e-01
-5.625391617147030843e-01
-1.544489595481917332e+00
-1.583415034345575734e+00
-1.027647710706514728e+00
-6.097670648202196952e-01
-3.174903428567254493e-01
1.533501846953034264e-01
6.296345783271802832e-01
7.512703703095160446e-01
7.547922870792169725e-01
1.125763068711269188e+00
1.573098318311348054e+00
1.609719957342456986e+00
1.388546257588766375e+00
1.344923742214016782e+00
1.471708021518404186e+00
1.308552568905895663e+00
8.117620618569215685e-01
5.192680547732444474e-01
6.963484018006469434e-01
1.035853830319742208e+00
1.059133451555959837e+00
6.278064466029135149e-01
2.395834933310598269e-01
3.505531459688671636e-01
6.955681211123404539e-01
9.246278854062179864e-01
8.759759175463571745e-01
4.474235928461660072e-01
-3.394977640761549093e-02
-1.259905011532644059e-01
9.954032290547781825e-02
5.501890898012424813e-01
1.077480610596333710e+00
1.217871419157273705e+00
1.161123734523167084e+00
1.163746720472145668e+00
9.024062958790664002e-01
6.073207528349194861e-01
9.145522168776097915e-01
1.496011329914414434e+00
1.426208519526939611e+00
8.675072987124294865e-01
4.824369699726415162e-01
1.262887095107026458e-01
-5.165936490046360019e-01
-1.171493463444109873e+00
-1.309074044153771821e+00
-1.066520352573894437e+00
-9.811108932492959012e-01
-1.065203403919640524e+00
-1.409730100743250780e+00
-1.976849736812258840e+00
-1.969355706040803122e+00
-1.162704546812056483e+00
-4.122917553161975501e-01
-3.715867111831295810e-01
-9.065439115308286944e-01
-1.621899393240623821e+00
-1.884576811856587097e+00
-1.199405719503897405e+00
-4.264419567336841244e-01
-6.810821277173135790e-01
-1.369313556402667054e+00
-1.584959916650923173e+00
-1.511128977331419154e+00
-1.118190224967125390e+00
-2.635315390055496532e-01
5.052668911798663398e-01
9.308579086867915242e-01
1.189513336095622709e+00
1.148262897750629286e+00
8.287474253143517489e-01
6.016562581925684050e-01
7.548936301550336347e-01
9.609517615593168305e-01
5.978046187974545012e-01
-1.473316959691312600e-01
-7.130724338783868133e-01
-8.060515422929963592e-01
-3.893081493917421310e-01
1.261347545637926393e-01
2.637028777409074487e-01
3.209486321451644475e-01
3.836606195672664366e-01
1.949570582521615303e-01
-1.707926565680840392e-01
-5.825885075653768341e-01
-4.904859781761098381e-01
4.187199753404449720e-01
1.181061756339689239e+00
8.712678636502799723e-01
7.677098368169819886e-02
-3.193421878946032244e-01
-5.683860567275550446e-01
-1.025607095173194372e+00
-1.250570186946962759e+00
-8.822297005978463336e-01
-2.685922797974579779e-01
1.431438760727201387e-01
4.634633013628546849e-01
7.005946642789303569e-01
5.617890178958159231e-01
3.692162211956065421e-01
4.907353324388650795e-01
6.500701615789939991e-01
7.002636480996614621e-01
8.332813856572337530e-01
1.022462680357747677e+00
8.655680851856872859e-01
2.314626724059982710e-01
-4.963290365049219388e-01
-1.030820977225614943e+00
-1.140447393304495849e+00
-6.472061526423812383e-01
2.059857461914071583e-02
4.556681932360766574e-01
7.196583020301792200e-01
7.923570240544902665e-01
7.048605943368451143e-01
6.268633117188584514e-01
6.490044916422125221e-01
6.251374129107337696e-01
3.856469926555901040e-01
2.717175051184594903e-01
6.387661839271048247e-01
1.160218083542069678e+00
1.124687017699997682e+00
4.788696573835860004e-01
-1.374119581445643890e-01
-5.169534246980549419e-01
-6.676497846828891580e-01
-2.353707219322829780e-01
3.495915968143916142e-01
2.714877404552631379e-01
-4.487301148420585334e-02
-5.776826396442179962e-02
1.151966367082989107e-02
-4.720182816879163468e-02
-2.904886186844742313e-01
-6.270083189710826677e-01
-7.586275240543010057e-01
-5.360709285366521692e-01
-3.253180836252101416e-01
-4.251007186836143203e-01
-3.667001180588039255e-01
2.091258659929981223e-01
9.840660902645977925e-01
1.708957645018601257e+00
2.261355646651737494e+00
2.027858960057236537e+00
7.913280435029275139e-01
-3.983202190720099289e-01
-8.712512720766609764e-01
-1.044566806816708882e+00
-9.163901568991962288e-01
-3.289813514139514061e-01
-1.028415885900116171e-02
-7.036272782261673298e-01
-2.065667702030993258e+00
-2.729852547631376414e+00
-2.511829031660848255e+00
-1.851180559873965681e+00
-1.550546300153677448e+00
-1.289648693412897007e+00
-9.426505210562695636e-01
-8.668616435507107143e-01
-9.337563723387969361e-01
-8.103367657509996658e-01
-6.795952394621754822e-01
-1.051266277519427694e+00
-1.939098678364622019e+00
-2.421822867807810642e+00
-1.652323449032490510e+00
3.785385705911543663e-01
8.421790833249248598e-01
1.043509255892514531e+00
6.217365327131544328e-01
-1.102542159659813774e-02
-2.090428864096526840e-01
2.183278258565466978e-01
8.961242294506149841e-01
1.394606852833425226e+00
1.703756233641843032e+00
1.663217937370911281e+00
1.111539515035927961e+00
4.815512950835565409e-01
-9.186666970298359991e-02
-8.034603126696809872e-01
-1.220524749305456735e+00
-1.111573908679448275e+00
-9.789273340576452043e-01
-6.935489646145517328e-01
1.069625825019094451e-01
4.118431398604052718e-01
-4.956750170481419304e-01
-1.463323235036782188e+00
-1.329667450327325584e+00
-4.500760158914645648e-01
1.654775278658824345e-01
9.889361330000075168e-02
-4.410835378109788651e-01
-1.023333873677050532e+00
-1.246275752722429520e+00
-7.280541105545781377e-01
4.901539335615803794e-01
1.379858658208845679e+00
1.198976006452725729e+00
5.029687879721187471e-01
7.238852953934639400e-02
1.213217171756499208e-01
4.290494455067637714e-01
6.217831322418260198e-01
5.127207555107972103e-01
2.966242256445734693e-01
4.063710883959797404e-01
7.936919064618367381e-01
8.987488314950484725e-01
5.906699936054099487e-01
2.743822941381998670e-01
-1.711634853157371350e-01
-8.599663656254460387e-01
-1.007936441093473245e+00
-4.514467175691653789e-01
1.376812885013680710e-01
6.765581026103777429e-01
1.285135387925297357e+00
1.332804052267275274e+00
3.133244197730454261e-01
-1.087972272986907685e+00
-1.708123819468424953e+00
-1.171675293831801357e+00
-2.442703458428332475e-01
1.383317426137858908e-01
4.376777845169128878e-02
1.754464466843985160e-01
8.315099037022373185e-01
1.556935778444662244e+00
1.574549999042034409e+00
6.479000833835180106e-01
-8.413513907491613208e-01
-2.131652563213656926e+00
-2.664604679138199206e+00
-2.691307542160056521e+00
-2.695983541997803989e+00
-2.326071303984377003e+00
-9.088277242784298382e-01
1.035968441470347390e+00
2.026619353135896251e+00
1.518882910797746399e+00
5.815834675987585634e-01
1.037953716714167668e-01
-2.764608697736989362e-01
-1.177637932307436186e+00
-1.976242634567956458e+00
-1.737805260306542809e+00
-8.950997942777630945e-01
-1.763285624100933979e-01
1.460103865477961615e-01
-5.352233950020316572e-02
-2.485310942807974210e-01
2.015659307873680917e-01
7.466927157434001261e-01
6.344205806822319493e-01
1.892565707912545470e-01
6.355820896849534440e-02
4.604529884979009502e-01
1.079166893704662344e+00
1.234377494111044804e+00
9.245421577340484642e-01
9.893326394873194207e-01
1.422331773733468196e+00
1.373069130709041907e+00
7.066041680840113859e-01
1.331922151712591484e-01
-2.578938894149593319e-02
-1.660489676306747264e-01
-4.630170003327989114e-01
-3.704606501140975672e-01
3.222819376085969689e-01
6.953365423673103507e-01
3.763227795830608180e-01
1.435787129998105094e-01
2.347580210712277016e-01
4.348767562753292903e-01
9.996232536302033234e-01
1.796444083073347464e+00
1.970543950467827266e+00
1.191020528511183008e+00
1.344354481455774519e-01
-3.386568996085227434e-01
5.918538157371827473e-03
5.989867395654276949e-01
5.960152373532228154e-01
1.735087585415670264e-01
2.147640198052937488e-01
4.955292102359182826e-01
7.908999022756466046e-02
-7.465366966820711214e-01
-9.003556405191294187e-01
-4.007845802865191431e-01
1.195351263955673760e-01
3.486292597142181537e-01
2.123608693753206156e-01
-3.563510716885258112e-01
-1.252841630310008281e+00
-1.639363200078764349e+00
-7.791589603628649163e-01
6.129789782757386618e-01
1.435839350044983309e+00
1.520517846067118706e+00
1.045967837229054398e+00
2.759054946508792128e-01
-3.422943027482188705e-01
-7.200491830373172419e-01
-7.298508149122148181e-01
-2.420700210081518644e-01
2.255817370334686489e-01
1.977657355435853692e-01
-8.166143366355931021e-02
-3.021983149649108413e-01
-5.235085315820168228e-01
-4.998544981225716555e-01
-7.821770968451979833e-02
2.861700249195056611e-01
5.263383846695818269e-01
9.213542774298884019e-01
1.281325868404865620e+00
1.284506244853591772e+00
1.032942631538591005e+00
6.988218206791553255e-01
-4.045529613440869421e-02
-1.002870199010783558e+00
-1.568012431380646055e+00
-2.011255245727032293e+00
-2.480250037467365498e+00
-2.357586622552345634e+00
-1.552071582121385074e+00
-7.713805668096946899e-01
-5.424560780702124552e-01
-5.890876560399802564e-01
-5.404666297812409370e-01
-5.819208015583628990e-01
-7.199292248896692614e-01
-5.417182329792394890e-01
1.429276098192040767e-01
9.003148778338110336e-01
9.115167789089864137e-01
7.260818242048711069e-02
-1.015451015246898292e+00
-1.983292663816898393e+00
-2.540124636056257934e+00
-2.125075099218185493e+00
-7.085355655219779392e-01
5.390574957227203257e-01
6.360221846871813023e-01
3.183926327011413898e-02
-2.389970962514649522e-01
-8.028236513916187089e-02
-1.393798576116955512e-01
-6.869490587310039809e-01
-1.276834409915593049e+00
-1.289185441639458141e+00
-6.484678541542436836e-01
3.705858452718097662e-01
1.284985094198523470e+00
1.492558488715102216e+00
1.174876100386912148e+00
1.084040675190264036e+00
1.247350724587423576e+00
1.135371084176857170e+00
6.904393149838859989e-01
3.533572481434606449e-01
2.217775320665635874e-01
