5.443504551120026402e-01
4.261738596059363449e-01
4.859165406396392384e-01
1.036105183955053910e+00
1.454170673147963555e+00
1.343999854752501166e+00
8.410902766136577613e-01
2.247104382478470608e-01
-3.509495028121984994e-01
-6.149078383664999814e-01
-4.476507166007653860e-01
-2.176192806711614580e-01
-8.940024877793781299e-02
-1.285763899611965522e-01
-4.741943009089594208e-01
-6.549610388607440825e-01
-2.774289254617726685e-01
7.205036016820441647e-02
-1.648904456196377821e-01
-5.801603126001104727e-01
-3.817210373624851938e-01
3.794734642944878056e-01
8.557076971084101036e-01
5.612519498742037927e-01
-2.661680412786364136e-01
-8.236279182034673685e-01
-5.853672862089898121e-01
-2.437967670053357849e-01
-4.304651177005658358e-01
-6.354089380135733434e-01
-5.950350021081951546e-01
-8.249836892520959752e-01
-1.266594796173903692e+00
-1.326463458282484131e+00
-9.465737516541506968e-01
-3.483413264784959162e-01
1.689884548996231084e-01
8.735642086744911661e-02
-3.613756265933769085e-01
-3.810019754745299081e-01
-2.140816012233292751e-02
8.110766906603640580e-02
-3.397972571461073676e-01
-1.069565492175294175e+00
-1.610881651829906724e+00
-1.419945849591076614e+00
-4.952982807343020988e-01
2.630407470571333173e-01
1.777845230504961904e-01
-2.725389176500109256e-01
-5.739214958400560285e-01
-8.684141371114864061e-01
-1.008518982610034476e+00
-4.697439990558126000e-01
4.600315068962515519e-01
7.082316160499266822e-01
2.272136722129381170e-01
2.583786176266523668e-02
4.060663422261310274e-01
8.390220358659296052e-01
1.040775891045673029e+00
1.099205627509445948e+00
9.522523380798709747e-01
5.892665496009273918e-01
2.581067682736757907e-01
2.947853835329777850e-01
6.270535501796491440e-01
6.120860713215182658e-01
5.330662514645368999e-01
1.210015914705770301e+00
1.941239471300845842e+00
1.944222690598186531e+00
1.707258723113861176e+00
1.570387100279251769e+00
1.525959452139810324e+00
1.525957493639479523e+00
1.534875485387714678e+00
1.704244849423451669e+00
1.717085066230226387e+00
1.163872760132226958e+00
5.320727136896344911e-01
5.189207934333798233e-01
9.219313173455575550e-01
1.214230915341576678e+00
1.193943114965247521e+00
7.078248806230627022e-01
-1.292245870348016912e-01
-7.138108820709209157e-01
-5.837195962047017073e-01
-7.290107772673103115e-02
1.183391429310171744e-01
-3.673666918794472602e-01
-1.291328685303216872e+00
-1.941026845197362904e+00
-1.921961964837912484e+00
-1.573532939451361523e+00
-1.279488924646258408e+00
-9.289779783295335491e-01
-3.926460273314837102e-02
1.287655284464733763e+00
2.055221118653110857e+00
1.762443839621995245e+00
8.708043720158157308e-01
1.898274083208929819e-01
1.926492995669111530e-02
-7.880673527098617723e-03
-7.575617272040449657e-02
-1.984024292487394370e-01
-3.602357958446081865e-01
-4.417417437757114596e-01
-5.150652021235546663e-01
-7.726527862356084020e-01
-9.318289452669215045e-01
-6.463893214144592614e-01
-1.680023216701487798e-01
1.883107475272443598e-01
4.814306105763836441e-01
9.682553482868573314e-01
1.679154401679815445e+00
2.228571421052082613e+00
2.064374353398886086e+00
9.717920255685894571e-01
-3.177761368030793121e-01
-9.450299708170184498e-01
-1.054042145653022899e+00
-1.214897637598346902e+00
-1.308783502056547254e+00
-8.442575136127354885e-01
7.842305467796269192e-02
8.654159229993189095e-01
1.059864209165932936e+00
8.158779388169042912e-01
4.589944973773502079e-01
-8.772225459255870994e-02
-5.698615316875470516e-01
-4.969277599401981660e-01
1.332047466212854525e-01
8.888391296104042327e-01
1.074567881030179528e+00
4.815557441114598491e-01
-1.719168482895419015e-01
-3.823446009898985865e-01
-3.122715934761112200e-01
1.238318702774581920e-01
9.971428533829683749e-01
1.507942662016691138e+00
9.705623345288113546e-01
-1.504323829210123531e-01
-9.671590127555461658e-01
-1.150146970048375739e+00
-1.179959356029450124e+00
-1.375543893536161466e+00
-1.554988663167235829e+00
-1.602964055204688654e+00
-1.494353453667958131e+00
-1.162750038427748045e+00
-7.766067455732619251e-01
-6.678195211261150899e-01
-8.411007816407839455e-01
-1.073189378390188464e+00
-1.201296886161031807e+00
-9.445159580131555765e-01
-2.317917033648860536e-01
5.722068452326365406e-01
1.375105268256904711e+00
2.137304442749595967e+00
2.642332704408464572e+00
2.720550522432235052e+00
2.386768070239882800e+00
1.567336371354860702e+00
7.166442971063581302e-01
1.673337756839211876e-01
5.951546564762046770e-02
8.751763387859400056e-02
-2.265728321318242477e-01
-8.488812845055387912e-01
-1.475198721482416486e+00
-1.908626338821311608e+00
-2.130482898674865400e+00
-2.215956304176887048e+00
-2.056284930194126392e+00
-1.660418827998689117e+00
-1.285774104394028505e+00
-6.960454629063762555e-01
6.450553600739775129e-02
1.282703691031055193e-01
-4.249134088410422283e-01
-5.586256979542214562e-01
-2.445917413431460130e-01
-2.288348436422829035e-01
-4.805433371116006880e-01
-5.388171944594801754e-01
-4.386604456364666671e-01
-4.451684815886248203e-01
-5.273897011273737112e-01
-5.123755675678838273e-01
-2.897473860374109034e-01
7.825436243593367203e-02
2.623540348440226433e-01
1.846276047957234323e-01
1.004722202680727650e+00
1.434807817640025407e+00
1.577003580943372674e+00
2.032328989743285241e+00
2.584352892698238424e+00
2.288784381445140514e+00
1.206200652773290694e+00
5.464225862262844791e-01
6.274854550690938115e-01
4.986339471148134583e-01
-4.106590812031873372e-01
-1.602540310835399273e+00
-2.134913736683305974e+00
-1.617797053054281564e+00
-4.685931456469504264e-01
6.398968964361613221e-01
1.141858990657317330e+00
1.074017135022248048e+00
9.199502607002169041e-01
7.879735152047920854e-01
7.010047289301798434e-01
6.862564739160837979e-01
6.594353501004943663e-01
5.237017975492433974e-01
-3.061379638482399079e-02
-7.335926087767875581e-01
-9.527634424646520550e-01
-8.270419192702462841e-01
-8.944412428619190614e-01
-1.275403630702102387e+00
-1.463922315223139758e+00
-1.200307306542702346e+00
-7.456894946145823377e-01
-2.234052232991359521e-01
1.985441497911663855e-01
3.082647971939111442e-01
3.315376144557400512e-02
-4.550986240091269286e-01
-7.354772675378278279e-01
-6.466967974421105048e-01
-3.064183022812139723e-01
1.910740833031218944e-01
5.990298152541025933e-01
5.241852321777644708e-01
-5.376958828974990473e-02
-5.539120828720158762e-01
-5.252772486404171381e-01
-2.952232598204787561e-01
-4.497469596407944192e-01
-1.146569848168307537e+00
-1.608914933903363931e+00
-1.090959927790041251e+00
-8.403075044878366429e-02
4.225843789465302813e-01
3.138163777080366784e-02
-6.415306753640243054e-01
-6.142565581071136593e-01
1.068173891982148738e-01
5.843852840708183560e-01
3.071790457903558202e-01
-4.904209359065928031e-01
-1.198613751610093203e+00
-1.429780033896219660e+00
-1.262809057996361783e+00
-7.962431789853324782e-01
-3.143028625672789622e-01
4.363802949610410403e-02
6.946684998344032635e-01
1.420878010582581563e+00
1.369145414361419233e+00
4.197722204513105182e-01
-7.524998752993690143e-01
-1.304185926867288847e+00
-9.526848793332016729e-01
-2.290860494152415217e-01
2.852723636016125663e-01
6.024111407781755911e-01
6.207270385834157134e-01
2.285138505477967430e-01
1.312372350073888194e-01
6.527792778211389813e-01
1.008850019793187336e+00
7.931752189568362921e-01
6.071672837647648091e-01
8.829199743047601023e-01
1.100638017109625499e+00
4.487803291346609824e-01
-8.441667840268733958e-01
-1.488728955857866465e+00
-7.906360254046773672e-01
6.101898207770881655e-01
1.645965313440986177e+00
1.684388011002883712e+00
9.078253114686316572e-01
8.760260086411815472e-02
-2.666194575227607833e-01
1.657290140021143443e-01
1.120668840546547695e+00
1.586560056672212449e+00
1.175243537600140664e+00
3.300974907089479493e-01
-3.239349579012938407e-01
-7.644669414977091071e-01
-1.377118781248799051e+00
-1.703399627534381455e+00
-1.163079626657500976e+00
-3.345874618917443755e-01
1.395606049361917678e-01
4.892597420298813726e-01
1.026872132987427522e+00
1.349692274344914233e+00
9.554015889874597489e-01
2.227349118466975253e-01
2.920782722589909328e-02
3.345583194032821783e-01
3.876108669562345344e-01
1.504589046293883792e-01
6.660718597986772446e-03
-1.499452609495265099e-01
-3.544110379443790593e-01
-1.698107978603496937e-01
4.092298023426452214e-01
5.756205028577522365e-01
-2.214228680285646594e-02
-7.000710043510841585e-01
-8.790893648958504336e-01
-6.346421763875217392e-01
-1.356068590627058923e-01
3.586116629589032878e-01
6.290808416664369629e-01
9.354868463530310319e-01
1.244000038956184495e+00
1.057241122828252333e+00
4.791740786194502166e-01
-6.841317768836420454e-02
-4.416704193112088728e-01
-1.999028509738279835e-01
6.685365519380985777e-01
1.217664316944157221e+00
9.935946726212273594e-01
5.191824075028024232e-01
1.964833063805061231e-01
-1.864935665950085975e-01
-5.775265260958478697e-01
-6.014288965143063104e-01
-5.321032160786659526e-01
-8.380794669403327513e-01
-1.222425918445251725e+00
-1.092688814729341429e+00
-5.655173170292754348e-01
-1.320552492392643995e-01
-8.343322194598405683e-02
-6.637606249919260071e-01
-1.685260653161497979e+00
-2.441428205325399503e+00
-2.473029353736686975e+00
-1.954148650334991189e+00
-1.285553390223596271e+00
-7.988451945349186456e-01
-4.772211103236341789e-01
-4.394727627698233330e-01
-1.129667756301744097e+00
-1.968002254764534831e+00
-1.889470949651888887e+00
-1.055025968205377751e+00
-3.085932760009456599e-01
5.828401018899973668e-02
2.926896967400375305e-01
7.686137666234919008e-01
1.346265241843447091e+00
1.567616755054621169e+00
1.786759695317968299e+00
2.117983929495670381e+00
1.738443938831770952e+00
6.196927032702331806e-01
-2.748127310015033853e-01
-3.863839339680725793e-01
3.652950296963110993e-02
2.790947346171986920e-01
-1.877633301811992284e-01
-1.207465483194125833e+00
-1.884825317728457295e+00
-1.865784286605325137e+00
-1.773630572496919688e+00
-1.537513855037971888e+00
-7.967131204827572200e-01
-2.017267140126037250e-01
-2.315346460256726135e-01
-3.422584314944744910e-01
-2.278359624631269287e-01
-1.430236756721450508e-01
4.508057202100285155e-02
7.567024601106615567e-01
1.856227013760031408e+00
2.372058464960581148e+00
1.881073680855827046e+00
1.201355533314984791e+00
9.638593366955803265e-01
1.039549375985329371e+00
8.250563362533372969e-01
-6.141561293636828012e-01
-6.332753532118982065e-01
-8.599516815224622635e-02
4.142891074055899958e-01
5.305009176684882810e-01
2.219716573030040829e-01
-1.196319705731054839e-01
-6.415183365137526461e-02
-2.068906362716344937e-03
-4.164426685351814705e-01
-1.164864606745870113e+00
-1.713827166729662066e+00
-1.621329956178901632e+00
-9.309098388840687521e-01
-4.565479118324249769e-02
5.680720768858938952e-01
3.906473680476398314e-01
-7.461143321561787278e-01
-1.864435087233127009e+00
-1.908827659683972389e+00
-1.119191244703524157e+00
-1.386195312353008247e-01
7.157119805968672477e-01
9.400012038803273740e-01
5.037987641337775546e-01
3.399802161022538183e-01
1.060552594943468652e+00
1.816722155856713705e+00
1.501025556241331271e+00
2.644915409693006092e-01
-9.245225100741287783e-01
-1.403075267111241864e+00
-1.262466556700768683e+00
-8.553296694854564119e-01
-5.822669057148112115e-01
-4.289341420505173863e-01
-8.882582382742551519e-02
1.790512276762444566e-01
3.479422778337621924e-01
7.952488352643911629e-01
1.149539829071329899e+00
8.811374176509365608e-01
4.223752024385744042e-01
3.523675676101643561e-01
5.650718267936253314e-01
7.920653101333883228e-01
7.926402399705660962e-01
5.608018917994624930e-01
6.861671765949571844e-01
1.121360668911910219e+00
1.066960836985640260e+00
6.321479259438943510e-01
2.613382126565855224e-01
2.882708009568477059e-02
2.441576419574171819e-01
7.662873470352421501e-01
8.453371149255531902e-01
2.793971716010579254e-01
-1.214298661070309232e-01
2.833383068012992889e-01
7.530250430429978881e-01
5.956347098214995750e-01
5.068996448318773274e-01
9.612394761327009984e-01
1.313808632353842265e+00
1.113100606216060884e+00
5.829108684559676234e-01
2.174266271677040563e-01
2.215484329624749782e-01
2.894673204566802771e-01
-7.441338706867623061e-03
-7.939811955120561482e-01
-1.523163124578841732e+00
-1.613813265602584757e+00
-1.399638864335444044e+00
-1.234336456036912111e+00
-7.848891257097815322e-01
-2.242503376742323029e-01
-2.226521591446671000e-01
-5.770775097293211475e-01
-4.227289781207363428e-01
2.800709659825899034e-01
8.292729841363978283e-01
1.054715990573976248e+00
1.518011934759854187e+00
2.222232114102900891e+00
2.217962829772575528e+00
1.399162534199788865e+00
9.001543181768414392e-01
1.562669664335492259e+00
2.598183612346634419e+00
2.502705104700209571e+00
1.176273022734215523e+00
-1.710093479014567763e-01
-4.241442164978125873e-01
4.611924143820260724e-01
1.457341980791291736e+00
1.793294536668128325e+00
1.550568443148596431e+00
1.070425142113799133e+00
6.245548748513969350e-01
1.522372428710339065e-01
-5.095492523775051463e-01
-8.638072873226859683e-01
-4.589643383163420909e-01
3.185850059119083588e-01
8.718020859939424883e-01
8.617803377886658067e-01
3.066361499941521185e-01
-3.582627144897465588e-01
-5.394372547034862464e-01
-4.043699613324562847e-01
-5.842629519455567744e-01
-7.371685217389813971e-01
-3.048713820254738693e-01
3.112744995990187613e-01
3.940083319419618868e-01
-2.351022540155573992e-01
-8.628744409467759002e-01
-8.274602986034379493e-01
-3.051679441839137974e-01
3.407683738143533758e-01
7.114580949428859213e-01
5.137927454433575125e-01
1.031258199707370538e-01
3.930270896698698918e-02
2.999091552369689828e-01
3.543637345362603552e-01
-1.434226926548209657e-01
-8.439913106869374460e-01
-1.254818409280203717e+00
-1.181653601766060380e+00
-6.194735206920307657e-01
2.381096950205457974e-01
1.195849999059315882e+00
1.613115239770838372e+00
1.062483489499865152e+00
3.962582508992236741e-01
1.728319094246344167e-01
3.999841685707508643e-03
-7.603265762593983124e-02
2.047064134755413878e-01
6.014328950927971817e-01
7.629635188388947942e-01
3.780206133782577638e-01
-3.476821309910771429e-01
-6.561637124766752649e-01
-7.498031344903145490e-01
-1.250837072210078116e+00
-1.578496939898462736e+00
-1.232395292641799367e+00
-6.310971540868656193e-01
1.013480980494894934e-01
9.517914432405528702e-01
1.455949241279286932e+00
1.199111550929707448e+00
7.316027942751769653e-02
-1.308971458743693583e+00
-1.928623785694815851e+00
-1.637533921660856873e+00
-1.368790989387518975e+00
-1.635019964487089084e+00
-1.633723906720143892e+00
-8.505289710519561286e-01
1.285052496882388151e-01
7.782014357755369094e-01
8.420543375955125143e-01
3.216696142524040902e-01
-3.337162789619125269e-01
-6.660757824055963949e-01
-7.449825998433018404e-01
-7.609692405757813027e-01
-6.675969569361739353e-01
-6.100283421394269157e-01
-5.852693678900849905e-01
-2.029682425263073242e-01
7.738458468910894839e-01
1.864411274476244218e+00
2.283952504583221188e+00
1.792556949596485039e+00
9.163386543431738529e-01
2.497045709362619437e-01
-2.385024283734799022e-01
-5.959972033913857326e-01
-3.749193441415448191e-01
3.333935583658569901e-01
4.623879083243083721e-01
-2.815351044154557059e-01
-1.197781074849532557e+00
-1.869409307632216244e+00
-2.116450734733748007e+00
-1.750471106582438319e+00
-9.494724864302815925e-01
-4.771072659731038224e-01
-8.419353212438096534e-01
-1.654321580064714858e+00
-2.353364214095563511e+00
-2.527315752966766915e+00
-1.944701785514240999e+00
-9.116550937753237216e-01
5.230022655269817022e-01
2.767156235446516233e-01
-3.055587475755919269e-01
-2.836237459202505806e-01
-4.229472495509883218e-02
-4.058520021616762175e-01
-8.957926674326893712e-01
-8.705069858774334701e-01
-5.775233763144764776e-01
-1.710537688155262803e-01
1.793260224988132701e-01
-6.150064585229435971e-02
-5.920347086135399062e-01
-7.751619558287606848e-01
-6.172701475965846063e-01
-2.854384127414800187e-01
9.301317349735800655e-02
3.931322145090143105e-01
3.122919035776184349e-01
-1.599078487753314570e-01
-5.072619238360024374e-01
-4.804346623977898134e-01
-2.561295619901793885e-01
-9.344332555167153553e-02
-3.063142115156239353e-01
-7.727123931628013809e-01
-9.152096987008724316e-01
-6.385537206230396112e-01
-6.684230556316782534e-01
-1.240661280259154564e+00
-1.583846875924692865e+00
-1.299954549801069392e+00
-6.595821357507346550e-01
-6.288867578678852821e-02
2.474440002665946881e-01
4.639861774230749081e-01
8.148245129207123405e-01
1.286316795704592897e+00
1.535693458134808287e+00
1.076315383632191702e+00
1.765480523917246436e-04
-1.004576059584727510e+00
-1.251430776127392175e+00
-5.145410678097235291e-01
7.522691019724550010e-01
1.645509537097218145e+00
1.634007810890406809e+00
9.204655195227469111e-01
7.741750364735995593e-02
-2.692129341056672120e-01
5.196718377379505593e-02
4.438352363860189609e-01
2.950059398253965792e-01
-1.531697175918310949e-01
-4.636792439993870918e-01
-3.949201205039979401e-01
2.590258230228638103e-01
9.307219281102004915e-01
9.675623434464030170e-01
6.514657811164124013e-01
4.668933736269469947e-01
7.433096628440661879e-01
1.337067123194425999e+00
1.464669563295833310e+00
8.936286331682032902e-01
3.289980274697748563e-01
7.546640131102792803e-02
-4.824086781937568236e-01
-1.418486756705130247e+00
-2.083411460754426514e+00
-2.397314559317922811e+00
-2.242647471202437792e+00
-1.304125991873592794e+00
5.935903788726862307e-02
1.319856903478510812e+00
2.127177981497713422e+00
1.995827431798541163e+00
8.674235329305970410e-01
-2.323845750922315656e-01
-6.079324251216223773e-01
-6.833521287638139041e-01
-4.620393036693739575e-01
1.225457514963687461e-01
4.852901524332784433e-01
6.387329880048125963e-01
8.547500191659106461e-01
9.496336221778034492e-01
9.881539964212776583e-01
1.033843838454217678e+00
7.839809504809582830e-01
1.216443347446697909e-01
-5.798473160610575494e-01
-1.041487500132728838e+00
-1.399414436962469255e+00
-1.708987654441250781e+00
-1.847247844160795571e+00
-1.849982816257505380e+00
-1.743582676326157488e+00
-1.222480023624695544e+00
-1.861457839488452892e-01
6.064190542766847436e-01
3.847499976711376002e-01
-5.083291215651118966e-01
-1.202779562217624054e+00
-1.213647025394046119e+00
-7.487796264245378808e-01
-2.412799688971544176e-01
2.010558082344935382e-01
6.481674305343996245e-01
8.867775174262224613e-01
5.981816496535415917e-01
7.295946642891076861e-02
-1.149423205656985719e-01
3.466910314268214360e-02
-6.733066657809831657e-02
-5.614683665649268240e-01
-7.351833053223869596e-01
-1.218282758954123274e-01
8.908949020844386668e-01
1.489235517339991155e+00
1.323965721109839455e+00
9.529172546261742704e-01
6.986130291456104091e-01
2.381900947580490036e-01
-5.430757569386146510e-01
-1.244066986976336331e+00
-1.545904451319569661e+00
-1.688949849508111889e+00
-1.643180848860906096e+00
-8.696885460540848545e-01
1.081859309185129181e-01
-8.085044698584407659e-05
-5.934806345746730383e-01
-4.760342731616276635e-02
1.357600914397236735e+00
2.007676050532632761e+00
1.294525351617336284e+00
1.026562174858469678e-01
-7.366622311932294886e-01
-1.150990411377764921e+00
-1.340412718943950976e+00
-1.196188699210724904e+00
-5.382460702331350877e-01
1.677202950679430593e-01
5.663416821681458435e-01
5.973553794839160380e-01
5.508782752772443253e-02
-6.915129949329759107e-01
-7.817284869024514471e-01
-1.737114587660440190e-01
4.201235058013302881e-01
5.838589517628417491e-01
5.008404047374276358e-01
5.970787339341517841e-01
7.614178668782329851e-01
7.016277023107945210e-01
6.558315631451411276e-01
8.448928675209012029e-01
1.203238840158098455e+00
1.558159979973822162e+00
1.609670512992675606e+00
1.110606662122317623e+00
1.908137426501286815e-01
-5.232275524257459232e-01
-5.506533481193685020e-01
-1.351299726553557012e-01
4.849992631915964192e-01
1.172434405657317047e+00
1.586429600243660865e+00
1.834066807676958399e+00
2.134271656935690764e+00
2.337104743125480777e+00
2.314688781712051835e+00
2.059836035391664488e+00
1.658446828505635295e+00
1.382698944482616543e+00
1.379596740840169034e+00
1.497057752066512704e+00
1.411881730564917836e+00
7.037514476212286541e-01
-3.415673547648045427e-01
-8.056995196470494447e-01
-7.701309755554588410e-01
-9.336449341825687753e-01
-1.240368939445751773e+00
-1.283631616669123288e+00
-9.447748707004340885e-01
-7.564820712747866160e-01
-1.059819424337816063e+00
-1.423546699660596992e+00
-1.478933536898976664e+00
-1.104061134745462081e+00
-5.425555883502779508e-01
-4.035857243839703346e-01
-8.685724376387382595e-01
-1.444862665783772204e+00
-1.459468495983301972e+00
-6.463608488585715905e-01
2.466345306959891737e-01
3.761235944749091731e-01
5.951495971607609903e-01
9.941503322651746855e-01
9.781058297891531694e-01
5.918194018844363802e-01
5.017081312698866702e-01
7.899641356457103303e-01
1.044504060711603399e+00
1.132787504659113598e+00
1.108974118550674737e+00
9.467760331982232325e-01
3.938118822904722593e-01
-6.489064558805500704e-01
-1.682741991989330277e+00
-1.976512765529710336e+00
-1.565398971800057826e+00
-1.104992838625243445e+00
-7.691073227341921337e-01
-5.829777358357505213e-01
-7.417729951141386335e-01
-1.165642634032455494e+00
-1.344213957830480588e+00
-7.087194850215242647e-01
2.480110163526262346e-01
5.241972655508959633e-01
9.364595300504775788e-02
-2.967675720681877682e-01
-3.204372586547182822e-01
-4.849586678928680672e-01
-8.303494642291543437e-01
-6.770084478367662806e-01
9.273496070365834509e-02
8.621027954365796386e-01
7.959936064807822120e-01
-1.141498772174175252e-01
-6.733780115226996044e-01
-2.750199643538756566e-01
3.390466591980183519e-01
7.053545011319088953e-01
1.212651614978324410e+00
1.946518281425245744e+00
2.323330727059785605e+00
2.061567791254967918e+00
1.628985788985864547e+00
1.264485471031158159e+00
5.632892792892475464e-01
-1.516839086089210586e-01
-2.369231747379612896e-01
-1.516130025081977584e-01
-2.736859422669273845e-01
-3.261272941446068940e-01
-2.705171366295196500e-01
-1.885262326433570224e-01
-4.678834303706251585e-02
7.770114288019827620e-02
8.793694704017077091e-02
7.509778721001587887e-02
3.065363713334216533e-01
5.844204653017788242e-01
4.552098226451767871e-01
2.212745846685682249e-01
5.483697472561263053e-01
1.217265999781484975e+00
1.518487309346591152e+00
1.298069490642292489e+00
6.515273457666630463e-01
-2.143474410917970141e-01
-5.136448628171044195e-01
1.745816435045063897e-01
1.029036249601451347e+00
1.249141253733931034e+00
8.730987924242031850e-01
4.775060242330027988e-02
-7.310611426339531649e-01
-5.676279423588392881e-01
4.232622270029139377e-01
9.369195574245816616e-01
3.820351283825537680e-01
-6.160735838255990693e-01
-1.378057371628244931e+00
-1.681431998283775542e+00
-1.733344856592260896e+00
-1.774284722468935760e+00
-1.594482365981012117e+00
-9.091959293757336802e-01
-4.538425436805644531e-02
5.201971349528171640e-01
6.726492786704871829e-01
4.172779443077976325e-01
-4.872546846845129398e-01
-1.951271265808893540e+00
-2.651224853999221587e+00
-1.449539436223256983e+00
7.955800655880524985e-01
2.326584142096612684e+00
2.563353746358900231e+00
2.186265771508290712e+00
1.747467531450026312e+00
1.082480800257187514e+00
2.002377627230130519e-01
-3.299023326271569578e-01
-1.830966725742780576e-01
4.547329498923755042e-01
1.090486990087842889e+00
1.209262797098160425e+00
7.947093964183835624e-01
4.366550176155234997e-01
6.544020387580503639e-01
1.226058864175668672e+00
1.496332007624166627e+00
1.291370038726192826e+00
9.897909731811197487e-01
7.355252628003279280e-01
5.568100608281025821e-01
6.508492880148579740e-01
6.152014119216933086e-01
-1.351419582462354101e-02
-4.936465398281235650e-01
-1.508431503730046919e-01
6.064280398524460880e-01
1.330270394375496323e+00
1.642944101113145816e+00
1.346864414345748440e+00
8.005730432656036344e-01
1.615134375261150501e-01
-6.664113904183015524e-01
-1.258077392952027918e+00
-1.175781906850607461e+00
-5.580493953529023221e-01
-5.641257140046103402e-02
-1.141745990916256809e-01
-1.441590457638971257e-01
3.514604226647656260e-01
1.110610466953825037e+00
1.789422027130542325e+00
2.077022460867076425e+00
2.023060898632200733e+00
1.762409586560907515e+00
1.034270892496333083e+00
-6.645532204610800353e-02
-1.161638268374035166e+00
-1.953858349913280668e+00
-2.062116658434147709e+00
-1.459094866420574510e+00
-8.759831631939107854e-01
-1.039505530694670554e+00
-1.560620104530641150e+00
-1.449333069207784375e+00
-5.708823503695009682e-01
1.623048196364640372e-01
1.355931233477485898e-01
-2.222194408192395554e-01
-3.599369660902561052e-01
-4.980981804483176067e-01
-9.006661107257118992e-01
-1.111817493443886473e+00
-7.756752638753442453e-01
-1.696317287182702305e-01
2.547743977264718129e-01
1.392263302542359471e-01
-5.560444694541850641e-01
-1.385301106990830755e+00
-1.446567585676510781e+00
-4.737756416891820144e-01
4.461467429222366055e-01
4.910792916194235413e-01
-9.916959258458030516e-03
-6.257466701971629019e-01
-9.487382172787619528e-01
-5.678657394375232759e-01
-1.344874760922183665e-01
-3.598984151483343163e-01
-9.021055084051793349e-01
-1.259352226764369975e+00
-1.224776584369867471e+00
-8.063769394729026763e-01
-1.698091714644624495e-01
3.257236787486619267e-01
6.076123899841159304e-01
8.116041804799507542e-01
5.884297029047620420e-01
-5.318856179434568870e-02
-3.950126396406088980e-01
-1.597830562676222366e-01
1.802989288484421471e-01
3.494909891705696992e-02
-6.452532774601416055e-01
-1.275471154780837280e+00
-1.352476388879338742e+00
-9.681496736554957572e-01
-4.690522862999035869e-01
-9.708886393188090325e-02
-5.286424811432990922e-02
-7.210110147809010162e-01
-1.685295113571400050e+00
-1.557258657748125552e+00
-5.948913894409409986e-01
-3.851385221519904034e-01
-8.578167201303971146e-01
-9.362948235027018784e-01
-4.607040248081898937e-01
8.295957893630142577e-01
1.263474790251426061e+00
1.655662493653678569e+00
2.133994227309640390e+00
2.282215889228137229e+00
2.183980994730612135e+00
2.284511659380394910e+00
2.342441017632306277e+00
2.132522886225808101e+00
2.174398096659470703e+00
2.652394141916500026e+00
2.721313912067686136e+00
1.989453898588285030e+00
8.237766074268175753e-01
1.160700686206433407e-01
-4.095538775394602649e-01
-1.333666139442263976e+00
-2.204049592930938939e+00
-2.044103974005546664e+00
-8.806589207775609163e-01
1.983331731801726561e-01
5.185195257464750851e-01
4.243369121959953971e-01
4.163739040816832881e-01
5.120903230977230658e-01
3.277286478732564512e-01
-1.344486041225077810e-01
-4.554643958987727448e-01
-5.615287559237585047e-01
-5.811149025885445907e-01
-6.238995348737320645e-01
-6.901702391774745537e-01
-3.713990262983987711e-01
4.227448800188721711e-01
1.104804566273630106e+00
1.177338348949033220e+00
5.952002947643532105e-01
-2.351975678182551821e-01
-7.302497326643114794e-01
-6.396867885299859502e-01
-2.815628088366421977e-01
-1.699352607097996404e-01
-3.498589658119255486e-01
-5.892328004036999634e-01
-8.223060288038539500e-01
-7.678161859788000809e-01
-3.205098810777320256e-02
8.619522885447160609e-01
8.449884800928848527e-01
1.727759359914267934e-01
1.507460200808923290e-01
7.785977327735670306e-01
1.095917962299779225e+00
9.361563949385024452e-01
7.720250687180865157e-01
8.544728258573355273e-01
9.554562560286743444e-01
7.590259843570796860e-01
4.357613755595070582e-01
4.930970828990984822e-01
1.031941936434073170e+00
1.690306768340794186e+00
1.895921427590204322e+00
1.382278430416398418e+00
5.550156189053840894e-01
-7.860104596695507984e-02
-3.592883937177701048e-01
-2.225585409754504695e-01
5.683741763576236755e-02
-1.438609622301399438e-01
-8.710718167789690547e-01
-1.558383313405025117e+00
-1.592511936989832844e+00
-9.686012001611343791e-01
-4.131692545182577003e-01
-1.312914110814288604e-01
4.514565600117423916e-01
1.038585159212717324e+00
7.530723382721050685e-01
2.556534969981128034e-03
-2.172320137305834009e-01
-2.236095773299884293e-02
-3.387581601172708762e-02
-2.384688256376198690e-01
-9.529462369206978534e-02
3.396196297292791155e-01
1.867620262228985029e-01
-6.502689115343602833e-01
-1.320223686100674643e+00
-1.535188077417895203e+00
-1.584435051608814149e+00
-1.528081322101409789e+00
-1.567504478296755543e+00
-1.929841343855664526e+00
-1.970644649627689704e+00
-9.358103978196652406e-01
5.859442865474135953e-01
1.320430242158510792e+00
8.162786628838917258e-01
-3.988509232018904727e-01
-1.354011137979360679e+00
-1.338296909615508179e+00
-7.183411003575336240e-01
-2.777505408560538291e-01
-1.140069285340385291e-01
-2.252581341106137669e-01
-6.520113789980916952e-01
-1.009212842544064737e+00
-1.199101299693325018e+00
-1.511818770324115491e+00
-1.828916333382231585e+00
-1.796922506544575970e+00
-1.387096839314542418e+00
-7.241750453699101753e-01
8.216543197128159393e-02
6.678979071407460388e-01
8.036470611773254280e-01
5.241611056853634487e-01
1.328741096490196061e-01
4.017951997881701737e-02
2.443426349221427540e-01
4.772701415877222964e-01
6.928590293852150417e-01
9.494522958112620037e-01
8.654044730548980935e-01
1.352521493213452441e-01
-8.743935787628194234e-01
-1.299642962091685394e+00
-8.675906183311613562e-01
-4.133706770879616021e-01
-3.178070578009764002e-01
-3.486000097756269955e-02
4.903708019363909321e-01
5.307897964699642701e-01
-1.741106481134511164e-01
-6.893341597964072198e-01
-1.294333015608667148e-01
9.828988383997906420e-01
1.383524923921561456e+00
5.745253239323832029e-01
-7.461478798199951967e-01
-1.492654448234140174e+00
-1.268083315403740752e+00
-6.082739063742875762e-01
1.624852342778613234e-01
1.083474731855063489e+00
1.946473730643848654e+00
2.368716943364229000e+00
1.877092196280581771e+00
6.422309261561250926e-01
-5.530674089887983591e-01
-1.101530028574657205e+00
-9.486281299979189008e-01
-6.505777764910685157e-01
-5.700807457398956446e-01
-4.375155576811943781e-01
6.764265640850850025e-02
7.514007746372899366e-01
1.003302720782151880e+00
5.348833768244612985e-01
-1.131004375684921959e-01
-4.254512494254272803e-01
-4.725763921053169336e-01
-3.241208651546751973e-01
-3.706508594589268124e-02
3.130143236695492881e-01
5.870096191636797744e-01
3.559012918256942437e-01
-1.727625556915735328e-01
-2.178371889623718083e-01
2.492366338017113214e-01
6.069746689351183111e-01
2.315726182033881475e-01
-7.263396799313641683e-01
-1.236465059055844584e+00
-1.120717460100056684e+00
-1.099221701915105598e+00
-9.614681729315120995e-01
-3.020159225600518305e-01
4.152285709996406671e-01
8.945226448423997390e-01
1.086941418160954687e+00
6.390954937654513834e-01
-2.209179087339957215e-01
-7.596627893472387427e-01
-8.034659593117102760e-01
-7.439769260670313633e-01
-8.780271645394979174e-01
-8.927591792410268789e-01
-6.444927496980352721e-01
-5.234039207607915634e-01
-5.102070963280793681e-01
-5.378038143561809648e-01
-7.665321387324208757e-01
-8.321832833122566608e-01
-4.322072714783578573e-01
-1.174527461751091462e-01
-3.358610570746881074e-01
-6.224112810888881020e-01
-4.761705431669210342e-01
-3.184402953394556146e-01
-6.041624518282275869e-01
-8.077797407764386595e-01
-9.523755818373180748e-01
-9.797845079132977419e-01
-7.855047529775995852e-01
-4.463956720843992310e-01
-3.733889505646813545e-01
-6.481475784046066835e-01
-7.266131715137378322e-01
-2.875506209240113464e-01
3.236421472953527334e-01
5.926057263829188626e-01
3.958762503941155031e-01
-1.033019291204527110e-02
-4.347901502216047764e-01
-8.763733601702958786e-01
-1.311256422068170835e+00
-1.514231429730339418e+00
-1.142431255737530904e+00
-4.600301595530320586e-01
-1.650428284596623663e-01
-1.665556806793110634e-01
1.118725934624821422e-01
8.583618263864122300e-01
1.711103443252104395e+00
1.851229024141133328e+00
9.332859040036872722e-01
-3.974734709482750650e-01
-1.390007500305600052e+00
-1.662323408802762970e+00
-1.029985554364844624e+00
2.687050618911652200e-01
1.253512270347811652e+00
1.274916228724051415e+00
7.012465389340916122e-01
-4.704857351895525702e-02
-7.118015618804256484e-01
-1.118512769046758226e+00
-1.346752028408371604e+00
-1.587573337577708799e+00
-1.909484412248364515e+00
-2.185395546529835809e+00
-2.006717190892201241e+00
-1.265829427604369339e+00
-4.133607621605044913e-01
2.807603081324638317e-01
7.927287659973519807e-01
8.676547444373213791e-01
7.386260455350658338e-01
9.766095771255574043e-01
1.027908661248433386e+00
4.679693642558944711e-01
3.980891504312662060e-02
9.258103935785109984e-02
2.295193809886569014e-01
2.362327983031753398e-02
-6.724257765717536195e-01
-1.401333417543352944e+00
-1.435158366309225553e+00
-8.524729449119992086e-01
-4.763890274300123240e-01
-3.872039778430084178e-01
-1.573282310812948726e-01
-5.720269478672562746e-02
-2.132168269445457454e-01
-1.947954363247898502e-01
1.363577727164018982e-01
5.322296065516864960e-01
8.676249199326803163e-01
1.195241020943136334e+00
1.463775164732132872e+00
1.508138166805234714e+00
1.449633676291246953e+00
1.548471703195175797e+00
1.659057341061300983e+00
1.470256270520905018e+00
1.109411353132106370e+00
1.157664881198829265e+00
1.848300622134450899e+00
2.647862017034774418e+00
2.741449403020868036e+00
2.741449403020868036e+00
2.201428437977095420e+00
1.255088426265640988e+00
4.583991167577179948e-01
-3.306422639791961604e-01
-8.434930083023406411e-01
-7.498231491603438714e-01
-5.896393795864411924e-01
-9.282529178155799476e-01
-1.368044091865193490e+00
-1.301690388635077245e+00
-8.216520608896437095e-01
-4.828647198202421498e-01
-4.128266591559292542e-01
-1.577754785598214915e-01
3.615735794588530450e-01
7.549302390492687032e-01
8.883594900096161151e-01
9.346852531265779085e-01
1.269119937981074919e+00
1.804072788914300229e+00
1.402748653950319335e+00
-4.081985733129592786e-01
-2.081162367471817820e+00
-2.063935323952079237e+00
-9.059827890164884323e-01
-3.664055843811622748e-01
-9.835539952530663044e-01
-1.371660228198858356e+00
-5.650535607419769901e-01
7.402088950257688094e-01
1.769318521268734123e+00
2.012838495554827745e+00
9.610637964332875427e-01
-6.752280566519103244e-01
-1.488944657782186098e+00
-1.257493898290187540e+00
-8.900632893988433825e-01
-9.264834731252203914e-01
-9.615289689321138145e-01
-5.711689023820313293e-01
1.853948706714987280e-02
3.587053413453960560e-01
3.112303183469750656e-01
9.713899365803398134e-02
1.028622733644948967e-01
3.829708520534627625e-01
6.149994933706118827e-01
4.658373187783496627e-01
3.283397179304716005e-03
-2.759832710588707161e-01
-4.328288369008582714e-01
-6.327868618351674135e-01
-3.408687659222467414e-01
3.905836199403086573e-01
7.929618514737184487e-01
6.662301753827524209e-01
2.432944889024850343e-01
-2.155668569474561147e-01
-4.612355032027308233e-01
-3.041579983019950251e-01
3.661610035942132191e-01
1.142514714430828304e+00
1.417250733212816582e+00
1.108736781877511346e+00
5.148459106049049216e-01
-3.346640241144177574e-02
-5.444123094171553490e-01
-1.019005090953012393e+00
-1.112440087798401978e+00
-7.075257252590423374e-01
-8.724695392823066109e-02
2.268859708028805044e-01
1.047475863964407450e-01
7.901863087646793238e-02
2.423520433892111248e-01
1.627657183107758254e-01
-3.301518058942461975e-01
-8.075370144162045127e-01
-6.419108023021411480e-01
3.537479488735782024e-02
5.830952070462283032e-01
7.488139119217510631e-01
6.210354995455308336e-01
2.171354363586821545e-01
-4.802079506319545943e-01
-1.061013843958721337e+00
-1.156331174670734319e+00
-9.567003607786542796e-01
-4.528834014897430982e-01
5.238362647879363232e-01
1.352465135231216253e+00
1.042148196435011664e+00
-5.921885672980234383e-02
-6.485517600469282717e-01
-3.204659799680024679e-01
3.450449949897352875e-01
7.137859127097144762e-01
6.546055959489118781e-01
6.566576355855932023e-01
1.076724353291240277e+00
1.335131386900520356e+00
1.029027927234656303e+00
6.713576968763345088e-01
3.072774245703476792e-01
-4.149306077589940966e-01
-1.114706391194771218e+00
-1.332916392744127210e+00
-1.200948009440928388e+00
-8.539918047195603767e-01
-6.341804079334291133e-01
-1.168313624544881302e+00
-1.723308834945387336e+00
-1.144561814779576192e+00
-1.463351970123110551e-02
8.780697877646347349e-01
1.488146029135318571e+00
1.320977910166733826e+00
4.561223787094731974e-01
4.231204245786610585e-01
-1.105529671456451785e-02
-3.338859204304061024e-01
-2.669760766256298878e-01
-7.596305724016433336e-02
2.307892915986394788e-01
7.679263883119745726e-01
1.025064369724323798e+00
3.566346196633467525e-01
-1.007712180042133587e+00
-1.988224162370923587e+00
-1.815111412374568634e+00
-8.995852256990689577e-01
-3.549712327516486021e-01
-4.525255464799749494e-01
-2.079358894692238113e-01
6.197207208525776778e-01
1.302228079309566189e+00
1.748694245591012608e+00
2.210451446066746595e+00
2.506199748141506145e+00
2.512823552878011846e+00
2.150467393335823818e+00
1.297202823771003599e+00
4.122360369308443739e-01
-1.617371724518961232e-02
-9.047675427744431009e-02
-2.348810481355002588e-01
-4.585722550092881100e-01
-3.156497377998038201e-01
2.090946166271246409e-01
6.436585925730554658e-01
5.870631604291712824e-01
4.476704940466518234e-01
8.621865576000331544e-01
1.019673050978526563e+00
-1.644989304538345062e-02
-1.285201419233965137e+00
-1.660699914658701815e+00
-1.059573500222492193e+00
4.519310575543246666e-01
2.089167466686870256e+00
2.498652738505340754e+00
1.892357447588624231e+00
1.424035466557999063e+00
1.220699695599859469e+00
1.010166968863066783e+00
7.047237003351293216e-01
1.759805717058662844e-01
-5.869633246798525716e-01
-1.437527601916015474e+00
-2.112837315851193054e+00
-2.424156704096692927e+00
-2.545523287170579518e+00
-2.465055506408615038e+00
-1.859720204068198823e+00
-9.076667607297880247e-01
-3.214622464252986367e-01
-6.282114502195211836e-01
-1.467876395525591127e+00
-1.879001008355353441e+00
-1.689739991364700211e+00
-1.162882378007077389e+00
-2.531257085133012952e-01
6.082050075246632215e-01
8.000737104014770118e-01
5.977968938296954748e-01
7.040747337927445448e-01
9.679324261031938548e-01
9.456654963400537017e-01
9.255380228098770701e-01
9.535453359983566690e-01
5.138577416138114806e-01
-2.923054396215138406e-01
-8.106368715505782863e-01
-7.181928880398877890e-01
-2.795596671998998861e-01
-1.198238058566355596e-01
-5.806722579220507940e-01
-1.032227941888290479e+00
-6.841250547535994153e-01
2.637224903580093760e-01
7.297139186376105924e-01
2.758451526856843805e-01
-2.673053262025638088e-01
-3.345805279030487078e-01
-3.231402943978249898e-01
-4.576585334109085079e-01
-3.483160333089568295e-01
2.203091503930086903e-01
7.418948819187243249e-01
5.859584792245826623e-01
1.556814894797599325e-01
1.823736482230172429e-01
3.232035903333669302e-01
2.517518990532611745e-01
4.615426289528293258e-01
1.240236147409550460e+00
1.877940768043904196e+00
1.811535431641622784e+00
1.540797237933631214e+00
1.372352201240625291e+00
1.072060823988672640e+00
5.388508914239423797e-01
-2.463229793812710677e-01
-9.375292107866667335e-01
-9.099119101958093037e-01
-2.597034015914776450e-01
3.464752901647725758e-01
5.374161204110060597e-01
3.531358366151222672e-01
-2.306920037221749376e-01
-1.123438179429253614e+00
-1.626823844740159952e+00
-1.393997904408720290e+00
-1.148148995407048067e+00
-1.336418265504561109e+00
-1.492499434306772121e+00
-1.287882075192193110e+00
-8.725976689412906495e-01
-2.321461685915969242e-01
5.421453961325698456e-01
7.959680308837292495e-01
6.018335972986380566e-01
6.026509002958707617e-01
5.650550578911323063e-01
3.315635881328121704e-01
2.387825800940541476e-01
8.615394607906219637e-02
-4.599931470601297256e-01
-1.040032281377946566e+00
-8.573922287072501813e-01
2.337201955905656992e-01
1.136156475180184922e+00
9.212749547527462335e-01
1.936075519888137975e-01
7.078405098374881445e-03
4.897971495562859490e-01
1.124925346974164908e+00
1.405644069127490514e+00
1.141066753641171605e+00
7.600934078378898118e-01
7.806527877005069449e-01
7.012432797733779699e-01
1.256458603151329239e-03
-8.460366555300214975e-01
-1.455287177785333119e+00
-1.774529063287813235e+00
-1.667021215397910483e+00
-1.278368561759416711e+00
-7.901498367578215776e-01
-2.685370079978082747e-01
-7.666159860090705769e-02
-3.715247520599566089e-01
-6.009235970487011302e-01
-1.105970025210376989e-01
6.765896535417932345e-01
8.112030804710793630e-01
5.138588825497463208e-01
4.648363161763451878e-01
3.977919448603391417e-01
-5.777505137489356152e-02
-4.585767075297207396e-01
-3.925923287268093254e-01
9.446369372829936661e-02
6.628002616185171281e-01
7.828241704493523745e-01
2.734437923359470668e-01
-4.086948594820612457e-01
-6.510715275317531248e-01
-4.281315483800087751e-01
-4.229709479852237775e-01
-1.003492546725641477e+00
-1.381430733898487917e+00
-7.598943728436121647e-01
4.661548993677034347e-01
1.120504233405664074e+00
7.127039240788795027e-01
-1.677324026194587925e-01
-1.058738931711268094e+00
-1.646793451054943125e+00
-1.600118193398853306e+00
-1.236402865654400163e+00
-1.043493110104944055e+00
-7.752373232490872290e-01
3.452844707064346014e-02
8.324424817995356163e-01
6.635664489948358558e-01
-6.301710415154684886e-02
-4.253210202123623440e-01
-4.312332590437756297e-01
-2.516315944566231977e-01
-4.487247442314135776e-02
-5.722071382035306270e-02
-7.670447319594797184e-03
4.630596097495231489e-01
1.045492444286580946e+00
1.264595827524959137e+00
9.134378526991469016e-01
