7.462972789743642643e-01
1.887561352775287693e+00
2.758457195509597337e+00
2.758457195509597337e+00
1.775913969440380269e+00
1.709234644971296124e-01
-1.173103385530914311e+00
-1.805025372873208189e+00
-1.641852779027533016e+00
-1.230805942614833448e+00
-1.041287211171269877e+00
-1.005936064411921516e+00
-7.681245885459132561e-01
-1.776210301013085302e-01
3.659219105845083475e-01
4.317917352753259386e-01
1.750331748039614665e-01
1.715230634670018017e-01
2.499441048749040106e-01
-2.288901836968117443e-01
-8.971732196297299566e-01
-1.239656359377829142e+00
-1.278767445549373383e+00
-1.006786774392328665e+00
-3.171337041593039752e-01
6.674618364781028657e-01
1.183945714844202080e+00
1.033192479950875819e+00
1.211204113249711112e+00
1.790984322702649401e+00
1.480495345935880946e+00
2.296720955108604301e-01
-2.707657528616945197e-01
4.238394257081861682e-01
9.077668987114440036e-01
4.528015722035397261e-01
-1.653381568743964580e-01
-3.712768757576448975e-01
-4.956568709644580406e-01
-7.140023119591508705e-01
-8.812986857483472436e-01
-8.278581330191320253e-01
-3.485935516560063618e-01
1.749477614340151921e-01
1.974746047974273166e-01
3.666445389419318301e-01
8.842501210594452266e-01
7.336046490627488037e-01
9.060431649767779205e-02
-8.456706749862780148e-02
-4.431034650300683109e-02
-3.963986619573814374e-01
-6.925630211632560762e-01
-2.150675790705340873e-01
6.532601671183823067e-01
1.125590021871813562e+00
1.186142520202130957e+00
1.176707242792682795e+00
1.190860552476265211e+00
1.141055934904030789e+00
6.833137009734698841e-01
-2.236594056971335231e-01
-8.378912421773558883e-01
-6.995099453627166008e-01
-3.642566040317179454e-01
-5.066588175199029376e-01
-8.146271209129541946e-01
-5.662253124363455514e-01
9.384780495083926144e-02
2.174996617632319051e-01
-7.648214781602932222e-01
-2.197917546391920940e+00
-2.761580444072933016e+00
-2.761580444072933016e+00
-2.649129777344795933e+00
-1.707328499213507378e+00
-7.972909661884574062e-01
-3.738744756552490889e-02
7.003203081927068530e-01
8.459507381282629357e-01
1.087691682004432447e-01
-7.814009542625126592e-01
-1.115800768062702009e+00
-1.120148623709682267e+00
-1.356765618462365097e+00
-1.610700605455951173e+00
-1.127424844474523846e+00
2.127492790748839180e-01
1.264661898107993121e+00
9.257536149208369647e-01
-4.175712175140874338e-01
-1.659828032981817580e+00
-2.360496228490271520e+00
-2.424891344496394652e+00
-1.824480967448027124e+00
-9.856962625546673573e-01
-1.934039347348191495e-01
5.913863612389469449e-01
1.052155606292236589e+00
1.062964424056271451e+00
1.091026807824913458e+00
1.230323534713396727e+00
1.390833433704514732e+00
1.800128612970575803e+00
2.281023124538456681e+00
2.219948332064331620e+00
1.352598471397881585e+00
8.229620974462358018e-02
-8.797176661601622261e-01
-1.188273930272786050e+00
-1.055339899553630056e+00
-7.826584085534554758e-01
-4.934702485086995272e-01
-3.069492898909703671e-01
-3.064775201759122880e-01
-3.074270773713020377e-01
-1.087425172640379828e-01
1.217683948725020449e-01
9.422627886828804922e-02
4.389539448893256535e-02
6.676624849733280020e-02
-3.646732833758281056e-01
-8.987835581763753412e-01
-5.223737393540945906e-01
5.102683643576235717e-01
9.501850265546954999e-01
4.367302943782794267e-01
8.205245619282550487e-03
3.600150698786653281e-01
7.611766731469332692e-01
6.884351488918383222e-01
5.166798904813109106e-01
2.789191692000658196e-01
-9.560745246971810718e-02
-8.292435640837836353e-02
3.844993393588445607e-01
8.064215605230276029e-01
1.179155828036990483e+00
1.452417650850277520e+00
1.281727666162758794e+00
8.109475726935162498e-01
4.620901484350790067e-01
2.227583719376086402e-01
-5.122051593783671919e-02
-3.203166180379655725e-01
-4.513006952696242968e-01
-1.041946715835527226e-01
8.673192004749776807e-01
1.883794808937308440e+00
2.190898219403544900e+00
1.871728533754278390e+00
1.435774580052095351e+00
9.917758312082531891e-01
3.666928774661202817e-01
-3.573801019347340180e-01
-5.856584600906595828e-01
-2.439828828676336991e-01
-4.547524452925689326e-02
-3.100636208699398266e-01
-6.414886828564613230e-01
-5.649580477989831762e-01
-3.599035718539619899e-02
5.710853827625058665e-01
6.944045443731373668e-01
9.035356240221946444e-02
-7.555400857059689779e-01
-1.174277613863473624e+00
-9.442843945780626802e-01
-2.008186561278685889e-01
7.153621325560294286e-01
1.160199094907847117e+00
9.024502403318392929e-01
3.967078848064630736e-01
-1.065409805553775707e-01
-5.518207647543761363e-01
-9.455199145894039869e-01
-1.192736452542616954e+00
-1.050058665567907168e+00
-8.957728626201101330e-01
-9.719712154301777263e-01
-8.148721986135167850e-01
-2.486276150495262682e-01
3.389941805134153996e-01
5.546236689775503326e-01
5.022202663674362189e-01
4.127059058947816217e-01
2.099426991146025046e-01
-1.379006141578870692e-01
-3.813650336123894369e-01
-3.894011559206381201e-01
-3.285896707911330483e-01
-3.301957471992009729e-01
-4.491599983359584325e-01
-5.619108178328097170e-01
-2.160374635770331009e-01
6.058166736082098991e-01
9.274080455032071013e-01
3.155671833108066315e-01
-3.315560026842553354e-01
-3.722543284660491669e-01
1.059533825212372049e-01
3.020443928379680232e-01
4.963604674051951826e-01
1.528341290434512556e-01
-8.538951253873158231e-01
-1.796517341229941778e+00
-1.742348582752322628e+00
-7.638874484753258587e-01
-6.505258686586640714e-03
-2.044452224062074386e-01
-8.866834692451260880e-01
-1.248652810935406254e+00
-9.020466246251629405e-01
-9.281462442747040464e-02
5.521663516310609809e-01
8.004092999093478378e-01
7.378882411602947222e-01
4.052942776097107624e-01
-5.637327692535437987e-03
-2.645049716499179304e-01
-5.016505312394691218e-01
-1.060358538985318511e+00
-1.865260329872224565e+00
-2.371865739363121950e+00
-2.169261903483415299e+00
-1.274097268798819238e+00
-2.084213632074564948e-01
3.437736824502572452e-01
2.727647322769604157e-02
-6.552804948389958639e-01
-6.389863677875194936e-01
8.680961344179585759e-02
7.072025072811360946e-01
9.268447826273307211e-01
9.383571154776840784e-01
8.280071183009960478e-01
2.290255555807457766e-01
-8.238285917759893273e-01
-1.627536724613338759e+00
-1.962699050527130895e+00
-2.108821004807556854e+00
-2.388166352642701273e+00
-2.705443380178170987e+00
-2.341308479719386604e+00
-9.901109062894891677e-01
4.787203185431097574e-01
1.204666903931549626e+00
1.300669728092455291e+00
1.110110509706646154e+00
7.354486169684070207e-01
2.633978302633574464e-01
-9.011623024065502918e-02
-6.443568180141748258e-02
7.803449282716645730e-02
-5.385691330762479301e-02
-2.770830686091507178e-01
-1.824022487396739778e-01
3.907472458635298795e-01
1.316868058853240431e+00
1.912643045052085267e+00
1.824517186554897696e+00
1.741527249860348681e+00
1.840029707922784086e+00
1.650458075811540359e+00
9.573297767425139604e-01
-1.218478395148273052e-01
-1.075698238128171447e+00
-1.480948831933930787e+00
-1.284285031926320597e+00
-6.257032240108951759e-01
1.609643267457459836e-01
4.376084719829013148e-01
-5.990732488914576881e-02
-6.035093028026130568e-01
-6.961366789664078514e-01
-6.031054960870650961e-01
-5.442079866779059305e-01
-5.366759552396838107e-01
-4.017890847494848816e-01
-3.062303142466293870e-02
4.459187507795634997e-01
9.216405960941865816e-01
1.289175338770900181e+00
1.406850644716323817e+00
8.787021050628853747e-01
-3.779092599110792650e-01
-1.385932659194137662e+00
-1.265386013240594076e+00
-5.951169816197852125e-01
-3.842812856608728289e-01
-6.716990897548064110e-01
-1.018519594819937035e+00
-1.242600263795424542e+00
-1.520449659364979000e+00
-2.068008816449626419e+00
-2.317001498686218408e+00
-1.426942531901009392e+00
1.483443579130234447e-01
8.518380714801170317e-01
4.455076229256703102e-01
3.103250729783713635e-01
8.394931468391179097e-01
1.228181199984701433e+00
1.128500372893951553e+00
7.783129265032782129e-01
3.944946276896742487e-01
2.198240851409128949e-01
6.047824301356417021e-01
1.447532808219683442e+00
2.074176205562932473e+00
2.213806775938568894e+00
2.262384806842894225e+00
2.324989790811497592e+00
1.905976404622857112e+00
8.175516128601988397e-01
-3.372720315836318372e-01
-7.590450603176877031e-01
-2.537120646454540385e-01
5.276059868325191360e-01
1.109955458794769534e+00
1.334206009320481723e+00
1.016753985237470514e+00
2.553644772256387085e-01
-7.169711573250520109e-01
-1.302498842251858413e+00
-9.329450857822698673e-01
-4.318876760060010034e-02
5.182759827534554331e-01
5.580215463926599950e-01
3.590951172998231855e-01
6.861876916485525058e-02
-3.310742209134379666e-01
-3.993065432177103080e-01
1.301239502924608216e-01
7.838149351883206828e-01
1.200503170112437790e+00
1.159331450291247734e+00
7.769210276249047809e-01
6.969239122657110430e-01
9.683469531256687635e-01
9.548716742445707562e-01
6.178669851730697049e-01
3.847834272401589040e-01
2.274635072375472689e-01
-1.411776822648471430e-01
-2.358282916165808096e-01
5.834838244278924835e-01
1.336846499002330768e+00
8.885251274404623034e-01
6.967585465792869651e-03
-2.689767121127698002e-01
-2.240904227489736444e-01
-3.571415421214207964e-01
-5.693160277392630420e-01
-7.206322968744172108e-01
-6.759891271290953130e-01
-2.656273227330868680e-01
2.873728083286831714e-01
5.566073107649609497e-01
3.435032630847270618e-01
-1.189460452381718852e-01
-3.546857336970539176e-01
-2.640848004292878914e-01
-2.054887766205811539e-01
-3.622502213459746212e-01
-4.350701502339573978e-01
-4.975784603385741828e-02
5.256902224394504053e-01
6.337531416197426104e-01
3.261527529112181467e-01
1.427687825398209209e-01
1.738086032246678458e-01
1.902133067804563371e-01
2.265522107176386191e-01
4.321317675089931254e-01
4.703111076019939607e-01
5.254651336431846037e-02
-2.748685321203463983e-01
-6.105528452306942244e-02
2.160608178910603527e-01
8.699640490433520335e-02
-9.768646344333721532e-02
-4.085187308720668597e-01
-1.368290964940225951e+00
-2.344188548469123834e+00
-2.322676706645836475e+00
-1.251229683990704444e+00
1.136550792679953820e-01
8.740116987730486287e-01
9.679858343420362221e-01
8.553633380341904013e-01
6.224157818217864735e-01
5.548235010684197110e-01
1.036032747144914890e+00
1.259393755167038442e+00
4.843833071662735912e-01
-3.074690526010350200e-01
-5.085242426871680044e-01
-6.296501620636481000e-01
-5.130533055920403207e-01
-5.371453826231362694e-01
-4.726213312217155682e-01
-3.942507996344352811e-02
-6.584457456227458746e-03
-3.024448001918612627e-01
-5.337122003927953218e-01
-7.237236438682493889e-01
-6.739976712188193719e-01
-4.188290598411841259e-01
-2.722524522964125948e-01
-3.207243701116736512e-01
-7.025037341132686075e-01
-1.275304486597212961e+00
-1.294757192407100188e+00
-5.994940429376081070e-01
-2.286770158700983657e-01
-6.560806129530069031e-01
-1.209749203463284850e+00
-1.191296664135318428e+00
-4.881919857811062302e-01
4.079683319219069570e-01
8.200105298684039479e-01
5.751963169386472563e-01
-2.064102681168170431e-02
-5.890563300276506764e-01
-7.655217710089892158e-01
-3.713656331509786468e-01
3.494972957388999268e-01
7.376506962736816275e-01
-1.467234659539880595e-02
-1.632943372823412620e+00
-2.454070795273409988e+00
-1.759312228464908978e+00
-8.856138340117390984e-01
-1.056206052810120477e+00
-1.567107027212953252e+00
-1.357481481073770091e+00
-8.598368819547527186e-01
-9.739394173407351918e-01
-1.476953367992690502e+00
-1.374073425147450234e+00
-3.154259512625754991e-01
1.088489964316005087e+00
2.038621259733243818e+00
2.072633334719339526e+00
1.329901336195357553e+00
5.726151708968806320e-01
5.503022496213780812e-01
1.006236215411684398e+00
1.132560216341371495e+00
8.805868550496624980e-01
4.856385679222302576e-01
-1.589370513363323190e-01
-8.248402750091111679e-01
-1.314285427201886236e+00
-1.882139009741702118e+00
-2.245561184371168473e+00
-1.870618144662180793e+00
-9.011260171539139385e-01
4.309506234464665492e-02
7.337965163577988559e-01
1.638884475533231688e+00
2.542815502649648618e+00
2.410809557215450649e+00
1.204461801404719479e+00
1.457950179309074334e-01
1.263265641483885815e-01
8.272623177495694868e-01
1.418556741053139891e+00
1.381356854538960954e+00
9.204596841175149979e-01
4.122726396475451249e-01
-1.096984712665853984e-01
-5.980155664253410386e-01
-9.619290808812639426e-01
-1.169979117472010666e+00
-1.265767104210914651e+00
-1.148198311419548201e+00
-6.853484957542894662e-01
-1.743633615095242506e-01
4.695915256862640691e-02
2.926833952343462983e-02
-2.453861953845634103e-01
-7.092885064147446128e-01
-8.610575596247566077e-01
-7.477884383156931936e-01
-9.065745741108752753e-01
-1.080599963990951373e+00
-7.030220594463471029e-01
-5.278607045731143615e-02
2.674512376998540164e-01
2.831695798243098472e-01
2.164217110374654918e-01
1.124164797083150036e-01
1.837774309788005322e-01
3.048572572668078462e-01
-3.456775827038582188e-02
-6.016138816408165280e-01
-7.040944299212579249e-01
-4.028992077264228477e-01
-1.855713866985043703e-01
-1.717159936775859985e-01
-8.851950082447618273e-02
3.110156783780999024e-01
7.019786564270201756e-01
4.828739164068145961e-01
-4.338755913395256902e-01
-1.187430865234468058e+00
-8.054396696295175184e-01
2.911049938310171226e-01
1.050686644111483270e+00
1.404297959122293049e+00
1.642628365556104697e+00
1.702006871425793433e+00
1.258388389064880375e+00
2.727146448872705409e-01
-6.450174024860487743e-01
-8.555844158541094924e-01
-3.697273064301205281e-01
3.479929987066081032e-01
1.026941681579235821e+00
1.509588196962604600e+00
1.611760301255107830e+00
1.193989895785440014e+00
7.418367644115169135e-01
8.524118708243465514e-01
9.170174651574687363e-01
3.265746239539198958e-01
-4.372316151160012820e-01
-8.469364691679422963e-01
-9.836219413134636991e-01
-1.236260910404076041e+00
-1.694021543430164645e+00
-1.803506227952377028e+00
-1.143313202071120749e+00
-1.277571601218721598e-01
5.631915739017636646e-01
5.628561823992351831e-01
-3.256018974245501463e-01
-1.436606133083219383e+00
-1.351679259329988669e+00
-2.074473368929710404e-01
5.473868703210349462e-01
6.423592101991457692e-01
5.881109467605870611e-01
5.383191649905400000e-01
7.075492849285385244e-01
1.202603594959910538e+00
1.672182766554902056e+00
1.632976272487968394e+00
9.858455468913720487e-01
2.633804845977741893e-01
7.284686680923903486e-03
1.171723742258222595e-01
1.447687182022899255e-01
-3.592238023431910954e-02
-2.291487111513592148e-02
2.946391277531585917e-01
5.452772390780172840e-01
4.386789769340715961e-01
1.981385103084444266e-01
3.895207050846519192e-01
7.790685522332183588e-01
5.233849245973595243e-01
-3.864999582199664108e-01
-1.244359335330110783e+00
-1.668353695558655980e+00
-1.657645671870852988e+00
-1.235565930088367237e+00
-6.657996713636449293e-01
-5.267334114357518082e-01
-1.009571855955750053e+00
-1.340599813122754114e+00
-5.330924393620991575e-01
1.030888928005138316e+00
2.085570739749254443e+00
2.294126810938641015e+00
2.193475886913216044e+00
1.794435991235276751e+00
9.342545011300763536e-01
4.994241553390389998e-01
8.223510788559185158e-01
7.646789802621283272e-01
6.944752969408331256e-02
-4.138944895920799727e-01
-4.219844832488451325e-01
-5.020870494578064808e-02
5.151207539136990476e-01
8.931346657392114086e-01
1.070762027537889294e+00
1.291119046671206361e+00
1.489530468340743097e+00
1.439938470046891350e+00
1.188139750511802317e+00
8.669925972471453912e-01
4.109500481061791888e-01
-3.323746671980959411e-01
-1.015841350937449983e+00
-9.280241862462625946e-01
-3.344959879884557563e-01
4.753997742858481756e-01
3.908901466293215887e-01
-2.483408742982999573e-02
-6.384964236949112193e-01
-1.059655030471056358e+00
-5.360088282238169022e-01
6.063658056060622359e-01
1.129598117314992489e+00
7.777718946547206302e-01
2.887259744169921594e-01
-1.197806773423136378e-01
-6.562113946062618774e-01
-7.518690585452371122e-01
2.734538404530635902e-01
1.853117170656294332e+00
2.628201866588630864e+00
2.012827375610708014e+00
8.312797004594543182e-01
1.678352705591482641e-01
1.994320472077552309e-01
2.082562654078339293e-01
-1.776018171894561473e-02
6.487338568623271517e-02
2.916995866999382292e-01
2.754925119195264505e-02
-5.585654340289197828e-01
-7.075825731487799253e-01
-2.475631112308138149e-01
1.072849802497810173e-01
-7.363867666370668696e-02
-3.309573850475978629e-01
-2.215694566014165812e-01
8.074444590977529479e-02
2.825827069105155687e-01
4.742483419966437297e-01
7.111470047088761515e-01
7.216332293975120660e-01
3.878567120776641453e-01
1.172665429683824451e-02
-7.358147814817177224e-02
9.782474066760256382e-02
1.917940772938876437e-01
1.431575662027565754e-01
5.047853168020974834e-01
1.524005454914265201e+00
2.389290787168880215e+00
2.224561978468172718e+00
1.210836807361699519e+00
2.273740321947350096e-01
-1.502572093344176907e-01
-4.993587795489200232e-02
1.777035215185749362e-01
3.370144305107614646e-01
3.744484065233208425e-01
2.002289870837458963e-01
-4.015926872504924083e-01
-1.339945594744060164e+00
-2.098384549573095725e+00
-2.049171177902882501e+00
-1.293518281252651114e+00
-9.602461497103383925e-01
-1.690574503729971312e+00
-2.492500202816370081e+00
-2.239755965295816775e+00
-1.358775661587614092e+00
-9.074453276384816247e-01
-7.314991547418533413e-01
-2.623691422867089895e-01
6.297614201365370201e-02
-4.638003717523403457e-02
-2.230538276909528606e-01
-5.947045728024462352e-02
5.110894144222644098e-01
1.013552377860708731e+00
9.821998913148539678e-01
4.619031203165127053e-01
4.542098017790974912e-02
2.373956980979600451e-01
6.588815520664850212e-01
8.630770629208308620e-01
9.383136508246574525e-01
8.953976891366253188e-01
8.974462595952847899e-01
1.088453734190428568e+00
9.552328980185579299e-01
4.464178788661276043e-01
4.683917368511537060e-01
1.326592496442552394e+00
2.009555432819673637e+00
1.755168662465252938e+00
1.061663798295135575e+00
4.598850190281300043e-01
-8.229511244078256682e-02
-3.358935414929924423e-01
-1.572502900617158417e-01
-1.605093505529963382e-01
-5.190022493128110259e-01
-3.437590964805913307e-01
4.966475506755586022e-01
1.006979948268992953e+00
8.353553267162758811e-01
4.351948996767022737e-01
3.892936046268820061e-01
9.484810547436638428e-01
1.583650295369766869e+00
1.476507649223022911e+00
6.740509234325009480e-01
-2.900960381748295819e-02
-4.620985312164238579e-01
-8.018582787539852985e-01
-5.378546262711144665e-01
2.577038360235328063e-01
6.596230037356960452e-01
5.972618892373148247e-01
3.559556372421907589e-01
3.910419574528473802e-02
4.039321514978887195e-02
1.437435736663608132e-01
-2.279399381903572663e-01
-4.987928320009748506e-01
-1.907482872796196771e-01
4.646462225763371701e-02
3.010447507922105279e-03
-1.075363159405958238e-02
-1.189928294808081932e-01
-5.935581825656897070e-01
-1.198349002378689354e+00
-1.328148223377159542e+00
-7.140653339562528235e-01
1.760279129858728364e-01
4.061851212783363918e-01
-2.961199659202947143e-01
-9.148110981479624648e-01
-3.951032659590651974e-01
9.890763632148712459e-01
2.298284456561419109e+00
2.719846482408990074e+00
2.004319235856009129e+00
6.026641622528028375e-01
-3.784514279273987758e-01
-8.274120288414316127e-01
-1.439188494454010536e+00
-2.018777498629376055e+00
-2.037488368845916220e+00
-1.569373573023208124e+00
-8.671223391970580563e-01
-6.270500484341172687e-01
-1.060848011822984605e+00
-1.146220266087576212e+00
-5.459612444617041316e-01
-1.290987131849369134e-02
9.303532682840441603e-02
-1.748822608129572131e-01
-5.260471889175561966e-01
-4.417170402172103105e-01
8.895388761979247660e-02
7.663964733433212828e-01
1.410296551843639667e+00
1.712180851875001464e+00
1.693932314289456675e+00
1.665835964025634386e+00
1.410027485705510619e+00
5.949916338316085795e-01
-5.607816149875912703e-01
-1.520318614156940473e+00
-2.049142367834657197e+00
-2.110699649122896648e+00
-1.588516772881591876e+00
-7.410269152201135467e-01
-3.212040520107581898e-01
-6.488339191376463200e-01
-9.174627854729754395e-01
-3.134386552415568405e-01
7.331495916285183378e-01
1.330609985351212110e+00
1.335972854642127894e+00
1.057025309519012524e+00
4.900725795937186935e-01
-2.332539842287903731e-01
-7.219113410349589088e-01
-8.976078539842260451e-01
-1.080734640007529057e+00
-1.266787963417717489e+00
-8.448960252507691226e-01
1.201138348047498666e-01
6.651158013645624978e-01
3.825115365722603356e-01
-4.692178055519544144e-01
-1.637694453126098848e+00
-2.386039748624059431e+00
-1.802359587993701995e+00
-4.992200984011767040e-01
-5.709968720736924297e-02
-7.464618847230979348e-01
-1.413686573536535152e+00
-1.441276360408558110e+00
-1.183832540965397362e+00
-8.082467896614989877e-01
-3.050386043280258197e-01
4.751328552113524145e-02
-2.294451807503112839e-01
-2.705335586757279809e-01
-4.248783995505190925e-01
-7.527066748959496678e-01
-7.786171150443602640e-01
-4.665532326231738858e-01
-3.202591864017338419e-01
-4.715631569967181913e-01
-7.467401706544213313e-01
-8.500369252548969357e-01
-2.358710657408792100e-01
7.371579435783900403e-01
7.059585414162519168e-01
-2.093711911767926481e-01
-8.616612740453686303e-01
-1.145181356459423094e+00
-1.518134295684738566e+00
-1.766951404847020513e+00
-1.601795728169998378e+00
-1.391670019885250742e+00
-1.145208103727184179e+00
-6.083449895493786563e-01
-1.254852653827389364e-01
6.598769542459918813e-02
5.216723158919350789e-02
-1.292893979663936044e-01
-5.283222268856190285e-01
-1.119870833339611016e+00
-1.386947621328732394e+00
-1.016811923979434429e+00
-6.546275245620928329e-01
-9.852450895781896811e-01
-1.597266331966558095e+00
-1.605474064347642615e+00
-1.122421222801111895e+00
-8.055695729877575539e-01
-8.455287022026952704e-01
-1.175139827344796162e+00
-1.599768513892504407e+00
-1.576403985181864531e+00
-7.704507297519460618e-01
3.211097093082830312e-01
1.064550003572377834e+00
1.001218442835915878e+00
2.818312277317460701e-01
-7.368839088824613581e-02
1.310198995797094146e-01
-2.017253521359987922e-01
-1.213007730658593575e+00
-1.600468226526341242e+00
-8.287327585255368501e-01
2.206187678578711009e-01
7.361694336799793348e-01
8.244631333899041792e-01
6.891250029402163912e-01
3.078181017509369344e-01
1.491573135107908121e-01
4.227970417660193436e-01
4.199368617665917292e-01
-3.057762053393207613e-01
-1.161538761757678451e+00
-1.361522821419234752e+00
-1.041295521044684369e+00
-6.151542557746653150e-01
7.997685314278310531e-02
8.533384197210206468e-01
1.067317955520902695e+00
8.695309898374619095e-01
8.274225029682689136e-01
8.887312240608040703e-01
6.825811573238917962e-01
2.326272371914930026e-01
-7.407504410915403958e-02
-2.351761496511630203e-02
1.852234460614328726e-01
2.185198924789812924e-01
9.674208572976742554e-03
-1.570291518239876893e-01
8.120109519137597848e-03
2.714472247203543187e-01
3.219293457664514913e-01
5.278636578183426575e-01
1.095295666477245078e+00
1.413797052497877349e+00
8.614921582531195332e-01
-3.696814723261485081e-01
-1.163473362326969296e+00
-6.154069082769798582e-01
8.821036009149477719e-01
2.141566867621905512e+00
2.574631915913904834e+00
2.439150172985020681e+00
1.875351493012858528e+00
1.076278867153271479e+00
6.521833929840429311e-01
7.369272305992992100e-01
8.281280652784882568e-01
8.170604711323778968e-01
9.222794492141871414e-01
9.274719614976756343e-01
5.466229222550135214e-01
9.730128499005981368e-02
-1.643492561292645149e-01
-4.611287336334873310e-01
-6.777687157046846655e-01
-5.427430026592159340e-01
-2.507127301635552197e-01
-1.500711996034069240e-01
-7.218923042588164252e-02
2.017540078473867848e-01
1.699420985520480043e-01
-2.803832959083844556e-01
-5.969669528487957511e-01
-6.028183864015297377e-01
-4.239362409810643606e-01
-3.661073806842236045e-01
-8.142650704746722257e-01
-1.445187697910991886e+00
-1.488942328518300107e+00
-9.007715272308493004e-01
-2.051611445428258018e-01
1.968712484259586004e-01
1.017408233265302969e-01
-1.246268727760072997e-01
1.091572119007676450e-01
5.280880817121448301e-01
3.858141298894178783e-01
-2.316383117164851901e-01
-4.581392700354550152e-01
1.978962858535744940e-01
1.162955974504018997e+00
1.456964680464029049e+00
9.900605590291191582e-01
1.065732790066022534e-01
-1.011966180585411657e+00
-1.801295738367137078e+00
-1.782667578547468823e+00
-1.112783485198791666e+00
-1.969092943023765252e-01
5.199258968629771882e-01
5.516674178262049866e-01
1.276770675131321531e-01
1.856793912740316299e-01
9.302396146851804604e-01
1.671692899238756969e+00
1.815271815473070927e+00
1.446450710243840643e+00
1.208779381760269223e+00
1.375197285677620007e+00
1.578955789860679415e+00
1.282061038871620040e+00
5.720705030672613711e-01
3.914918983365447414e-01
7.732540270846706143e-01
5.946401681469021261e-01
-9.538574883263357951e-02
-3.652793832392092210e-01
-1.302523147242988788e-01
2.960618317245060638e-01
6.928843784789241456e-01
7.837924000384201006e-01
2.786090370676184147e-01
-7.353154361625621194e-01
-1.488535472704536788e+00
-1.072101712373984883e+00
4.781135568897855737e-01
1.704559510465928573e+00
1.306478356228798487e+00
5.926295282091398331e-02
-6.102244968475594167e-01
-7.149829702371478524e-01
-7.534159960880234541e-01
-8.312967288172169456e-01
-9.358962895052477249e-01
-9.951327132575654710e-01
-1.192917401071794670e+00
-1.466142719444626152e+00
-1.179340929506538238e+00
-2.656081705868627019e-01
4.102073543196776972e-01
1.373753686988145595e-01
-7.451150284886882691e-01
-1.565654123717309387e+00
-1.920005480424651800e+00
-1.566558894969377613e+00
-7.323564697685367442e-01
5.051178181989332550e-02
3.025316413265132787e-01
-3.100017056335774290e-02
-4.173162096096542650e-01
-3.018424296394601747e-01
5.546452014617857529e-01
1.796595093826383716e+00
2.643334907797033395e+00
2.722014392849602338e+00
2.464962168953964916e+00
2.138576680763097482e+00
2.229855935401551914e+00
2.053899475191355073e+00
1.121267895720000629e+00
-1.472143012186785151e-02
-6.895138846677489886e-01
-1.505166062296695140e+00
-1.941576550470047735e+00
-2.162497509542292029e+00
-2.179126155650375374e+00
-1.665447076890231193e+00
-1.025529262048687995e+00
-8.795649444263029526e-01
-8.792343435902134630e-01
-7.618367872390815476e-01
-9.455396452299865695e-01
-1.200522988988448780e+00
-1.267387705990590030e+00
-1.650852372549802549e+00
-2.267522460504081128e+00
-2.359761585379228421e+00
-1.882087876738055776e+00
-1.050690173820266748e+00
3.531741912662406287e-03
6.892757870695978006e-01
6.951079468406453632e-01
4.664211686735963425e-01
5.249253548709126305e-01
6.839590951212023429e-01
5.683079117486520282e-01
2.316917996992031992e-01
-2.704319032833479852e-01
-5.366433681456885818e-01
2.369932167031217791e-03
8.785601124912506554e-01
1.158767701830080377e+00
8.372634288056223228e-01
5.458875494936653583e-01
6.177605609380451002e-01
5.386794365810360086e-01
-3.325215027926518574e-01
-1.176279216132192662e+00
-7.491102933836386590e-01
6.936699313708868386e-01
2.007234398472664605e+00
2.280944114692021518e+00
1.291569745852731543e+00
-2.595355768478423975e-01
-1.316302217103594074e+00
-1.489487710687992461e+00
-1.048873530338972904e+00
-2.898761314739692341e-01
4.495056062583845935e-01
7.117381452138610287e-01
4.537642505377656454e-01
4.784836723950972592e-01
1.079388427120958172e+00
1.492705961280444527e+00
1.108527295023072456e+00
4.441173966261216521e-02
-1.077326405231779471e+00
-1.644638214368197016e+00
-1.310622469590521311e+00
-2.504315741647603066e-01
8.055194811931406518e-01
1.195948537116792387e+00
1.031297978161636930e+00
8.383875037843839806e-01
1.079554445407879593e+00
1.771151537601653558e+00
2.153590595198891400e+00
1.522630874768751363e+00
3.389866291902425832e-01
-5.222138979086230481e-01
-8.821038591741084955e-01
-9.639708335783783166e-01
-1.027013547594178400e+00
-1.083731897322142590e+00
-7.922314287071705596e-01
-9.520553818153362768e-02
4.648834885264294114e-01
3.987592086820527237e-01
-1.316551948880740480e-02
-2.167534065579087843e-01
-6.497009115121524236e-02
3.641437360926237377e-01
9.056543312774104626e-01
1.285241025098405654e+00
1.117041436541481358e+00
4.134716737351867288e-01
-4.841906827055118129e-02
2.739630757454038570e-02
2.372468908919505570e-01
4.836518625195835863e-01
7.132245117805965373e-01
7.679315609730613668e-01
4.105683618082792696e-01
-3.903884113239730058e-01
-1.133732378441487221e+00
-1.313031594499778354e+00
-1.037612967807465925e+00
-6.517961835617652744e-01
-1.424781024744318503e-01
3.044756280623545641e-01
6.332017838640735530e-02
-8.759878847558225656e-01
-1.679347830328679736e+00
-1.828002568951460072e+00
-1.603142758139800783e+00
-1.349829526354791920e+00
-1.152660309733308353e+00
-1.013114570242952928e+00
-7.711603661055000947e-01
-6.499151951999589949e-01
-8.651988756160776672e-01
-6.529702370168668502e-01
4.503745796122443634e-01
1.448536684293001420e+00
1.522653110639266227e+00
1.036734262107267490e+00
4.229191665128917421e-01
1.221929913094765840e-01
4.298878251187805422e-01
1.020763401152417149e+00
1.420431967246028826e+00
1.450785794459208633e+00
1.250586051753146410e+00
6.939855230633419358e-01
-2.658300862178437085e-01
-9.333901675552531696e-01
-1.158332951340731221e+00
-1.215347407772473742e+00
-7.822960386491658591e-01
-1.146953457653135389e-01
-3.062634568084686079e-02
-3.941893813463994700e-01
-5.745923648029944708e-01
-6.255667409790687250e-01
-9.840501285646694463e-01
-1.434210690200012017e+00
-1.087423544538122178e+00
2.942103765354447953e-01
1.737407837435092972e+00
2.154615271433489632e+00
1.521325341150830734e+00
6.938641922079663571e-01
3.209814450381823780e-01
4.145366049890211180e-01
5.663138992369401992e-01
7.475769064611192949e-01
1.184583878433420612e+00
1.246156932320976907e+00
3.460129213068123821e-01
-6.918282745858969074e-01
-7.817440153364816346e-01
-1.105807456938133065e-01
2.970750571700124798e-01
1.759993867589380590e-01
3.067504611680659798e-01
9.602108171361494193e-01
1.589773392306991218e+00
1.821219457432181166e+00
1.609471217760511497e+00
9.616142075579674486e-01
1.852067744773935876e-01
6.944231608433121955e-03
5.176881560786069647e-01
9.038005853573334303e-01
6.698984467260415965e-01
9.574008011384808198e-03
-6.043311867607867871e-01
-8.256626078960200843e-01
-9.529425737989434264e-01
-1.108362823149197984e+00
-1.047676183750166468e+00
-1.125986529556351812e+00
-1.074227117641324725e+00
-1.109029628426046188e-01
1.119732823881489869e+00
1.553849315796744124e+00
1.236772444048325648e+00
5.839535943118268069e-01
-1.927252560258304881e-01
-5.500302206808596051e-01
-8.022111317317531798e-02
7.162640024118565041e-01
1.086095697532262205e+00
6.672672096321398127e-01
-6.359533588036379859e-02
-3.062525113001922095e-01
-2.422287711375246122e-01
-4.596106856687579567e-01
-8.739872671832019657e-01
-8.561324549922528782e-01
-2.063729676950792902e-01
2.964725447055763241e-01
2.324058777261020503e-01
1.615152266695877026e-01
6.191155335619776823e-01
1.300639992614143425e+00
1.480202908950760898e+00
8.209717887164000860e-01
-2.482367758875323183e-01
-6.014553721958676435e-01
-9.907196839537024680e-01
-6.198157877895752454e-01
5.355759134596013160e-01
1.049886400578806223e+00
8.235141416626254873e-01
7.849236205351426410e-01
1.209434660680274165e+00
1.581519480135539446e+00
1.759124423504998980e+00
1.972098166235198402e+00
1.884548201214656826e+00
9.933285923888095503e-01
-3.507487722273214814e-01
-1.196588745768100370e+00
-1.011349597397276812e+00
-4.557325494715567249e-01
-6.348169678012818284e-01
-1.291551288313939061e+00
-1.308538130475921379e+00
-7.498235624131213140e-01
-5.484727567891283240e-01
-9.805701318080758400e-01
-1.626927399562744236e+00
-1.840155400643457284e+00
-1.279406673019517493e+00
-2.902354531418955275e-01
4.201993256905208196e-01
2.702727813221412756e-01
-2.941144010280681287e-01
-2.079016746630638623e-01
2.708018754501117509e-01
7.490162079116841412e-03
-6.774128803150561984e-01
-6.560308028105902300e-01
-3.042909052932387115e-01
-4.165885299123670005e-01
-7.865228018094134743e-01
-1.032056699728937543e+00
-9.855121494656781111e-01
-5.048047594294825524e-01
1.069021803407222693e-01
5.096993362527767191e-02
-5.831072325884882890e-01
-9.120800654507715821e-01
-6.223476337816388204e-01
6.833071102793594753e-02
5.689229429071424038e-01
6.312872293036508875e-01
5.783669511243550998e-01
4.661051219035719506e-01
6.091462937355790475e-01
1.324384954382832547e+00
1.988617400054087270e+00
2.003605757354400829e+00
1.679621410854761132e+00
1.378854583633580377e+00
9.003086383263939618e-01
2.784081051283495700e-01
-2.106910528620072887e-01
-4.917177569049978603e-01
-4.702823160392606838e-01
-1.785556149486361155e-01
1.117544209223612639e-01
2.809722119460135725e-01
4.985866380395811426e-01
7.169533044713882752e-01
4.147270383131464455e-01
-2.842324433162285446e-01
-2.228166561254686928e-01
8.762936394105272919e-01
1.760631167181638812e+00
1.531088939678110661e+00
7.841798038881667710e-01
5.412702041670028885e-01
1.015258629382418176e+00
1.371060456071889089e+00
7.539089421786890899e-01
-5.534529213208171372e-01
-1.286377763830662824e+00
-9.189942707716560744e-01
-3.702322747397730485e-01
-3.289531236195803454e-01
-5.385179463716952553e-01
-8.516526718188681677e-01
-1.273564488156879726e+00
-1.372314279140420368e+00
-1.074979331948555439e+00
-8.496600066518664729e-01
-7.044851891840876457e-01
-4.889923920975943195e-01
-4.952563319584155632e-01
-1.193382719419974425e+00
-2.439397693537769474e+00
-2.736627915796348454e+00
-2.353279454482203104e+00
-4.672490039723891098e-01
1.091833300104606996e+00
1.699862797409382287e+00
1.782857990825350791e+00
1.560583842111270547e+00
1.029820243290555437e+00
4.987890199186920670e-01
3.462495863178241540e-01
5.375930849069049389e-01
7.449901469742939986e-01
8.734567407424429497e-01
8.573624029727733298e-01
4.604242205412027444e-01
1.482758048442056331e-01
3.299941302590338466e-01
2.204245400007374400e-01
-4.803039930066327345e-01
-8.625124405044684028e-01
-4.062574733901016533e-01
4.005003352006174522e-01
1.064150301298239842e+00
1.543064879971748349e+00
1.537694549690847179e+00
4.412070736370722335e-01
-1.181445567707486877e+00
-1.643188217462911327e+00
-6.800832619727092965e-01
2.774162140754292682e-01
3.697253288997034426e-01
-1.637741842778443757e-01
-5.090745953330121365e-01
-7.595331253746196234e-03
7.484248090899050521e-01
9.628213942601904218e-01
7.716944209897013129e-01
3.389772897415245234e-01
-4.182063893287087941e-01
-1.235670310062241706e+00
-1.509745892135441636e+00
-1.008020807123502838e+00
-2.771884704418459688e-01
5.322494634672867431e-01
1.682173590851739453e+00
2.248938423817485877e+00
1.346946336733206628e+00
-4.351011110409458427e-02
-4.897232281665555576e-01
-1.393651799889878695e-01
-2.198167049470746079e-02
-5.197129939934873599e-01
-1.052392403520908459e+00
-9.295688642896946519e-01
-3.547925358296925014e-01
2.119386886207829668e-01
5.820839929592995787e-01
5.514395118178959665e-01
3.201001897708073973e-01
2.349948827880314339e-01
2.334120543490076916e-01
2.235729297073860145e-01
2.025947417270063389e-01
5.694184514979154510e-02
-1.003393548957510206e-01
-2.242561285054036069e-01
-4.943007554107612389e-01
-8.011073311320966450e-01
-1.114213298065053426e+00
-1.720857082448185693e+00
-2.382423896900829785e+00
-2.213943204969342826e+00
-1.188487387139848250e+00
-4.807602856079029596e-01
-2.628206267407549590e-01
2.143853183585765765e-01
6.435775622321977529e-01
5.837903345131686406e-01
5.397194732954156970e-01
7.429652556193950819e-01
9.023558080972813311e-01
9.651753810142702505e-01
7.039993563401976129e-01
-2.337624861999635650e-01
-1.319551067591744564e+00
-1.463099902271738140e+00
-7.768985317217250719e-01
-9.065469960095952351e-02
4.634024922723692930e-01
1.134073937788769415e+00
2.004242625665488386e+00
2.632479931353642666e+00
2.216277509748458829e+00
9.192530998447777657e-01
-1.272787623139382818e-01
-5.774845119422203910e-01
-7.882456150485318558e-01
-8.763014123164277747e-01
-8.331286803623400017e-01
-8.319241992577677269e-01
-9.584295660354195112e-01
-1.111026276995180639e+00
-9.683525359425730894e-01
-3.069947562070539648e-01
3.736116847845378230e-01
4.384279712910624238e-01
9.809113653715570424e-02
1.051638563574836538e-01
1.313713892117154558e-01
-2.470652983501002431e-01
-5.968751449154789945e-01
-5.938971441905763760e-01
-2.534855398737698717e-01
5.434079344680519119e-01
1.314108243981581881e+00
1.483187025257546754e+00
1.190355013394982064e+00
8.219753508581387758e-01
8.588829907759070181e-01
1.400909023746994997e+00
2.020030276315025741e+00
2.349682077876022124e+00
2.138519199005020965e+00
1.482904296535938915e+00
6.666398994842674952e-01
-1.539774054932358804e-01
-4.797062896494351802e-01
-2.180255674376686825e-02
6.517893190211928589e-01
1.047461594048317401e+00
8.402972452158390393e-01
-3.298963716128447965e-01
-1.842173080391948714e+00
-2.516458349169646613e+00
-2.102460111809223431e+00
-1.626503016780030286e+00
-1.736435159984906829e+00
-1.702463260324794003e+00
-9.453670359333965489e-01
-2.483028772376591475e-02
4.477326543153452021e-01
3.857754855991449849e-01
-2.123164241545706377e-01
-9.931302438617620743e-01
-1.107641089817847257e+00
-5.198601556559944159e-01
-2.974338848919256817e-01
-6.483354070310920481e-01
-7.577156034886365354e-01
-2.944808128841199246e-01
4.310143221284153947e-01
8.326703468190214119e-01
4.230214865103859578e-01
-5.379052388535680018e-01
-1.318326146332759574e+00
-1.580471121860022032e+00
-1.346230132320987094e+00
-6.148640677411462141e-01
4.860108418580691980e-01
1.150574233061435470e+00
7.927782832835756910e-01
1.497094439284099854e-01
-6.859359097711877074e-02
-5.808318693183938536e-02
-1.664568745617942269e-01
-3.735066933202339512e-01
-4.128938956918831171e-01
-3.005066327485489408e-01
-1.800776740050689662e-01
-3.430389171657130531e-02
1.058325729774902135e-01
2.264770148583672982e-01
6.423687497121288725e-01
1.488624888593191420e+00
1.892989885277472251e+00
1.177385085877875603e+00
5.873395648481102155e-02
-5.588724799508381080e-01
-5.043302688537327771e-01
-2.846451852319802911e-01
-1.972896059169750860e-01
1.714885766749360552e-01
5.329374709692387135e-01
2.204706796611524411e-01
-3.000436743976115928e-01
-3.225419787554283935e-01
8.229054471091454270e-02
4.967683193095272509e-01
7.028833199210092753e-01
7.844346549858958184e-01
5.820689923408625122e-01
-2.324383753102614580e-01
-1.180465937168421409e+00
-1.331700209498511311e+00
-7.092872086580845892e-01
-1.092750207993339329e-01
-9.389544817570472796e-03
-5.100347354720133897e-01
-1.311270507045729561e+00
-1.628820983675451917e+00
-1.151366889765029544e+00
-5.418644777677995572e-01
-2.875232777522857552e-01
-6.495761366230870526e-02
2.875315355789758720e-01
5.749444994188270819e-01
8.097448973263919880e-01
8.716975516395976120e-01
4.434237486839055498e-01
-2.362489472626133624e-01
-6.179985843404987023e-01
-4.647569770874026007e-01
1.944287478207093744e-01
8.337043255369218642e-01
9.121206393583338734e-01
6.861165263783319812e-01
2.415866953496993152e-01
-5.918002030027210703e-01
-1.240589236821359798e+00
-9.028076342099725649e-01
2.768791680168708469e-01
1.079807283139603502e+00
7.438632627051066093e-01
-1.422360434716403721e-01
-8.091521336996269076e-01
-1.068004162693325432e+00
-9.130626941086712467e-01
-4.298921994577731831e-01
-2.549512170515523812e-01
-9.013532878470109644e-01
-1.787579307751052227e+00
-1.916323240690192442e+00
-1.109432160378193144e+00
-9.111510814390287594e-02
4.439389224545325918e-01
4.455674011091766973e-01
4.120659527768429919e-01
5.485391423169116987e-01
3.779308282769586191e-01
-2.398596603952725115e-01
-6.761677434116016849e-01
-5.680448259811095024e-01
-3.636489242871548400e-01
-5.162638667240716517e-01
-8.400536156062400339e-01
-1.127573407078563461e+00
-1.239324404705251848e+00
-9.311592548017195714e-01
-3.594393249000429336e-01
1.080448264271735570e-02
8.270159256960629701e-02
-1.514416340886935892e-02
-1.375431570205231935e-01
-1.987091540093580133e-01
-5.486333981900638479e-01
-1.296841272695943070e+00
-1.757604851047924521e+00
-1.408482384028467704e+00
-5.364791427985560190e-01
5.043242118239671390e-01
1.575434920060289068e+00
2.364445714354835637e+00
2.450909827327922397e+00
1.630898317387884378e+00
5.765956734918117332e-01
2.945510926355070502e-01
4.227840018130693545e-01
1.534286467274211530e-01
-3.653583462046384733e-01
-8.813598009884210382e-01
-1.035827979073501881e+00
-5.821931585925029795e-01
-2.197890294294140290e-01
-3.544354654958805084e-01
-3.541714443114452604e-01
1.938732136316674848e-01
9.658689779379738827e-01
1.567922095445686947e+00
1.831758847433940574e+00
1.603024915113807847e+00
9.691709018787704188e-01
3.670641289893608050e-01
-8.630422280087547693e-02
-5.056520673927271670e-01
-5.408986132056196050e-01
2.637853648412519791e-01
1.299136069312162300e+00
1.625026493628245916e+00
1.602365338906240222e+00
1.924252657978641201e+00
2.389080870035487525e+00
2.544234491225816797e+00
2.266343593420574454e+00
1.601387237580454759e+00
8.845609844402705368e-01
5.382236538052372898e-01
5.190998579886041409e-01
4.154757363267428394e-01
-1.836516537019743101e-02
-6.591022635045138411e-01
-1.287724496192431456e+00
-1.696554426930291459e+00
-1.866148946560918231e+00
-1.707816661325031626e+00
-1.156336570148035481e+00
-6.831086069788149251e-01
-4.620818341490862680e-01
