-4.661121758938232551e-01
-6.965098168232126685e-01
-7.832563020811315058e-01
-9.028950560727436736e-01
-7.424323141201819576e-01
-2.082695388274947157e-01
3.927953243844146264e-02
-3.470347538761286380e-03
2.344518675373385638e-02
-1.220536176243239845e-01
-3.298751275315858211e-01
-1.173316277679251340e-01
3.347963814227444823e-01
5.619675051652950337e-01
6.261007303161331139e-01
7.672504639301600537e-01
9.442509138848861339e-01
1.131185886444044941e+00
1.127155106827427478e+00
4.246462156255464415e-01
-4.396663898465723030e-01
-5.523854157241062657e-01
-3.671038638259857545e-01
-5.775187579365398394e-01
-1.042035886526660571e+00
-1.291505911301488840e+00
-1.015446419319617544e+00
-3.682254740288058992e-01
1.954498666534549844e-01
7.325615946816774748e-01
1.163278001335790179e+00
9.602601002174918632e-01
3.605742586232251745e-01
-9.663886008279566620e-02
-3.317115153911979752e-01
-4.534756301145140833e-01
-5.384774832753813634e-01
-5.335368617321341045e-01
-4.562317213305466246e-01
-4.641239374102376081e-01
-5.153510626639375980e-01
-4.145001987912388386e-01
3.019904470341005717e-02
6.218375294088934746e-01
7.937300946054473005e-01
7.477541153766357196e-01
7.888951324117496888e-01
5.221622949272803904e-01
1.054533551786186046e-01
-7.558843357597989920e-02
-3.286666079971872767e-01
-7.595655471383225832e-01
-8.931641816752028395e-01
-3.908862767981157171e-01
4.138507895084789778e-01
7.628208711920737572e-01
2.656266769460463584e-01
-7.081455326133406780e-01
-1.423292114713315959e+00
-1.495864135682724694e+00
-1.076768566529976878e+00
-5.367374663791130152e-01
4.831725243495837985e-02
7.395095031637596295e-01
7.882856721787265819e-01
-4.838878046616558737e-01
-1.851507580045586243e+00
-1.700599266115812247e+00
-5.153531759477548713e-01
1.977259738217983509e-01
3.457641854186198627e-01
8.082065899648487317e-01
1.397846992371521768e+00
1.257335637605834222e+00
5.259324749441117719e-01
-9.963013203638083903e-02
-4.656784186494984934e-01
-5.510743860232018010e-01
-1.656452354170963315e-01
3.533955192497599263e-01
2.947192646765323665e-01
-2.688577619582663281e-01
-5.514092982933911369e-01
-3.315549603460777317e-01
-8.211563400259577761e-02
1.694993077661636482e-01
7.151838408700338379e-01
1.268438476316738894e+00
9.980166530722782703e-01
-3.381877680275423570e-01
-1.656670140149949288e+00
-2.101842270885167174e+00
-2.017477750958498905e+00
-1.850515727249992359e+00
-1.528703188814171110e+00
-7.200281767287510792e-01
5.979911594575181288e-01
1.713518765648402775e+00
1.894545693979615031e+00
1.500068672706792894e+00
1.304380684103043198e+00
1.168851883096557298e+00
8.979644736487339962e-01
6.402704472285850601e-01
2.783584899033030857e-01
-1.256704621056109750e-01
-1.376133137072456936e-01
4.484249541905085401e-01
1.207098559865085186e+00
1.390909452759026443e+00
7.743350625244980190e-01
-3.051761864093455734e-01
-1.514048902960331677e+00
-2.247457469680619990e+00
-1.950126697637947215e+00
-1.151176575208858521e+00
-7.949944512885179781e-01
-9.443941125673859238e-01
-9.438451842713961870e-01
-5.717705353427255943e-01
-1.858329878649090661e-01
5.102398295392236022e-02
-9.893457702819752342e-02
-8.680537235977606736e-01
-1.808166472929386037e+00
-2.007513375766763808e+00
-1.346600690882149953e+00
-6.595720589595339689e-01
-4.153069887130675375e-01
-7.769337083927441157e-01
-1.530191025156067974e+00
-1.570776445621325124e+00
-3.193833844660916021e-01
1.305277603234696215e+00
2.084656662134322769e+00
1.622401644024457523e+00
3.142647598334861736e-01
-1.069477505105692838e+00
-1.842757975393384484e+00
-1.737266539945984123e+00
-1.024933815801106318e+00
-3.848379895772446879e-01
-1.792002512924531221e-01
-1.918742951706789990e-01
-2.872763076945383798e-01
-5.013989899627054880e-01
-5.865392112886576026e-01
-3.100896006271661731e-01
3.104940993778612102e-01
1.250240511585152925e+00
2.061251461411068853e+00
1.819846600276823434e+00
5.094688250547254604e-01
-4.965406725452329861e-01
-2.556563260069338317e-01
4.873727834503737144e-01
7.654633684733875842e-01
7.836334616780775697e-01
1.046950508075429331e+00
1.624029211954903795e+00
2.028441047339109904e+00
1.960252949689646806e+00
2.043029195495531969e+00
2.526100891091731526e+00
2.594674264463094904e+00
1.947173600229261670e+00
1.336964811315205504e+00
9.700976494384633275e-01
3.880695594613309818e-01
-1.904607340215572209e-01
-3.072936359534360617e-01
-2.460418445251697506e-01
-3.894029164036640345e-01
-6.492587091361176066e-01
-7.836073612546091693e-01
-7.317769408591504599e-01
-7.089224530178739325e-01
-6.339346686008167087e-01
-1.124242976697832908e-01
8.432511223661263156e-01
1.668733361166928830e+00
1.765199849886869954e+00
1.202531961729644827e+00
7.346330656670370107e-01
9.103956215650775841e-01
1.353623892702889409e+00
1.201734736265833936e+00
3.949006527636793606e-01
-3.142023860722383821e-01
-4.786426463743836957e-01
-4.816542406411530863e-01
-6.902903716927314415e-01
-6.600235047121456589e-01
-3.734254723476460730e-02
6.086278125932760297e-01
5.457918722052201854e-01
-2.873859834363053922e-01
-1.216086480972490502e+00
-1.453830233547477979e+00
-9.165010724074406090e-01
6.172878885401575921e-01
6.276015336009824752e-01
-6.836640543861545460e-02
-8.465771025597125243e-01
-8.097722138421389326e-01
-2.382783730960798263e-01
1.016490498164359796e-01
-4.226893531609673266e-02
-7.628012139429726224e-01
-1.725850717961423975e+00
-2.220079689332817185e+00
-1.945230569071688009e+00
-1.169567161154471790e+00
-4.355462012707513875e-01
-1.066471948932086189e-01
-5.962329878500606528e-02
-6.328140057927024442e-02
-6.928778673748545169e-02
-1.647705608859552640e-01
-3.066747285367434905e-01
-6.214405140553978107e-02
3.815888067123031080e-01
1.222625778111838535e-01
-8.478287273257840706e-01
-1.683050635925230409e+00
-2.044757661223504108e+00
-2.197988416948977619e+00
-1.988803457512676953e+00
-1.009268652368058072e+00
1.956481934470269135e-01
8.011353034010159080e-01
1.103201047588674211e+00
1.388019256228950393e+00
9.890228090229790103e-01
-9.125788666610884503e-02
-7.617487318418464382e-01
-5.936454483745093880e-01
-2.541674954846549483e-01
-2.871993713778281943e-01
-5.628027956894482431e-01
-6.022997493317606699e-01
-3.243804168101994678e-01
-3.151368566836162954e-01
-8.239220485199761912e-01
-1.245096801828918576e+00
-1.313095926090199983e+00
-1.497075251276411167e+00
-1.759199103205203452e+00
-1.534100132711665010e+00
-7.874315311430749587e-01
2.267003366805474263e-01
1.276093422457135418e+00
1.866950659046669569e+00
1.761839557801171186e+00
1.282908882101746251e+00
4.780267610620996255e-01
-8.452722946919467573e-01
-1.946021808916904794e+00
-1.796879488029367034e+00
-9.014535613259823110e-01
-3.757852252197341758e-01
-3.445753374410225889e-01
-1.728117814513049078e-01
7.104367751447998591e-01
1.876251166586371921e+00
2.297864739492636144e+00
2.045261861789223090e+00
1.706031254827955479e+00
1.081101068243194074e+00
1.065963195028169080e-01
-5.236874468229663071e-01
-3.949461948483483642e-01
1.535776981365549465e-01
4.950821668003477227e-01
7.355566989774037223e-02
-6.875848950678382643e-01
-7.094170603464517999e-01
6.986351925354092329e-02
6.067693952844819272e-01
4.071015541892378797e-01
6.523636607542000754e-02
2.225121009970132402e-03
1.487080604029273889e-01
4.832048596242380367e-01
6.919384708317709576e-01
2.600877672494901760e-01
-5.970321473121036338e-01
-1.072144562115668665e+00
-9.695110360341140376e-01
-6.116106687787092877e-01
-1.171787829377776424e-01
4.386190887643419134e-01
9.092784227814927345e-01
1.098452511466792902e+00
9.445855842789139256e-01
3.162690096928144068e-01
-5.306361345339776214e-01
-7.185145238191184003e-01
-5.387136742196509120e-02
7.003842201024895742e-01
6.647886594099450264e-01
-1.714135590123496700e-01
-9.001693495596693184e-01
-8.653137977863912811e-01
-3.848834885224041713e-01
1.675811503968759608e-01
8.946430774623908011e-01
1.262203999238229679e+00
6.020989317132311447e-01
-3.698869234004857898e-01
-5.531921923775356964e-01
-1.493436507890198162e-01
-1.766975478785555720e-01
-7.507140645616457997e-01
-1.046861725125991072e+00
-7.974091024588302323e-01
-4.894144608468920521e-01
-5.878248571399732336e-01
-1.030411616031780220e+00
-1.186108073895488113e+00
-6.239148473280400342e-01
5.068693111101900683e-01
1.739798356476768282e+00
2.230117459688964132e+00
1.764353649539482483e+00
1.015452258169194710e+00
9.320004388157729358e-02
-1.126355633532216016e+00
-1.692978617654449458e+00
-9.197793484076647319e-01
1.884026374406616300e-01
5.216025619362073540e-01
2.153656399673882782e-01
-2.225597102323529919e-01
-4.047167544760476576e-01
-1.613823621069555847e-01
-1.988501313461472561e-02
-1.323080500344467891e-01
1.113237817783473138e-01
7.011709126501733946e-01
1.061524364393672926e+00
8.961262370348530570e-01
2.865729875434974150e-01
-6.278071278141256206e-01
-1.571934933196843076e+00
-1.489606430565672213e+00
1.084527734977327740e-01
1.928881032096606551e+00
2.719917513347330118e+00
2.691054915409621273e+00
2.072969142504474505e+00
9.933981889431550139e-01
9.801954767868580054e-02
-4.487448687593239074e-03
2.308023691929587118e-01
2.052032781391865957e-01
-2.077536482469646006e-01
-6.514854888843950587e-01
-3.827812770885039018e-01
3.432866470765347233e-01
4.275481830188359034e-01
-2.658551878294101445e-01
-8.724752299681748369e-01
-9.091186114663629692e-01
-1.049858005799458205e+00
-1.738163676373326805e+00
-1.919954470287571269e+00
-1.125048890137763991e+00
-3.554156083844223768e-01
-6.580530983807494905e-02
2.377255670411892660e-02
1.146453640358178205e-01
6.111240314096193504e-01
1.652943924318263980e+00
2.523121321601839995e+00
2.515194602568694204e+00
1.746515929062330441e+00
1.036693443049392371e+00
9.170566288384842668e-01
9.762903882905281661e-01
8.131637609708686210e-01
6.994494571077487510e-01
8.977155244471294315e-01
1.219739111201427084e+00
1.159425769719354182e+00
5.218685368791948775e-01
-1.500583457266132514e-01
-3.475558596207027340e-01
-1.923700845006067195e-01
-4.427916799576418067e-02
-6.280139538396375953e-02
-3.342539795900500987e-02
1.372666457887647129e-01
1.869618143615427164e-01
-9.576605712561782335e-03
-2.527802729383322733e-01
-3.410598527314510631e-01
-5.420257731193407758e-02
4.788620431316690240e-01
5.961854500361161158e-01
6.769954016294776888e-01
6.471832464714758482e-01
2.550691389209522320e-01
8.012929205313681913e-02
2.645100575722182656e-02
-2.223933296278134686e-01
-6.079351708425991818e-01
-8.413801581013288233e-01
-8.051810467936105775e-01
-8.227207373304931126e-01
-9.360850170303487428e-01
-5.273360108357002529e-01
8.324320628321990601e-01
2.467626081868019128e+00
2.730315587165595304e+00
1.908752055375928069e+00
8.989977436631062524e-01
7.556639485528718891e-01
7.689048182303329648e-01
4.283223634416070957e-02
-1.097684595661063911e+00
-1.453912980154826506e+00
-4.585499443879121895e-01
8.789870518494712348e-01
1.310528051312061404e+00
6.682295401216000741e-01
-5.625391617147030843e-01
-1.544489595481917332e+00
-1.583415034345575734e+00
-1.027647710706514728e+00
-6.097670648202196952e-01
-3.174903428567254493e-01
1.533501846953034264e-01
6.296345783271802832e-01
7.512703703095160446e-01
7.547922870792169725e-01
1.125763068711269188e+00
1.573098318311348054e+00
1.609719957342456986e+00
1.388546257588766375e+00
1.344923742214016782e+00
1.471708021518404186e+00
1.308552568905895663e+00
8.117620618569215685e-01
5.192680547732444474e-01
6.963484018006469434e-01
1.035853830319742208e+00
1.059133451555959837e+00
6.278064466029135149e-01
2.395834933310598269e-01
3.505531459688671636e-01
6.955681211123404539e-01
9.246278854062179864e-01
8.759759175463571745e-01
4.474235928461660072e-01
-3.394977640761549093e-02
-1.259905011532644059e-01
9.954032290547781825e-02
5.501890898012424813e-01
1.077480610596333710e+00
1.217871419157273705e+00
1.161123734523167084e+00
1.163746720472145668e+00
9.024062958790664002e-01
6.073207528349194861e-01
9.145522168776097915e-01
1.496011329914414434e+00
1.426208519526939611e+00
8.675072987124294865e-01
4.824369699726415162e-01
1.262887095107026458e-01
-5.165936490046360019e-01
-1.171493463444109873e+00
-1.309074044153771821e+00
-1.066520352573894437e+00
-9.811108932492959012e-01
-1.065203403919640524e+00
-1.409730100743250780e+00
-1.976849736812258840e+00
-1.969355706040803122e+00
-1.162704546812056483e+00
-4.122917553161975501e-01
-3.715867111831295810e-01
-9.065439115308286944e-01
-1.621899393240623821e+00
-1.884576811856587097e+00
-1.199405719503897405e+00
-4.264419567336841244e-01
-6.810821277173135790e-01
-1.369313556402667054e+00
-1.584959916650923173e+00
-1.511128977331419154e+00
-1.118190224967125390e+00
-2.635315390055496532e-01
5.052668911798663398e-01
9.308579086867915242e-01
1.189513336095622709e+00
1.148262897750629286e+00
8.287474253143517489e-01
6.016562581925684050e-01
7.548936301550336347e-01
9.609517615593168305e-01
5.978046187974545012e-01
-1.473316959691312600e-01
-7.130724338783868133e-01
-8.060515422929963592e-01
-3.893081493917421310e-01
1.261347545637926393e-01
2.637028777409074487e-01
3.209486321451644475e-01
3.836606195672664366e-01
1.949570582521615303e-01
-1.707926565680840392e-01
-5.825885075653768341e-01
-4.904859781761098381e-01
4.187199753404449720e-01
1.181061756339689239e+00
8.712678636502799723e-01
7.677098368169819886e-02
-3.193421878946032244e-01
-5.683860567275550446e-01
-1.025607095173194372e+00
-1.250570186946962759e+00
-8.822297005978463336e-01
-2.685922797974579779e-01
1.431438760727201387e-01
4.634633013628546849e-01
7.005946642789303569e-01
5.617890178958159231e-01
3.692162211956065421e-01
4.907353324388650795e-01
6.500701615789939991e-01
7.002636480996614621e-01
8.332813856572337530e-01
1.022462680357747677e+00
8.655680851856872859e-01
2.314626724059982710e-01
-4.963290365049219388e-01
-1.030820977225614943e+00
-1.140447393304495849e+00
-6.472061526423812383e-01
2.059857461914071583e-02
4.556681932360766574e-01
7.196583020301792200e-01
7.923570240544902665e-01
7.048605943368451143e-01
6.268633117188584514e-01
6.490044916422125221e-01
6.251374129107337696e-01
3.856469926555901040e-01
2.717175051184594903e-01
6.387661839271048247e-01
1.160218083542069678e+00
1.124687017699997682e+00
4.788696573835860004e-01
-1.374119581445643890e-01
-5.169534246980549419e-01
-6.676497846828891580e-01
-2.353707219322829780e-01
3.495915968143916142e-01
2.714877404552631379e-01
-4.487301148420585334e-02
-5.776826396442179962e-02
1.151966367082989107e-02
-4.720182816879163468e-02
-2.904886186844742313e-01
-6.270083189710826677e-01
-7.586275240543010057e-01
-5.360709285366521692e-01
-3.253180836252101416e-01
-4.251007186836143203e-01
-3.667001180588039255e-01
2.091258659929981223e-01
9.840660902645977925e-01
1.708957645018601257e+00
2.261355646651737494e+00
2.027858960057236537e+00
7.913280435029275139e-01
-3.983202190720099289e-01
-8.712512720766609764e-01
-1.044566806816708882e+00
-9.163901568991962288e-01
-3.289813514139514061e-01
-1.028415885900116171e-02
-7.036272782261673298e-01
-2.065667702030993258e+00
-2.729852547631376414e+00
-2.511829031660848255e+00
-1.851180559873965681e+00
-1.550546300153677448e+00
-1.289648693412897007e+00
-9.426505210562695636e-01
-8.668616435507107143e-01
-9.337563723387969361e-01
-8.103367657509996658e-01
-6.795952394621754822e-01
-1.051266277519427694e+00
-1.939098678364622019e+00
-2.421822867807810642e+00
-1.652323449032490510e+00
3.785385705911543663e-01
8.421790833249248598e-01
1.043509255892514531e+00
6.217365327131544328e-01
-1.102542159659813774e-02
-2.090428864096526840e-01
2.183278258565466978e-01
8.961242294506149841e-01
1.394606852833425226e+00
1.703756233641843032e+00
1.663217937370911281e+00
1.111539515035927961e+00
4.815512950835565409e-01
-9.186666970298359991e-02
-8.034603126696809872e-01
-1.220524749305456735e+00
-1.111573908679448275e+00
-9.789273340576452043e-01
-6.935489646145517328e-01
1.069625825019094451e-01
4.118431398604052718e-01
-4.956750170481419304e-01
-1.463323235036782188e+00
-1.329667450327325584e+00
-4.500760158914645648e-01
1.654775278658824345e-01
9.889361330000075168e-02
-4.410835378109788651e-01
-1.023333873677050532e+00
-1.246275752722429520e+00
-7.280541105545781377e-01
4.901539335615803794e-01
1.379858658208845679e+00
1.198976006452725729e+00
5.029687879721187471e-01
7.238852953934639400e-02
1.213217171756499208e-01
4.290494455067637714e-01
6.217831322418260198e-01
5.127207555107972103e-01
2.966242256445734693e-01
4.063710883959797404e-01
7.936919064618367381e-01
8.987488314950484725e-01
5.906699936054099487e-01
2.743822941381998670e-01
-1.711634853157371350e-01
-8.599663656254460387e-01
-1.007936441093473245e+00
-4.514467175691653789e-01
1.376812885013680710e-01
6.765581026103777429e-01
1.285135387925297357e+00
1.332804052267275274e+00
3.133244197730454261e-01
-1.087972272986907685e+00
-1.708123819468424953e+00
-1.171675293831801357e+00
-2.442703458428332475e-01
1.383317426137858908e-01
4.376777845169128878e-02
1.754464466843985160e-01
8.315099037022373185e-01
1.556935778444662244e+00
1.574549999042034409e+00
6.479000833835180106e-01
-8.413513907491613208e-01
-2.131652563213656926e+00
-2.664604679138199206e+00
-2.691307542160056521e+00
-2.695983541997803989e+00
-2.326071303984377003e+00
-9.088277242784298382e-01
1.035968441470347390e+00
2.026619353135896251e+00
1.518882910797746399e+00
5.815834675987585634e-01
1.037953716714167668e-01
-2.764608697736989362e-01
-1.177637932307436186e+00
-1.976242634567956458e+00
-1.737805260306542809e+00
-8.950997942777630945e-01
-1.763285624100933979e-01
1.460103865477961615e-01
-5.352233950020316572e-02
-2.485310942807974210e-01
2.015659307873680917e-01
7.466927157434001261e-01
6.344205806822319493e-01
1.892565707912545470e-01
6.355820896849534440e-02
4.604529884979009502e-01
1.079166893704662344e+00
1.234377494111044804e+00
9.245421577340484642e-01
9.893326394873194207e-01
1.422331773733468196e+00
1.373069130709041907e+00
7.066041680840113859e-01
1.331922151712591484e-01
-2.578938894149593319e-02
-1.660489676306747264e-01
-4.630170003327989114e-01
-3.704606501140975672e-01
3.222819376085969689e-01
6.953365423673103507e-01
3.763227795830608180e-01
1.435787129998105094e-01
2.347580210712277016e-01
4.348767562753292903e-01
9.996232536302033234e-01
1.796444083073347464e+00
1.970543950467827266e+00
1.191020528511183008e+00
1.344354481455774519e-01
-3.386568996085227434e-01
5.918538157371827473e-03
5.989867395654276949e-01
5.960152373532228154e-01
1.735087585415670264e-01
2.147640198052937488e-01
4.955292102359182826e-01
7.908999022756466046e-02
-7.465366966820711214e-01
-9.003556405191294187e-01
-4.007845802865191431e-01
1.195351263955673760e-01
3.486292597142181537e-01
2.123608693753206156e-01
-3.563510716885258112e-01
-1.252841630310008281e+00
-1.639363200078764349e+00
-7.791589603628649163e-01
6.129789782757386618e-01
1.435839350044983309e+00
1.520517846067118706e+00
1.045967837229054398e+00
2.759054946508792128e-01
-3.422943027482188705e-01
-7.200491830373172419e-01
-7.298508149122148181e-01
-2.420700210081518644e-01
2.255817370334686489e-01
1.977657355435853692e-01
-8.166143366355931021e-02
-3.021983149649108413e-01
-5.235085315820168228e-01
-4.998544981225716555e-01
-7.821770968451979833e-02
2.861700249195056611e-01
5.263383846695818269e-01
9.213542774298884019e-01
1.281325868404865620e+00
1.284506244853591772e+00
1.032942631538591005e+00
6.988218206791553255e-01
-4.045529613440869421e-02
-1.002870199010783558e+00
-1.568012431380646055e+00
-2.011255245727032293e+00
-2.480250037467365498e+00
-2.357586622552345634e+00
-1.552071582121385074e+00
-7.713805668096946899e-01
-5.424560780702124552e-01
-5.890876560399802564e-01
-5.404666297812409370e-01
-5.819208015583628990e-01
-7.199292248896692614e-01
-5.417182329792394890e-01
1.429276098192040767e-01
9.003148778338110336e-01
9.115167789089864137e-01
7.260818242048711069e-02
-1.015451015246898292e+00
-1.983292663816898393e+00
-2.540124636056257934e+00
-2.125075099218185493e+00
-7.085355655219779392e-01
5.390574957227203257e-01
6.360221846871813023e-01
3.183926327011413898e-02
-2.389970962514649522e-01
-8.028236513916187089e-02
-1.393798576116955512e-01
-6.869490587310039809e-01
-1.276834409915593049e+00
-1.289185441639458141e+00
-6.484678541542436836e-01
3.705858452718097662e-01
1.284985094198523470e+00
1.492558488715102216e+00
1.174876100386912148e+00
1.084040675190264036e+00
1.247350724587423576e+00
1.135371084176857170e+00
6.904393149838859989e-01
3.533572481434606449e-01
2.217775320665635874e-01
1.174756069345122667e+00
1.797450852704508995e+00
1.724773656240276676e+00
1.060463538861289523e+00
-8.651289504163532651e-02
-1.616405702848727532e+00
-2.788905954059217596e+00
-2.788905954059217596e+00
-2.788905954059217596e+00
-2.422519018339066132e+00
-1.289402897796467995e+00
-1.394676589971501415e-02
1.285372784437854188e+00
1.807004615426792249e+00
1.144847097486785259e+00
3.858722251153255400e-01
5.916743933673650480e-01
1.418192259013487222e+00
1.941621969958134297e+00
1.881324463080420006e+00
1.483564352741301828e+00
7.045923764745152251e-01
-5.267696299164633666e-01
-1.371367846255461931e+00
-1.125189787685970666e+00
-6.197770628747808486e-01
-4.103137206472093901e-01
1.913354429893086850e-01
8.866753912044422758e-01
6.509547532182580198e-01
-2.311773796121684432e-01
-8.183156895174338308e-01
-5.731317913383808804e-01
2.262095373905803064e-01
6.567052085753427582e-01
2.902438459105045609e-01
-4.290542296017781781e-02
2.985709821288698440e-01
6.514880587952643909e-01
1.793518392698454644e-01
-8.802118435091951243e-01
-1.472106762538861746e+00
-1.220714234792341646e+00
-8.900468666909366888e-01
-1.029174478751742949e+00
-1.136318543858738428e+00
-6.366435840623954068e-01
2.277495387647942293e-01
6.935865017754589967e-01
6.906083733746130049e-01
7.162888711035294564e-01
7.743931658902715176e-01
6.662450793267962190e-01
2.060445616865423657e-01
-4.747791498401967569e-01
-8.746933989193109715e-01
-8.605852372413902440e-01
-6.833066828882103927e-01
-3.791614113676798903e-01
1.269151637205156169e-01
6.030152080688049310e-01
7.663369505509721735e-01
6.154653272145580445e-01
5.168479803517820326e-01
7.580674996288933043e-01
1.122891812903929587e+00
1.336584837151911342e+00
1.333579349762153310e+00
9.837822075708066993e-01
2.271353309233224427e-01
-5.491913468969968903e-01
-9.318362594178417613e-01
-6.479454512449663861e-01
3.342764377860250047e-01
1.106019367781361895e+00
1.021622487467587437e+00
7.664912724905651453e-01
7.700081786879895418e-01
8.324204008561975066e-01
1.027421702226773759e+00
1.301523678637737325e+00
1.536645890450980101e+00
1.835164331699021378e+00
1.985356772121779967e+00
1.727363259887743085e+00
1.205884086357196905e+00
6.386921794664790486e-01
3.529970116881785414e-01
7.585404995937582440e-01
1.351702805532779994e+00
9.675245027899372907e-01
-1.371107345207878969e-01
-7.386989032572891523e-01
-7.351193412571932484e-01
-6.386500655153166672e-01
-4.735151323930144041e-01
-1.920213082699251395e-01
6.154844158368933012e-03
1.052930182003111864e-01
9.140526528758778635e-02
-1.596770397104958217e-01
-4.053494363768856967e-01
-2.194358822424596622e-01
1.505649757886672914e-02
-2.646544217267723376e-01
-6.506937521169066097e-01
-7.253675304608722119e-01
-5.042834054917323394e-01
-2.694819627843590970e-01
-3.908496440488921642e-01
-8.203222065843418509e-01
-1.409763549042716280e+00
-1.885273599781029485e+00
-1.861640373522924552e+00
-1.558999327386157763e+00
-1.414273463484915450e+00
-1.472628624072234160e+00
-1.472628120055284873e+00
-9.759352328969286283e-01
-1.621408134511548860e-01
2.195138268584250762e-01
1.047462559029566226e-01
-3.322176180182767058e-01
-8.624548713372187647e-01
-6.995396869022459940e-01
2.461685962929232585e-01
1.092229170747016198e+00
1.181531221790772967e+00
5.406731591723413777e-01
2.674970612952053822e-02
2.689231723672485530e-01
8.434816260402340227e-01
9.428089820295616486e-01
1.965570693848442962e-01
-7.774066526404408428e-01
-1.110147648951661292e+00
-4.460545915279623963e-01
7.396911021029165534e-01
1.253429371154761940e+00
6.932646304366513190e-01
-1.081454996217451753e-01
-6.112030504645995510e-01
-8.450173928540949397e-01
-9.586825655050632555e-01
-1.342972826953424681e+00
-1.929378325524237381e+00
-1.999401670284398191e+00
-1.240037289274076304e+00
-3.739965292290807763e-01
-2.725712422996001694e-01
-7.761720803815975733e-01
-1.136018410482550589e+00
-1.049151904453948125e+00
-6.951856718391261625e-01
-1.886046194712731605e-01
9.768331906326968572e-02
-4.200100484286060087e-01
-1.127670340205971344e+00
-9.838490756058579922e-01
-2.654340998826273390e-01
4.144897531673328861e-01
1.032589806914633535e+00
1.537273434270753691e+00
1.401682425848903124e+00
6.777688436611306599e-01
7.537855474260998778e-02
-2.767882118497771438e-01
9.240852947628001163e-03
1.323732644722687812e+00
2.452939551090989045e+00
2.147053310518479474e+00
1.187189718875831801e+00
6.967335938591288080e-01
4.344052762527939038e-01
2.396353962008678784e-01
4.022921264522241191e-01
3.985249699714095151e-01
-1.097151996706699911e-01
-6.636070761987408195e-01
-1.022737896868874952e+00
-1.000198218073307332e+00
-3.597050006897598573e-01
2.744295619185395663e-01
3.339532038469964492e-01
2.572078645898602245e-01
1.782663826441457100e-01
-5.442196106024498048e-02
-1.044428955376679735e-01
1.919838204317355634e-01
4.348866620998465549e-01
3.843771622081681993e-01
4.425598441998585542e-01
6.809747789611966251e-01
5.375919143461581617e-01
-6.784267695071503901e-02
-7.140324602715171221e-01
-1.205445481570452726e+00
-1.470978813327187940e+00
-1.234455260997725290e+00
-5.753831678808156713e-01
5.371453826231362694e-01
4.726213312217155682e-01
3.942507996344352811e-02
6.584457456227458746e-03
3.024448001918612627e-01
5.337122003927953218e-01
7.237236438682493889e-01
6.739976712188193719e-01
4.188290598411841259e-01
2.722524522964125948e-01
3.207243701116736512e-01
7.025037341132686075e-01
1.275304486597212961e+00
1.294757192407100188e+00
5.994940429376081070e-01
2.286770158700983657e-01
6.560806129530069031e-01
1.209749203463284850e+00
1.191296664135318428e+00
4.881919857811062302e-01
-4.079683319219069570e-01
-8.200105298684039479e-01
-5.751963169386472563e-01
2.064102681168170431e-02
5.890563300276506764e-01
7.655217710089892158e-01
3.713656331509786468e-01
-3.494972957388999268e-01
-7.376506962736816275e-01
1.467234659539880595e-02
1.632943372823412620e+00
2.454070795273409988e+00
1.759312228464908978e+00
8.856138340117390984e-01
1.056206052810120477e+00
1.567107027212953252e+00
1.357481481073770091e+00
8.598368819547527186e-01
9.739394173407351918e-01
1.476953367992690502e+00
1.374073425147450234e+00
3.154259512625754991e-01
-1.088489964316005087e+00
-2.038621259733243818e+00
-2.072633334719339526e+00
-1.329901336195357553e+00
-5.726151708968806320e-01
-5.503022496213780812e-01
-1.006236215411684398e+00
-1.132560216341371495e+00
-8.805868550496624980e-01
-4.856385679222302576e-01
1.589370513363323190e-01
8.248402750091111679e-01
1.314285427201886236e+00
1.882139009741702118e+00
2.245561184371168473e+00
1.870618144662180793e+00
9.011260171539139385e-01
-4.309506234464665492e-02
-7.337965163577988559e-01
-1.638884475533231688e+00
-2.542815502649648618e+00
-2.410809557215450649e+00
-1.204461801404719479e+00
-1.457950179309074334e-01
-1.263265641483885815e-01
-8.272623177495694868e-01
-1.418556741053139891e+00
-1.381356854538960954e+00
-9.204596841175149979e-01
-4.122726396475451249e-01
1.096984712665853984e-01
5.980155664253410386e-01
9.619290808812639426e-01
1.169979117472010666e+00
1.265767104210914651e+00
1.148198311419548201e+00
6.853484957542894662e-01
1.743633615095242506e-01
-4.695915256862640691e-02
-2.926833952343462983e-02
2.453861953845634103e-01
7.092885064147446128e-01
8.610575596247566077e-01
7.477884383156931936e-01
9.065745741108752753e-01
1.080599963990951373e+00
7.030220594463471029e-01
5.278607045731143615e-02
-2.674512376998540164e-01
-2.831695798243098472e-01
-2.164217110374654918e-01
-1.124164797083150036e-01
-1.837774309788005322e-01
-3.048572572668078462e-01
3.456775827038582188e-02
6.016138816408165280e-01
7.040944299212579249e-01
4.028992077264228477e-01
1.855713866985043703e-01
1.717159936775859985e-01
8.851950082447618273e-02
-3.110156783780999024e-01
-7.019786564270201756e-01
-4.828739164068145961e-01
4.338755913395256902e-01
1.187430865234468058e+00
8.054396696295175184e-01
-2.911049938310171226e-01
-1.050686644111483270e+00
-1.404297959122293049e+00
-1.642628365556104697e+00
-1.702006871425793433e+00
-1.258388389064880375e+00
-2.727146448872705409e-01
6.450174024860487743e-01
8.555844158541094924e-01
3.697273064301205281e-01
-3.479929987066081032e-01
-1.026941681579235821e+00
-1.509588196962604600e+00
-1.611760301255107830e+00
-1.193989895785440014e+00
-7.418367644115169135e-01
-8.524118708243465514e-01
-9.170174651574687363e-01
-3.265746239539198958e-01
4.372316151160012820e-01
8.469364691679422963e-01
9.836219413134636991e-01
1.236260910404076041e+00
1.694021543430164645e+00
1.803506227952377028e+00
1.143313202071120749e+00
1.277571601218721598e-01
-5.631915739017636646e-01
-5.628561823992351831e-01
3.256018974245501463e-01
1.436606133083219383e+00
1.351679259329988669e+00
2.074473368929710404e-01
-5.473868703210349462e-01
-6.423592101991457692e-01
-5.881109467605870611e-01
-5.383191649905400000e-01
-7.075492849285385244e-01
-1.202603594959910538e+00
-1.672182766554902056e+00
-1.632976272487968394e+00
-9.858455468913720487e-01
-2.633804845977741893e-01
-7.284686680923903486e-03
-1.171723742258222595e-01
-1.447687182022899255e-01
3.592238023431910954e-02
2.291487111513592148e-02
-2.946391277531585917e-01
-5.452772390780172840e-01
-4.386789769340715961e-01
-1.981385103084444266e-01
-3.895207050846519192e-01
-7.790685522332183588e-01
-5.233849245973595243e-01
3.864999582199664108e-01
1.244359335330110783e+00
1.668353695558655980e+00
1.657645671870852988e+00
1.235565930088367237e+00
6.657996713636449293e-01
5.267334114357518082e-01
1.009571855955750053e+00
1.340599813122754114e+00
5.330924393620991575e-01
-1.030888928005138316e+00
-2.085570739749254443e+00
-2.294126810938641015e+00
-2.193475886913216044e+00
-1.794435991235276751e+00
-9.342545011300763536e-01
-4.994241553390389998e-01
-8.223510788559185158e-01
-7.646789802621283272e-01
-6.944752969408331256e-02
4.138944895920799727e-01
4.219844832488451325e-01
5.020870494578064808e-02
-5.151207539136990476e-01
-8.931346657392114086e-01
-1.070762027537889294e+00
-1.291119046671206361e+00
-1.489530468340743097e+00
-1.439938470046891350e+00
-1.188139750511802317e+00
-8.669925972471453912e-01
-4.109500481061791888e-01
3.323746671980959411e-01
1.015841350937449983e+00
9.280241862462625946e-01
3.344959879884557563e-01
7.477205128285324687e-01
6.629218647824419719e-01
-3.829904475453499990e-01
-1.630287912857115051e+00
-2.080961968994234468e+00
-1.346889446909367516e+00
6.514461966548440279e-03
1.107697351831438581e+00
1.446263130604004798e+00
9.756372146422009894e-01
2.073987726391820774e-01
-2.236211258454489093e-01
-3.358115376853770817e-01
-6.894278997653816576e-01
-1.356066730539070120e+00
-1.755090174138657089e+00
-1.348659937184744306e+00
-3.596399846454562677e-01
3.656284230279378544e-01
5.203903141658565712e-01
2.768217062053719424e-01
-2.551174835230886062e-01
-6.096631123329860902e-01
-6.043578079968057182e-01
-6.880837477087726750e-01
-9.624590958480992997e-01
-1.392724049114169915e+00
-1.863494968046631728e+00
-1.955569922791384974e+00
-1.546844850568771745e+00
-1.044710382566549578e+00
-9.097670572430031077e-01
-1.144325608327812605e+00
-1.137073092834447241e+00
-4.682159831409005712e-01
4.158448639382643086e-01
8.795289579095630916e-01
1.048574585869993303e+00
1.369238256243223040e+00
1.547381052669330792e+00
1.395239550712002119e+00
1.117465077071876589e+00
4.537544571791323200e-01
-4.456354521222866127e-01
-1.054459019129247999e+00
-1.066837969011065645e+00
-4.372469324222381659e-01
1.461224781944582829e-01
1.178280161186584241e-01
-1.942582681367877595e-01
-3.282823646246386118e-01
-1.538727706911864890e-01
-5.171222579377586330e-03
-4.713961595183120412e-01
-1.395844286212648111e+00
-1.830456636834646433e+00
-1.100332966382066680e+00
2.621743787171489370e-01
9.162724315491270755e-01
2.173538930792200119e-01
-9.870801364619674612e-01
-1.650159862180630821e+00
-1.974096706578408744e+00
-2.278139985672250400e+00
-2.010838533194287514e+00
-1.129176002072657781e+00
-6.518678581482739709e-01
-9.003551361749259074e-01
-9.047512035325849800e-01
-3.571937163414696248e-01
1.036896262668607072e-01
4.431706955919360036e-01
9.300049092857740618e-01
1.426566901797317710e+00
1.723480229256792784e+00
1.735626426005954182e+00
1.594153893760812180e+00
1.521692090100608130e+00
1.327034171205991209e+00
9.117924791016334130e-01
6.612542064034893086e-01
5.067242742171739200e-01
2.053210155058683983e-01
-2.108619091803617257e-02
1.102531433736434197e-01
5.245568514861190801e-01
8.465506884900053652e-01
9.790172651404122073e-01
1.210167942135430108e+00
1.502283924348350119e+00
1.614573599337266074e+00
1.421591531017022181e+00
8.328312244190213542e-01
1.839735238755439151e-01
-1.633035169491674765e-01
-3.762189338508639680e-01
-4.455673172505534851e-01
-3.085326913915714675e-01
-2.986328986883898459e-02
3.837056578775908111e-01
4.332660790015894214e-01
-2.747356602066425291e-01
-1.111997538713505707e+00
-1.353556480564761966e+00
-1.213994140836763602e+00
-1.046453204063512166e+00
-4.225224099962069380e-01
7.769716519463957249e-01
1.532635393192361528e+00
1.233123026934980215e+00
5.456709663076683148e-01
4.021199038704008077e-01
1.035000678918870376e+00
1.686339225054529711e+00
1.361492031418156223e+00
2.319679601288403281e-01
-5.753640304720202270e-01
-5.014555147025940851e-01
-3.918084133442154698e-02
4.233104590195375105e-01
1.238975176722859395e+00
2.223626225135128642e+00
2.349954735106399184e+00
1.368186465862487156e+00
4.259582254872807394e-01
4.260114294482620356e-01
1.014796361710436523e+00
1.275447659564582503e+00
8.038089944059374492e-01
2.184565883951033322e-02
-5.259608898539398503e-01
-7.379126262380895085e-01
-9.284526935402775960e-01
-1.247342552754217015e+00
-1.311775487283865393e+00
-1.046423039128895338e+00
-8.170464554470429075e-01
-6.812853383231360915e-01
-6.471977703312590258e-01
-5.894111490683667798e-01
-2.117172126206570970e-01
3.823271082242760133e-01
8.004246584205820803e-01
8.584362592111172141e-01
6.315669462346715779e-01
2.472746511906298850e-01
3.194945819344276183e-02
1.542099869973004474e-02
-2.244419195274054424e-01
-6.015267227473169998e-01
-7.421988047341182559e-01
-6.142179122830587756e-01
-3.775768107183483657e-01
-3.765211422375414618e-01
-6.860990793382480968e-01
-9.220625598568684689e-01
-9.442256776112490924e-01
-8.852102700063848584e-01
-8.859972396559441243e-01
-9.503380830503437293e-01
-1.074915718011395516e+00
-1.319408843783749896e+00
-1.367992187225381517e+00
-7.225438108481855304e-01
2.406563308425664904e-01
8.934673922539543289e-01
1.324490025184190234e+00
1.299985829490264644e+00
4.863071550724076819e-01
-3.076174914476204614e-01
-3.023875510538902578e-01
2.423477201574923967e-01
9.979058315227348208e-01
1.690360355933660408e+00
1.896194562615711288e+00
1.695884651217648864e+00
1.168653449411499956e+00
5.446457528561968187e-02
-1.055301885372683879e+00
-1.088583900573211638e+00
-3.917258745980134460e-01
-5.603825270400203395e-02
2.753405433121589030e-02
4.939796206944401247e-01
1.263298038528875455e+00
1.714393448425054256e+00
1.597212190290256295e+00
1.106084406122983754e+00
5.930201082123712775e-01
5.601409930773666446e-01
9.513528969000656366e-01
9.754704576359131130e-01
2.261098011368893324e-01
-6.361878964294438443e-01
-9.101723295226026300e-01
-7.747423666605109949e-01
-6.722426168421973269e-01
-6.575902609407281441e-01
-4.612581198887633627e-01
-1.242204849859688265e-01
-5.443504551120026402e-01
-4.261738596059363449e-01
-4.859165406396392384e-01
-1.036105183955053910e+00
-1.454170673147963555e+00
-1.343999854752501166e+00
-8.410902766136577613e-01
-2.247104382478470608e-01
3.509495028121984994e-01
6.149078383664999814e-01
4.476507166007653860e-01
2.176192806711614580e-01
8.940024877793781299e-02
1.285763899611965522e-01
4.741943009089594208e-01
6.549610388607440825e-01
2.774289254617726685e-01
-7.205036016820441647e-02
1.648904456196377821e-01
5.801603126001104727e-01
3.817210373624851938e-01
-3.794734642944878056e-01
-8.557076971084101036e-01
-5.612519498742037927e-01
2.661680412786364136e-01
8.236279182034673685e-01
5.853672862089898121e-01
2.437967670053357849e-01
4.304651177005658358e-01
6.354089380135733434e-01
5.950350021081951546e-01
8.249836892520959752e-01
1.266594796173903692e+00
1.326463458282484131e+00
9.465737516541506968e-01
3.483413264784959162e-01
-1.689884548996231084e-01
-8.735642086744911661e-02
3.613756265933769085e-01
3.810019754745299081e-01
2.140816012233292751e-02
-8.110766906603640580e-02
3.397972571461073676e-01
1.069565492175294175e+00
1.610881651829906724e+00
1.419945849591076614e+00
4.952982807343020988e-01
-2.630407470571333173e-01
-1.777845230504961904e-01
2.725389176500109256e-01
5.739214958400560285e-01
8.684141371114864061e-01
1.008518982610034476e+00
4.697439990558126000e-01
-4.600315068962515519e-01
-7.082316160499266822e-01
-2.272136722129381170e-01
-2.583786176266523668e-02
-4.060663422261310274e-01
-8.390220358659296052e-01
-1.040775891045673029e+00
-1.099205627509445948e+00
-9.522523380798709747e-01
-5.892665496009273918e-01
-2.581067682736757907e-01
-2.947853835329777850e-01
-6.270535501796491440e-01
-6.120860713215182658e-01
-5.330662514645368999e-01
-1.210015914705770301e+00
-1.941239471300845842e+00
-1.944222690598186531e+00
-1.707258723113861176e+00
-1.570387100279251769e+00
-1.525959452139810324e+00
-1.525957493639479523e+00
-1.534875485387714678e+00
-1.704244849423451669e+00
-1.717085066230226387e+00
-1.163872760132226958e+00
-5.320727136896344911e-01
-5.189207934333798233e-01
-9.219313173455575550e-01
-1.214230915341576678e+00
-1.193943114965247521e+00
-7.078248806230627022e-01
1.292245870348016912e-01
7.138108820709209157e-01
5.837195962047017073e-01
7.290107772673103115e-02
-1.183391429310171744e-01
3.673666918794472602e-01
1.291328685303216872e+00
1.941026845197362904e+00
1.921961964837912484e+00
1.573532939451361523e+00
1.279488924646258408e+00
9.289779783295335491e-01
3.926460273314837102e-02
-1.287655284464733763e+00
-2.055221118653110857e+00
-1.762443839621995245e+00
-8.708043720158157308e-01
-1.898274083208929819e-01
-1.926492995669111530e-02
7.880673527098617723e-03
7.575617272040449657e-02
1.984024292487394370e-01
3.602357958446081865e-01
4.417417437757114596e-01
5.150652021235546663e-01
7.726527862356084020e-01
9.318289452669215045e-01
6.463893214144592614e-01
1.680023216701487798e-01
-1.883107475272443598e-01
-4.814306105763836441e-01
-9.682553482868573314e-01
-1.679154401679815445e+00
-2.228571421052082613e+00
-2.064374353398886086e+00
-9.717920255685894571e-01
3.177761368030793121e-01
9.450299708170184498e-01
1.054042145653022899e+00
1.214897637598346902e+00
1.308783502056547254e+00
8.442575136127354885e-01
-7.842305467796269192e-02
-8.654159229993189095e-01
-1.059864209165932936e+00
-8.158779388169042912e-01
-4.589944973773502079e-01
8.772225459255870994e-02
5.698615316875470516e-01
4.969277599401981660e-01
-1.332047466212854525e-01
-8.888391296104042327e-01
-1.074567881030179528e+00
-4.815557441114598491e-01
1.719168482895419015e-01
3.823446009898985865e-01
3.122715934761112200e-01
-1.238318702774581920e-01
-9.971428533829683749e-01
-1.507942662016691138e+00
-9.705623345288113546e-01
1.504323829210123531e-01
9.671590127555461658e-01
1.150146970048375739e+00
1.179959356029450124e+00
1.375543893536161466e+00
1.554988663167235829e+00
1.602964055204688654e+00
1.494353453667958131e+00
1.162750038427748045e+00
7.766067455732619251e-01
6.678195211261150899e-01
8.411007816407839455e-01
1.073189378390188464e+00
1.201296886161031807e+00
9.445159580131555765e-01
2.317917033648860536e-01
-5.722068452326365406e-01
-1.375105268256904711e+00
-2.137304442749595967e+00
-2.642332704408464572e+00
-2.720550522432235052e+00
-2.386768070239882800e+00
-1.567336371354860702e+00
-7.166442971063581302e-01
-1.673337756839211876e-01
-5.951546564762046770e-02
-8.751763387859400056e-02
2.265728321318242477e-01
8.488812845055387912e-01
1.475198721482416486e+00
1.908626338821311608e+00
2.130482898674865400e+00
2.215956304176887048e+00
2.056284930194126392e+00
1.660418827998689117e+00
1.285774104394028505e+00
6.960454629063762555e-01
-6.450553600739775129e-02
-1.282703691031055193e-01
4.249134088410422283e-01
5.586256979542214562e-01
2.445917413431460130e-01
2.288348436422829035e-01
4.805433371116006880e-01
5.388171944594801754e-01
4.386604456364666671e-01
4.451684815886248203e-01
5.273897011273737112e-01
5.123755675678838273e-01
2.897473860374109034e-01
-7.825436243593367203e-02
-2.623540348440226433e-01
-1.846276047957234323e-01
