-8.951545116694050730e-01
-1.406250199136381607e+00
-1.348222920688344040e+00
-1.058954905757802711e+00
-7.542889876918036363e-01
-4.508626838233544820e-01
-9.186664875636105232e-02
2.976012743725838239e-01
7.048933299497048832e-01
9.075876994925811125e-01
5.652987167945046076e-01
5.285093443549705033e-02
-2.517794582779067300e-02
1.656878311182939656e-01
1.331000070964326876e-01
-1.139211626822434972e-02
1.529709291694465179e-01
4.692384472096627901e-01
3.809382664516265948e-01
-1.782580535097224583e-01
-6.624358868541124767e-01
-4.447060148753297359e-01
4.217592992890054626e-01
1.146858160912773705e+00
1.293922601710783660e+00
1.358046634904965355e+00
1.610335766509459310e+00
1.659756161194269053e+00
1.372658823278461560e+00
9.751438057204964149e-01
8.391429063791151499e-01
1.029554258960229340e+00
8.645446123506437264e-01
4.717553551062202838e-02
-4.822879838524435914e-01
-2.418565726336267818e-01
4.839367829697839574e-02
5.294624395452607324e-02
3.430369852715577789e-02
4.527944016052135728e-02
1.625818556701946194e-01
4.365254158714798050e-01
5.038056604425262819e-01
1.970798059242010736e-01
-2.197133446842951809e-01
-2.863340409950284604e-01
1.692852771456070105e-01
5.605315412690710097e-01
4.378175432185461013e-01
3.508109057989996504e-01
8.905883636885774113e-01
1.414391297621624410e+00
1.130306561118971542e+00
3.858717721769747144e-01
-1.412941497921688661e-01
-1.243452474488898618e-01
2.974832920432748939e-01
4.768118246860098552e-01
8.626970717094582797e-03
-7.316252546330810347e-01
-1.096139543721999621e+00
-9.206306935771545463e-01
-4.399978083682033470e-01
1.589300918494163106e-01
1.017877925131616124e+00
2.220957834351998450e+00
2.722888518441594741e+00
2.188591743237622289e+00
1.130880061943596360e+00
3.446824913946261448e-01
-2.839750503535419246e-01
-7.523760230565527118e-01
-8.347060614843070381e-01
-5.967594240765198288e-01
-5.676883231152929365e-01
-1.028182935646443363e+00
-1.637253542554205854e+00
-1.993521834187299557e+00
-1.747250758246720936e+00
-1.053101483933528648e+00
-7.908247588336503320e-01
-8.996147764846285089e-01
-4.501226259683379083e-01
2.287700338332950278e-01
3.021368508411865217e-01
1.365095535107973754e-02
-1.714402144287112129e-01
-2.376516271496847410e-01
-3.214678623520895728e-01
-6.205265739837562133e-01
-1.008944521370006120e+00
-1.172905721396517054e+00
-8.532630800597224008e-01
1.846144026099002800e-01
1.545202866612801706e+00
2.233117264916510081e+00
1.812386736912218188e+00
8.846428539664215052e-01
7.087819447042971455e-02
-4.054258701622600602e-01
-3.582769609344465533e-01
2.101636336114960091e-01
6.799226591726262869e-01
5.296251061478727262e-01
2.058599935311251905e-01
1.646439575998503990e-01
1.944682559307301106e-01
8.699326795257139588e-02
2.988991288967042248e-01
1.119574214942987256e+00
1.851575678286188076e+00
1.799917909097172863e+00
9.904886503991241486e-01
-1.751941797433112236e-01
-1.139983584271823558e+00
-1.383422135823733079e+00
-1.059162931238901706e+00
-6.224955351114093149e-01
-1.714069164630250761e-02
6.429909019438462270e-01
1.044199053297192537e+00
1.273092687841740345e+00
1.175147562464893491e+00
2.949406116755780016e-01
-1.034650605608055551e+00
-2.063933724341410425e+00
-2.536528705522430815e+00
-2.423539711011367004e+00
-1.777821618745169641e+00
-1.037219542710164255e+00
-5.770290988963447942e-01
-6.062419197861264319e-02
5.091649790641401552e-01
3.947138631052941604e-01
-1.312498415579559097e-01
1.013777333220168414e-01
1.173104388608336546e+00
1.511394370269303122e+00
1.426059405508142974e-01
-1.237310194086923332e+00
-1.057609593489123201e+00
-5.236935075369645448e-02
6.695084343186189502e-01
8.259820016403285337e-01
6.289327099068091620e-01
2.987837882824983526e-01
-8.142530509123103305e-03
-6.219240223279252217e-02
-3.089161611407932259e-02
-1.131812070574390594e-01
1.107149668731687159e-01
9.515758258734140496e-01
1.960405263887463168e+00
2.405850445223135736e+00
1.973046149004164640e+00
9.656517281464708224e-01
2.048521477067953567e-02
-4.862264979702524692e-01
-6.451056748090864268e-01
-5.850455926696058739e-01
-3.618972413145799538e-01
-4.122800457208124492e-01
-1.115763050396212153e+00
-1.881826066815625254e+00
-2.002517840878274225e+00
-1.661871551700973448e+00
-1.190355073536562447e+00
-6.929223588331331340e-01
-3.182513065450358059e-01
-6.993801122331230746e-02
-7.544518851725033615e-02
-4.747317767445841108e-01
-8.658866627053847242e-01
-5.997360680832870550e-01
3.249744554829014920e-01
1.347248438148846095e+00
2.134806787786095672e+00
2.223235048167915284e+00
1.377662333480708767e+00
4.982106405911675417e-01
3.394756913695800016e-01
5.062527484710916958e-01
4.315299864675493091e-01
-1.185203116011453173e-01
-9.648147520296360691e-01
-1.678455090712730247e+00
-1.790468940990274982e+00
-1.130956636556828876e+00
-3.600867304010786363e-01
-3.811681262704794126e-01
-1.052857198666834471e+00
-1.198145240736078421e+00
-4.549035601236958715e-01
9.257681459389292822e-02
-2.655843829607333895e-01
-9.804833787873022954e-01
-1.375592603244725654e+00
-1.501478082977245831e+00
-1.498002892731403080e+00
-1.004403523157831435e+00
-6.476762997693993884e-02
-4.974481028778578451e-01
-6.850510152801715380e-01
-4.870772483489672622e-01
-3.647575083058481882e-01
-2.493685298176639420e-01
3.096920470976159967e-01
1.367151197161558418e+00
2.129052542353653266e+00
1.566353331382862590e+00
-1.457547228245922311e-01
-1.800832709022982314e+00
-2.316631464898033066e+00
-1.634920325619486192e+00
-8.203792206717266389e-01
-5.134691855020133699e-01
-4.692645023833959539e-01
-3.429770360925989969e-01
6.760146806385747102e-03
2.035629836367313927e-01
-3.150492407474066447e-01
-1.238545690617080863e+00
-1.433852354357284753e+00
-5.485962456209539928e-01
5.420752720269550462e-01
9.810950649025987902e-01
7.234632711889117385e-01
3.443165928137361664e-01
1.989431649745354025e-01
-8.038865847916958074e-02
-7.084047425862100011e-01
-1.157117175688279209e+00
-1.048120252931791452e+00
-6.851984805993396321e-01
-2.929227491206025658e-01
3.333046560383966517e-01
9.522083229399813664e-01
1.000572290432918177e+00
6.257046745973728896e-01
3.517113152040164392e-01
4.762421121194670981e-01
8.314111966127646358e-01
1.042138298816518649e+00
1.204816474638171986e+00
1.424100976599588453e+00
1.368465045571151339e+00
1.108235567573073954e+00
9.690605433650788525e-01
7.749741062681512194e-01
3.951333481890666466e-01
1.689329929024262489e-01
4.020968485553029770e-01
9.110386297328005867e-01
1.194906781625353576e+00
7.776825748543161332e-01
-1.694764626854327605e-01
-7.368981928816780158e-01
-3.733582449239535306e-01
5.162252890919328818e-01
1.283750798821336803e+00
1.619873704110333046e+00
1.481529190268844332e+00
9.559659387705029543e-01
4.309063523379741967e-01
3.834392245427485912e-01
6.168172694580117410e-01
5.892618072635836812e-01
2.527106245270315243e-01
-5.884035143236214516e-02
-5.317209296558438048e-02
2.339262957145417932e-01
3.780386999647510904e-01
1.049462269802805547e-01
-4.225042279018163816e-02
3.216304340987407584e-01
3.774912670051162045e-01
-3.509895884314960801e-01
-1.130098507072149205e+00
-1.454410099483471219e+00
-1.515256178881856153e+00
-1.229628541405478392e+00
-5.569016090947901398e-01
1.879367392659457917e-02
3.735047043491850904e-01
5.048808048154850292e-01
3.545981435807822879e-01
1.533108549897032324e-01
4.767549655511778978e-02
7.490586267309326529e-02
1.634472408400688415e-01
1.504026764663381199e-02
-2.768785072141319303e-01
-2.433695379483120369e-01
1.524931009554275907e-01
5.372270375583714230e-01
6.159940585153028669e-01
5.904114252228395143e-01
8.066423170592508241e-01
1.263688734748600107e+00
1.453040906509804664e+00
8.814149710043698294e-01
-9.179946856330568894e-02
-7.019763130071333679e-01
-6.781388987799260581e-01
-4.186708543304799024e-01
-4.701172409557237697e-01
-7.480974932460335847e-01
-7.538735211915960077e-01
-2.682976533070368097e-01
3.384882652533200975e-01
5.582936871599591955e-01
2.437820288085121856e-01
-5.082978700911268133e-01
-1.271471346062597707e+00
-1.705166051014695539e+00
-1.805977262408785533e+00
-1.451549887863312627e+00
-8.182645895311859707e-01
-5.041537348489402159e-01
-5.428422859635990694e-01
-6.149139755777591754e-01
-7.867260766507238046e-01
-1.005673429071239022e+00
-9.439812912139349255e-01
-4.500050665912204151e-01
2.253325420694957948e-01
7.930328357808885675e-01
1.347243863080276105e+00
1.844838490938801367e+00
1.856579208637453959e+00
1.150106868418339090e+00
-2.805297801700817883e-01
-1.735563143673206188e+00
-2.058436308665190229e+00
-1.292694267685480458e+00
-3.412285784541719824e-01
7.681448903441413789e-02
-2.417770560073810304e-01
-8.453461987263861666e-01
-1.360609790795311191e+00
-1.651791872998435773e+00
-1.732947237124692785e+00
-1.693012964825685973e+00
-1.363545900851330872e+00
-9.431418884220346133e-01
-8.766123695831015139e-01
-7.802310677047393783e-01
-1.379551646663268460e-01
4.997966590505379947e-01
4.685664291351105959e-01
3.804741234849300380e-01
9.109269794916518004e-01
1.479332083494336869e+00
1.340031780236246917e+00
4.694909625799418285e-01
-2.987532290161970527e-01
-9.774242110555511620e-02
7.948457606974150824e-01
1.620915865809525069e+00
1.822812255502069601e+00
1.356031103400636040e+00
8.055933568969743108e-01
2.377830151581968865e-01
-6.727628263766881611e-01
-1.530093199310593732e+00
-1.824035952264096982e+00
-1.861168172874757998e+00
-1.943234568809877549e+00
-1.732771942535981324e+00
-9.514896324040854614e-01
2.022722824498440208e-01
1.031443384416222964e+00
9.598167152435285177e-01
4.058716904335833431e-01
2.238883874613512709e-02
-2.847130749433616215e-01
-8.181742767662650850e-01
-1.192706765582310480e+00
-1.094227758460977640e+00
-7.625922044432524860e-01
-3.306382000604387028e-01
2.940415804442714776e-01
1.037638373432801409e+00
1.429890334005703645e+00
1.316831572028219544e+00
1.186788376802288214e+00
1.499977322062412632e+00
2.227696775601090362e+00
2.622735818309215095e+00
2.168850017732170343e+00
1.407530930277691272e+00
4.879636620004838554e-01
-9.964422561046273330e-01
-2.152168421348129801e+00
-1.735666994810877606e+00
-5.018010005154549535e-01
1.532398791346062938e-01
9.810481583452207791e-03
-3.022429846574472001e-01
-2.734188711144177053e-01
-2.294451807503112839e-01
-2.705335586757279809e-01
-4.248783995505190925e-01
-7.527066748959496678e-01
-7.786171150443602640e-01
-4.665532326231738858e-01
-3.202591864017338419e-01
-4.715631569967181913e-01
-7.467401706544213313e-01
-8.500369252548969357e-01
-2.358710657408792100e-01
7.371579435783900403e-01
7.059585414162519168e-01
-2.093711911767926481e-01
-8.616612740453686303e-01
-1.145181356459423094e+00
-1.518134295684738566e+00
-1.766951404847020513e+00
-1.601795728169998378e+00
-1.391670019885250742e+00
-1.145208103727184179e+00
-6.083449895493786563e-01
-1.254852653827389364e-01
6.598769542459918813e-02
5.216723158919350789e-02
-1.292893979663936044e-01
-5.283222268856190285e-01
-1.119870833339611016e+00
-1.386947621328732394e+00
-1.016811923979434429e+00
-6.546275245620928329e-01
-9.852450895781896811e-01
-1.597266331966558095e+00
-1.605474064347642615e+00
-1.122421222801111895e+00
-8.055695729877575539e-01
-8.455287022026952704e-01
-1.175139827344796162e+00
-1.599768513892504407e+00
-1.576403985181864531e+00
-7.704507297519460618e-01
3.211097093082830312e-01
1.064550003572377834e+00
1.001218442835915878e+00
2.818312277317460701e-01
-7.368839088824613581e-02
1.310198995797094146e-01
-2.017253521359987922e-01
-1.213007730658593575e+00
-1.600468226526341242e+00
-8.287327585255368501e-01
2.206187678578711009e-01
7.361694336799793348e-01
8.244631333899041792e-01
6.891250029402163912e-01
3.078181017509369344e-01
1.491573135107908121e-01
4.227970417660193436e-01
4.199368617665917292e-01
-3.057762053393207613e-01
-1.161538761757678451e+00
-1.361522821419234752e+00
-1.041295521044684369e+00
-6.151542557746653150e-01
7.997685314278310531e-02
8.533384197210206468e-01
1.067317955520902695e+00
8.695309898374619095e-01
8.274225029682689136e-01
8.887312240608040703e-01
6.825811573238917962e-01
2.326272371914930026e-01
-7.407504410915403958e-02
-2.351761496511630203e-02
1.852234460614328726e-01
2.185198924789812924e-01
9.674208572976742554e-03
-1.570291518239876893e-01
8.120109519137597848e-03
2.714472247203543187e-01
3.219293457664514913e-01
5.278636578183426575e-01
1.095295666477245078e+00
1.413797052497877349e+00
8.614921582531195332e-01
-3.696814723261485081e-01
-1.163473362326969296e+00
-6.154069082769798582e-01
8.821036009149477719e-01
2.141566867621905512e+00
2.574631915913904834e+00
2.439150172985020681e+00
1.875351493012858528e+00
1.076278867153271479e+00
6.521833929840429311e-01
7.369272305992992100e-01
8.281280652784882568e-01
8.170604711323778968e-01
9.222794492141871414e-01
9.274719614976756343e-01
5.466229222550135214e-01
9.730128499005981368e-02
-1.643492561292645149e-01
-4.611287336334873310e-01
-6.777687157046846655e-01
-5.427430026592159340e-01
-2.507127301635552197e-01
-1.500711996034069240e-01
-7.218923042588164252e-02
2.017540078473867848e-01
1.699420985520480043e-01
-2.803832959083844556e-01
-5.969669528487957511e-01
-6.028183864015297377e-01
-4.239362409810643606e-01
-3.661073806842236045e-01
-8.142650704746722257e-01
-1.445187697910991886e+00
-1.488942328518300107e+00
-9.007715272308493004e-01
-2.051611445428258018e-01
1.968712484259586004e-01
1.017408233265302969e-01
-1.246268727760072997e-01
1.091572119007676450e-01
5.280880817121448301e-01
3.858141298894178783e-01
-2.316383117164851901e-01
-4.581392700354550152e-01
1.978962858535744940e-01
1.162955974504018997e+00
1.456964680464029049e+00
9.900605590291191582e-01
1.065732790066022534e-01
-1.011966180585411657e+00
-1.801295738367137078e+00
-1.782667578547468823e+00
-1.112783485198791666e+00
-1.969092943023765252e-01
5.199258968629771882e-01
5.516674178262049866e-01
1.276770675131321531e-01
1.856793912740316299e-01
9.302396146851804604e-01
1.671692899238756969e+00
1.815271815473070927e+00
1.446450710243840643e+00
1.208779381760269223e+00
1.375197285677620007e+00
1.578955789860679415e+00
1.282061038871620040e+00
5.720705030672613711e-01
3.914918983365447414e-01
7.732540270846706143e-01
5.946401681469021261e-01
-9.538574883263357951e-02
-3.652793832392092210e-01
-1.302523147242988788e-01
2.960618317245060638e-01
6.928843784789241456e-01
7.837924000384201006e-01
2.786090370676184147e-01
-7.353154361625621194e-01
-1.488535472704536788e+00
-1.072101712373984883e+00
4.781135568897855737e-01
1.704559510465928573e+00
1.306478356228798487e+00
5.926295282091398331e-02
-6.102244968475594167e-01
-7.149829702371478524e-01
-7.534159960880234541e-01
-8.312967288172169456e-01
-9.358962895052477249e-01
-9.951327132575654710e-01
-1.192917401071794670e+00
-1.466142719444626152e+00
-1.179340929506538238e+00
-2.656081705868627019e-01
4.102073543196776972e-01
1.373753686988145595e-01
-7.451150284886882691e-01
-1.565654123717309387e+00
-1.920005480424651800e+00
-1.566558894969377613e+00
-7.323564697685367442e-01
5.051178181989332550e-02
3.025316413265132787e-01
-3.100017056335774290e-02
-4.173162096096542650e-01
-3.018424296394601747e-01
5.546452014617857529e-01
1.796595093826383716e+00
2.643334907797033395e+00
2.722014392849602338e+00
2.464962168953964916e+00
2.138576680763097482e+00
2.229855935401551914e+00
2.053899475191355073e+00
1.121267895720000629e+00
-1.472143012186785151e-02
-6.895138846677489886e-01
-1.505166062296695140e+00
-1.941576550470047735e+00
-2.162497509542292029e+00
-2.179126155650375374e+00
-1.665447076890231193e+00
-1.025529262048687995e+00
-8.795649444263029526e-01
-8.792343435902134630e-01
-7.618367872390815476e-01
-9.455396452299865695e-01
-1.200522988988448780e+00
-1.267387705990590030e+00
-1.650852372549802549e+00
-2.267522460504081128e+00
-2.359761585379228421e+00
-1.882087876738055776e+00
-1.050690173820266748e+00
3.531741912662406287e-03
6.892757870695978006e-01
6.951079468406453632e-01
4.664211686735963425e-01
5.249253548709126305e-01
6.839590951212023429e-01
5.683079117486520282e-01
2.316917996992031992e-01
-2.704319032833479852e-01
-5.366433681456885818e-01
2.369932167031217791e-03
8.785601124912506554e-01
1.158767701830080377e+00
8.372634288056223228e-01
5.458875494936653583e-01
6.177605609380451002e-01
5.386794365810360086e-01
-3.325215027926518574e-01
-1.176279216132192662e+00
-7.491102933836386590e-01
6.936699313708868386e-01
2.007234398472664605e+00
2.280944114692021518e+00
1.291569745852731543e+00
-2.595355768478423975e-01
-1.316302217103594074e+00
-1.489487710687992461e+00
-1.048873530338972904e+00
-2.898761314739692341e-01
4.495056062583845935e-01
7.117381452138610287e-01
4.537642505377656454e-01
4.784836723950972592e-01
1.079388427120958172e+00
1.492705961280444527e+00
1.108527295023072456e+00
4.441173966261216521e-02
-1.077326405231779471e+00
-1.644638214368197016e+00
-1.310622469590521311e+00
-2.504315741647603066e-01
8.055194811931406518e-01
1.195948537116792387e+00
1.031297978161636930e+00
8.383875037843839806e-01
1.079554445407879593e+00
1.771151537601653558e+00
2.153590595198891400e+00
1.522630874768751363e+00
3.389866291902425832e-01
-5.222138979086230481e-01
-8.821038591741084955e-01
-9.639708335783783166e-01
-1.027013547594178400e+00
-1.083731897322142590e+00
-7.922314287071705596e-01
-9.520553818153362768e-02
4.648834885264294114e-01
3.987592086820527237e-01
-1.316551948880740480e-02
-2.167534065579087843e-01
-6.497009115121524236e-02
3.641437360926237377e-01
9.056543312774104626e-01
1.285241025098405654e+00
1.117041436541481358e+00
4.134716737351867288e-01
-4.841906827055118129e-02
2.739630757454038570e-02
2.372468908919505570e-01
4.836518625195835863e-01
7.132245117805965373e-01
7.679315609730613668e-01
4.105683618082792696e-01
-3.903884113239730058e-01
-1.133732378441487221e+00
-1.313031594499778354e+00
-1.037612967807465925e+00
-6.517961835617652744e-01
-1.424781024744318503e-01
3.044756280623545641e-01
6.332017838640735530e-02
-8.759878847558225656e-01
-1.679347830328679736e+00
-1.828002568951460072e+00
-1.603142758139800783e+00
-1.349829526354791920e+00
-1.152660309733308353e+00
-1.013114570242952928e+00
-7.711603661055000947e-01
-6.499151951999589949e-01
-8.651988756160776672e-01
-6.529702370168668502e-01
4.503745796122443634e-01
1.448536684293001420e+00
1.522653110639266227e+00
1.036734262107267490e+00
4.229191665128917421e-01
1.221929913094765840e-01
4.298878251187805422e-01
1.020763401152417149e+00
1.420431967246028826e+00
1.450785794459208633e+00
1.250586051753146410e+00
6.939855230633419358e-01
-2.658300862178437085e-01
-9.333901675552531696e-01
-1.158332951340731221e+00
-1.215347407772473742e+00
-7.822960386491658591e-01
-1.146953457653135389e-01
-3.062634568084686079e-02
-3.941893813463994700e-01
-5.745923648029944708e-01
-6.255667409790687250e-01
-9.840501285646694463e-01
-1.434210690200012017e+00
-1.087423544538122178e+00
2.942103765354447953e-01
1.737407837435092972e+00
2.154615271433489632e+00
1.521325341150830734e+00
6.938641922079663571e-01
3.209814450381823780e-01
4.145366049890211180e-01
5.663138992369401992e-01
7.475769064611192949e-01
1.184583878433420612e+00
1.246156932320976907e+00
3.460129213068123821e-01
-6.918282745858969074e-01
-7.817440153364816346e-01
-1.105807456938133065e-01
2.970750571700124798e-01
1.759993867589380590e-01
3.067504611680659798e-01
9.602108171361494193e-01
1.589773392306991218e+00
1.821219457432181166e+00
1.609471217760511497e+00
9.616142075579674486e-01
1.852067744773935876e-01
6.944231608433121955e-03
5.176881560786069647e-01
9.038005853573334303e-01
6.698984467260415965e-01
9.574008011384808198e-03
-6.043311867607867871e-01
-8.256626078960200843e-01
-9.529425737989434264e-01
-1.108362823149197984e+00
-1.047676183750166468e+00
-1.125986529556351812e+00
-1.074227117641324725e+00
-1.109029628426046188e-01
1.119732823881489869e+00
1.553849315796744124e+00
1.236772444048325648e+00
5.839535943118268069e-01
-1.927252560258304881e-01
-5.500302206808596051e-01
-8.022111317317531798e-02
7.162640024118565041e-01
1.086095697532262205e+00
6.672672096321398127e-01
-6.359533588036379859e-02
-3.062525113001922095e-01
-2.422287711375246122e-01
-4.596106856687579567e-01
-8.739872671832019657e-01
-8.561324549922528782e-01
-2.063729676950792902e-01
2.964725447055763241e-01
2.324058777261020503e-01
1.615152266695877026e-01
6.191155335619776823e-01
1.300639992614143425e+00
1.480202908950760898e+00
8.209717887164000860e-01
-2.482367758875323183e-01
-6.014553721958676435e-01
-4.753997742858481756e-01
-3.908901466293215887e-01
2.483408742982999573e-02
6.384964236949112193e-01
1.059655030471056358e+00
5.360088282238169022e-01
-6.063658056060622359e-01
-1.129598117314992489e+00
-7.777718946547206302e-01
-2.887259744169921594e-01
1.197806773423136378e-01
6.562113946062618774e-01
7.518690585452371122e-01
-2.734538404530635902e-01
-1.853117170656294332e+00
-2.628201866588630864e+00
-2.012827375610708014e+00
-8.312797004594543182e-01
-1.678352705591482641e-01
-1.994320472077552309e-01
-2.082562654078339293e-01
1.776018171894561473e-02
-6.487338568623271517e-02
-2.916995866999382292e-01
-2.754925119195264505e-02
5.585654340289197828e-01
7.075825731487799253e-01
2.475631112308138149e-01
-1.072849802497810173e-01
7.363867666370668696e-02
3.309573850475978629e-01
2.215694566014165812e-01
-8.074444590977529479e-02
-2.825827069105155687e-01
-4.742483419966437297e-01
-7.111470047088761515e-01
-7.216332293975120660e-01
-3.878567120776641453e-01
-1.172665429683824451e-02
7.358147814817177224e-02
-9.782474066760256382e-02
-1.917940772938876437e-01
-1.431575662027565754e-01
-5.047853168020974834e-01
-1.524005454914265201e+00
-2.389290787168880215e+00
-2.224561978468172718e+00
-1.210836807361699519e+00
-2.273740321947350096e-01
1.502572093344176907e-01
4.993587795489200232e-02
-1.777035215185749362e-01
-3.370144305107614646e-01
-3.744484065233208425e-01
-2.002289870837458963e-01
4.015926872504924083e-01
1.339945594744060164e+00
2.098384549573095725e+00
2.049171177902882501e+00
1.293518281252651114e+00
9.602461497103383925e-01
1.690574503729971312e+00
2.492500202816370081e+00
2.239755965295816775e+00
1.358775661587614092e+00
9.074453276384816247e-01
7.314991547418533413e-01
2.623691422867089895e-01
-6.297614201365370201e-02
4.638003717523403457e-02
2.230538276909528606e-01
5.947045728024462352e-02
-5.110894144222644098e-01
-1.013552377860708731e+00
-9.821998913148539678e-01
-4.619031203165127053e-01
-4.542098017790974912e-02
-2.373956980979600451e-01
-6.588815520664850212e-01
-8.630770629208308620e-01
-9.383136508246574525e-01
-8.953976891366253188e-01
-8.974462595952847899e-01
-1.088453734190428568e+00
-9.552328980185579299e-01
-4.464178788661276043e-01
-4.683917368511537060e-01
-1.326592496442552394e+00
-2.009555432819673637e+00
-1.755168662465252938e+00
-1.061663798295135575e+00
-4.598850190281300043e-01
8.229511244078256682e-02
3.358935414929924423e-01
1.572502900617158417e-01
1.605093505529963382e-01
5.190022493128110259e-01
3.437590964805913307e-01
-4.966475506755586022e-01
-1.006979948268992953e+00
-8.353553267162758811e-01
-4.351948996767022737e-01
-3.892936046268820061e-01
-9.484810547436638428e-01
-1.583650295369766869e+00
-1.476507649223022911e+00
-6.740509234325009480e-01
2.900960381748295819e-02
4.620985312164238579e-01
8.018582787539852985e-01
5.378546262711144665e-01
-2.577038360235328063e-01
-6.596230037356960452e-01
-5.972618892373148247e-01
-3.559556372421907589e-01
-3.910419574528473802e-02
-4.039321514978887195e-02
-1.437435736663608132e-01
2.279399381903572663e-01
4.987928320009748506e-01
1.907482872796196771e-01
-4.646462225763371701e-02
-3.010447507922105279e-03
1.075363159405958238e-02
1.189928294808081932e-01
5.935581825656897070e-01
1.198349002378689354e+00
1.328148223377159542e+00
7.140653339562528235e-01
-1.760279129858728364e-01
-4.061851212783363918e-01
2.961199659202947143e-01
9.148110981479624648e-01
3.951032659590651974e-01
-9.890763632148712459e-01
-2.298284456561419109e+00
-2.719846482408990074e+00
-2.004319235856009129e+00
-6.026641622528028375e-01
3.784514279273987758e-01
8.274120288414316127e-01
1.439188494454010536e+00
2.018777498629376055e+00
2.037488368845916220e+00
1.569373573023208124e+00
8.671223391970580563e-01
6.270500484341172687e-01
1.060848011822984605e+00
1.146220266087576212e+00
5.459612444617041316e-01
1.290987131849369134e-02
-9.303532682840441603e-02
1.748822608129572131e-01
5.260471889175561966e-01
4.417170402172103105e-01
-8.895388761979247660e-02
-7.663964733433212828e-01
-1.410296551843639667e+00
-1.712180851875001464e+00
-1.693932314289456675e+00
-1.665835964025634386e+00
-1.410027485705510619e+00
-5.949916338316085795e-01
5.607816149875912703e-01
1.520318614156940473e+00
2.049142367834657197e+00
2.110699649122896648e+00
1.588516772881591876e+00
7.410269152201135467e-01
3.212040520107581898e-01
6.488339191376463200e-01
9.174627854729754395e-01
3.134386552415568405e-01
-7.331495916285183378e-01
-1.330609985351212110e+00
-1.335972854642127894e+00
-1.057025309519012524e+00
-4.900725795937186935e-01
2.332539842287903731e-01
7.219113410349589088e-01
8.976078539842260451e-01
1.080734640007529057e+00
1.266787963417717489e+00
8.448960252507691226e-01
-1.201138348047498666e-01
-6.651158013645624978e-01
-3.825115365722603356e-01
4.692178055519544144e-01
1.637694453126098848e+00
2.386039748624059431e+00
1.802359587993701995e+00
4.992200984011767040e-01
5.709968720736924297e-02
7.464618847230979348e-01
1.413686573536535152e+00
1.441276360408558110e+00
1.183832540965397362e+00
8.082467896614989877e-01
3.050386043280258197e-01
-4.751328552113524145e-02
-1.033432769024723807e+00
-1.841390721095579774e+00
-1.952257967764456037e+00
-1.552316429707476964e+00
-1.316407380736075217e+00
-1.379863498968430857e+00
-1.280827636774264811e+00
-8.906029880734855908e-01
-7.428065222966591108e-01
-1.142183509726138135e+00
-1.315788996207358563e+00
-5.423894559334357934e-01
6.200087355600930605e-01
1.326078414212665812e+00
1.699897577774851065e+00
1.961506097448234565e+00
1.771154843866073580e+00
1.124524425732124966e+00
3.690313645075924409e-01
-2.519801666300057197e-01
-3.897463204645880697e-01
4.537308515250568219e-02
5.065212502288930496e-01
6.915765031479998992e-01
1.036676333964871244e+00
1.527489715940428816e+00
1.529856188887496637e+00
9.644704111398147983e-01
3.697529669762629201e-01
2.162338561485993849e-01
3.777680483596582151e-01
5.627966701352266066e-01
7.993366957553230678e-01
1.030314085278685843e+00
1.064950936725113539e+00
8.827825979124220845e-01
7.482132385052893131e-01
6.497362859881365971e-01
3.119980672619447892e-01
2.390261645282256431e-01
7.334535000409524441e-01
9.786295328414890138e-01
5.084030807948727304e-01
4.102806601815203735e-02
1.538301637805220279e-01
3.161666537934969545e-01
-5.451610042026661801e-02
-7.446418126712632812e-01
-1.254998367218924660e+00
-1.402037238456533386e+00
-1.328292029166352251e+00
-1.045323029239351165e+00
-5.720169998610037387e-01
-2.470093104726880928e-01
-2.972306301864975353e-01
-4.814006722283219464e-01
-3.840351479673909663e-01
-3.500466977271887020e-02
2.583687526509545473e-01
1.695125142732887835e-01
-4.180687966504777475e-01
-9.025426662484727913e-01
-8.012954929178156549e-01
-5.092012618875672025e-01
-2.946038162655024717e-01
-4.918571990232137314e-02
-8.125475088122770251e-02
-8.562822732507257006e-01
-1.981905532510812362e+00
-2.210686339045559556e+00
-1.125733197987048628e+00
8.809674330531416797e-02
3.845583936782645540e-01
-3.488838583563699802e-02
-4.499250052646660003e-01
-5.265811444164605337e-01
-3.957635529702714927e-01
-2.947498297946692380e-01
-4.580463417032313855e-01
-7.182179532630972307e-01
-7.324697366108334773e-01
-7.439137858536741810e-01
-1.052389107271738844e+00
-1.419261856704695957e+00
-1.577266392806426776e+00
-1.517273668964897126e+00
-1.252046109129328233e+00
-1.098067028862339756e+00
-1.172067661258679117e+00
-6.221813593772841378e-01
8.783085189868664600e-01
2.220508285784606795e+00
2.405029524828360188e+00
1.696909978449803624e+00
9.175028126919482219e-01
5.010235708000393418e-01
4.306738306270388450e-01
4.322275261932720380e-01
7.102642219961678716e-02
-8.023133385597233103e-01
-1.581606172080335604e+00
-1.778095856612463166e+00
-1.552157208260851906e+00
-1.083336194762579252e+00
-5.093268821591254714e-01
-9.326261111728319231e-02
1.059962991352588618e-01
1.711896871685710531e-01
-1.225183693181428612e-01
-8.232192894089949142e-01
-1.353445875548286104e+00
-1.235459657285359336e+00
-6.447069032970814684e-01
-1.895654195673264208e-01
-3.556915172062616870e-01
-9.469120263555548256e-01
-1.348322746192073929e+00
-9.215263651179815829e-01
3.046077185809297205e-01
1.284288680389902071e+00
1.445385541303829235e+00
1.207976803364001928e+00
1.000240320790313886e+00
1.161600035575516277e+00
1.532946667231345872e+00
1.444718436149956986e+00
8.352773280299097269e-01
1.688230105699654870e-01
-3.353985288749081750e-01
-4.134205016754657902e-01
2.964318350501702337e-01
1.342723722702734657e+00
2.089983085478770430e+00
2.522434020712134295e+00
2.515054073854174455e+00
1.908995786756201518e+00
1.005902004343398604e+00
8.885152956881660347e-02
-4.233207033756355986e-01
-3.576953785355637683e-01
-3.824689701556896471e-01
-9.175376559821087907e-01
-1.424173646879315358e+00
-1.118694055371786122e+00
-2.127669350731427600e-01
3.194224991475967945e-01
3.678492622967929337e-01
5.698921289610664465e-01
9.174382055463969898e-01
7.615493792971115283e-01
3.953285391112447422e-02
-4.174017459733291857e-01
-4.361671714573715497e-01
-4.736873969630054360e-01
-1.059053100714006657e-01
7.981387630743833617e-01
1.385953799888739235e+00
1.451319032597354397e+00
1.151720418061609186e+00
1.185921812543345027e-01
-1.218838067159965233e+00
-1.519542973351955650e+00
-3.241646578488709407e-01
1.260652574390530356e+00
1.891215961865928330e+00
1.625412215974027630e+00
1.252893714345116649e+00
9.287160245472223519e-01
5.169796728675445374e-01
3.303466664842914513e-01
4.562088582745232324e-01
4.608753846563050649e-01
3.065812735458051455e-02
-6.776970452252981669e-01
-9.534429536620945278e-01
-4.960889784953507187e-01
1.393699330196835895e-01
5.168589023728455967e-01
7.610362962864224423e-01
9.982991647204326746e-01
1.097022142093704300e+00
1.031367959839608828e+00
8.516510210942658254e-01
6.087018626189062420e-01
3.785250720380091694e-01
3.200131551121965234e-01
5.456097124014992472e-01
7.578068520276260989e-01
4.354364960864048339e-01
-3.856567386303138556e-01
-8.846118268036435861e-01
-9.211341234460962424e-01
-1.132871432571301629e+00
-1.244870922222826248e+00
-8.883456287740087998e-01
-7.105460742980036493e-01
-9.112195307003746469e-01
-9.175393504806400591e-01
-5.934934747711441139e-01
-2.082879637620004276e-01
-1.004722202680727650e+00
-1.434807817640025407e+00
-1.577003580943372674e+00
-2.032328989743285241e+00
-2.584352892698238424e+00
-2.288784381445140514e+00
-1.206200652773290694e+00
-5.464225862262844791e-01
-6.274854550690938115e-01
-4.986339471148134583e-01
4.106590812031873372e-01
1.602540310835399273e+00
2.134913736683305974e+00
1.617797053054281564e+00
4.685931456469504264e-01
-6.398968964361613221e-01
-1.141858990657317330e+00
-1.074017135022248048e+00
-9.199502607002169041e-01
-7.879735152047920854e-01
-7.010047289301798434e-01
-6.862564739160837979e-01
-6.594353501004943663e-01
-5.237017975492433974e-01
3.061379638482399079e-02
7.335926087767875581e-01
9.527634424646520550e-01
8.270419192702462841e-01
8.944412428619190614e-01
1.275403630702102387e+00
1.463922315223139758e+00
1.200307306542702346e+00
7.456894946145823377e-01
2.234052232991359521e-01
-1.985441497911663855e-01
-3.082647971939111442e-01
-3.315376144557400512e-02
4.550986240091269286e-01
7.354772675378278279e-01
6.466967974421105048e-01
3.064183022812139723e-01
-1.910740833031218944e-01
-5.990298152541025933e-01
-5.241852321777644708e-01
5.376958828974990473e-02
5.539120828720158762e-01
5.252772486404171381e-01
2.952232598204787561e-01
4.497469596407944192e-01
1.146569848168307537e+00
1.608914933903363931e+00
1.090959927790041251e+00
8.403075044878366429e-02
-4.225843789465302813e-01
-3.138163777080366784e-02
6.415306753640243054e-01
6.142565581071136593e-01
-1.068173891982148738e-01
-5.843852840708183560e-01
-3.071790457903558202e-01
4.904209359065928031e-01
1.198613751610093203e+00
1.429780033896219660e+00
1.262809057996361783e+00
7.962431789853324782e-01
3.143028625672789622e-01
-4.363802949610410403e-02
-6.946684998344032635e-01
-1.420878010582581563e+00
-1.369145414361419233e+00
-4.197722204513105182e-01
7.524998752993690143e-01
1.304185926867288847e+00
9.526848793332016729e-01
2.290860494152415217e-01
-2.852723636016125663e-01
-6.024111407781755911e-01
-6.207270385834157134e-01
-2.285138505477967430e-01
-1.312372350073888194e-01
-6.527792778211389813e-01
-1.008850019793187336e+00
-7.931752189568362921e-01
-6.071672837647648091e-01
-8.829199743047601023e-01
-1.100638017109625499e+00
-4.487803291346609824e-01
8.441667840268733958e-01
1.488728955857866465e+00
7.906360254046773672e-01
-6.101898207770881655e-01
-1.645965313440986177e+00
-1.684388011002883712e+00
-9.078253114686316572e-01
-8.760260086411815472e-02
2.666194575227607833e-01
-1.657290140021143443e-01
-1.120668840546547695e+00
-1.586560056672212449e+00
-1.175243537600140664e+00
-3.300974907089479493e-01
3.239349579012938407e-01
7.644669414977091071e-01
1.377118781248799051e+00
1.703399627534381455e+00
1.163079626657500976e+00
3.345874618917443755e-01
-1.395606049361917678e-01
-4.892597420298813726e-01
-1.026872132987427522e+00
-1.349692274344914233e+00
-9.554015889874597489e-01
-2.227349118466975253e-01
-2.920782722589909328e-02
-3.345583194032821783e-01
-3.876108669562345344e-01
-1.504589046293883792e-01
-6.660718597986772446e-03
1.499452609495265099e-01
3.544110379443790593e-01
1.698107978603496937e-01
-4.092298023426452214e-01
-5.756205028577522365e-01
2.214228680285646594e-02
7.000710043510841585e-01
8.790893648958504336e-01
6.346421763875217392e-01
1.356068590627058923e-01
-3.586116629589032878e-01
-6.290808416664369629e-01
-9.354868463530310319e-01
-1.244000038956184495e+00
-1.057241122828252333e+00
-4.791740786194502166e-01
6.841317768836420454e-02
4.416704193112088728e-01
1.999028509738279835e-01
-6.685365519380985777e-01
-1.217664316944157221e+00
-9.935946726212273594e-01
-5.191824075028024232e-01
-1.964833063805061231e-01
1.864935665950085975e-01
5.775265260958478697e-01
6.014288965143063104e-01
5.321032160786659526e-01
8.380794669403327513e-01
1.222425918445251725e+00
1.092688814729341429e+00
5.655173170292754348e-01
1.320552492392643995e-01
8.343322194598405683e-02
6.637606249919260071e-01
1.685260653161497979e+00
2.441428205325399503e+00
2.473029353736686975e+00
1.954148650334991189e+00
1.285553390223596271e+00
7.988451945349186456e-01
4.772211103236341789e-01
4.394727627698233330e-01
1.129667756301744097e+00
1.968002254764534831e+00
1.889470949651888887e+00
1.055025968205377751e+00
3.085932760009456599e-01
-5.828401018899973668e-02
-2.926896967400375305e-01
-7.686137666234919008e-01
-1.346265241843447091e+00
-1.567616755054621169e+00
-1.786759695317968299e+00
-2.117983929495670381e+00
-1.738443938831770952e+00
-6.196927032702331806e-01
2.748127310015033853e-01
3.863839339680725793e-01
-3.652950296963110993e-02
-2.790947346171986920e-01
1.877633301811992284e-01
1.207465483194125833e+00
1.884825317728457295e+00
1.865784286605325137e+00
1.773630572496919688e+00
1.537513855037971888e+00
7.967131204827572200e-01
2.017267140126037250e-01
2.315346460256726135e-01
3.422584314944744910e-01
2.278359624631269287e-01
1.430236756721450508e-01
-4.508057202100285155e-02
-7.567024601106615567e-01
-1.856227013760031408e+00
-2.372058464960581148e+00
-1.881073680855827046e+00
-1.201355533314984791e+00
-9.638593366955803265e-01
-1.039549375985329371e+00
-8.250563362533372969e-01
-1.868528233792130511e-01
-8.576228200098122423e-02
5.229945787159382409e-01
1.319426744098481930e+00
1.489406285300708843e+00
1.194117100102440210e+00
9.812999116552550971e-01
9.102581248351251375e-01
1.204436104825408638e+00
1.612336792406619201e+00
1.529344907987210345e+00
1.239541634519193414e+00
1.385026591265358098e+00
1.612880546276685534e+00
1.197366632540612708e+00
3.600146069908123359e-01
-1.529083211321902169e-01
6.017005469087827879e-02
6.675054283365283725e-01
8.093269830059086622e-01
5.170827178657366741e-01
6.545231091570713478e-01
1.020308100336563939e+00
7.962572134953902481e-01
1.469302902314585380e-01
-1.825042151137434288e-01
-1.875514820803161342e-01
-2.375814407768064296e-01
-3.880414821283997284e-01
-6.832771175550707010e-01
-1.041124639721001888e+00
-1.341032461008378807e+00
-1.561350259067820767e+00
-1.754581480934704674e+00
-2.009596052263951549e+00
-1.924504506543743387e+00
-1.008872340859779060e+00
2.563912313200815141e-01
8.628182676164015685e-01
4.829053662639614108e-01
-4.003976189860522505e-01
-1.000589434697033875e+00
-9.541813993994804344e-01
-7.092287857110083360e-01
-3.952026514964512294e-01
4.253214383275325527e-01
1.465091050598044342e+00
1.896728574337968709e+00
1.603525296023145641e+00
1.135197999166385197e+00
5.659346542607566199e-01
-7.258376297703028612e-02
-1.938979643307361389e-01
1.856499536692237662e-01
6.559184815809174784e-01
1.127466001297746878e+00
1.375017703373277111e+00
9.822968610947825363e-01
9.610739627483623482e-02
-4.777277880304372504e-01
-2.640374174833222121e-01
2.888570506986657405e-01
4.515478644811814490e-01
9.280784131177341467e-02
-3.459495472110780678e-01
-5.185183380652421681e-01
-5.750116867368544327e-01
-9.216829377717865590e-01
-1.482736509749897902e+00
-1.286904682957844548e+00
4.655350963173530976e-02
1.385594690369498672e+00
1.671814613797333982e+00
1.250174910407698237e+00
1.020868332969460335e+00
1.197409588035532213e+00
1.249905670793149293e+00
8.428450435100479643e-01
4.904415003793651806e-01
3.483163528486669103e-01
-1.729409261673187648e-01
-1.006100569541939382e+00
-1.349388908686328437e+00
-9.682497099069391489e-01
-3.866300047616091362e-01
-3.766467163897742332e-02
-1.828819802222303170e-01
-8.020408127016231958e-01
-1.456629740016603725e+00
-1.706274950090655329e+00
-1.459294504621658328e+00
-8.806653002434868815e-01
1.067994936493366354e-01
8.882422056048057124e-01
2.968715898015052423e-01
-1.053918307224837925e+00
-1.515967709799665331e+00
-1.257254849209987091e+00
-1.585820442398023333e+00
-2.330382060398527688e+00
-2.270902502120521138e+00
-1.384678207418801543e+00
-6.284476710779385300e-01
-4.007976120675350584e-01
-2.040335919591766967e-01
4.678945910113073703e-01
1.149405731909279416e+00
1.297558326360017000e+00
1.110588899058422285e+00
8.470889165348109984e-01
6.156246783254037958e-01
6.998575360783509947e-01
1.125024369357247256e+00
1.327038502443259604e+00
8.922913595653294561e-01
1.670303520310462420e-01
-3.514062031083542426e-01
-5.218782902045306926e-01
-3.949714771933426349e-01
-2.597972123847334669e-01
-2.488975934335894424e-01
-4.126710728324187866e-02
1.852071989164195687e-01
-4.989355148182385291e-02
-5.989117674477235642e-01
-1.094508152442288829e+00
-1.345910720616416700e+00
-1.376917888322384709e+00
-1.423087972507705912e+00
-1.325140633756749509e+00
-8.071921449193545373e-01
-1.634360901479710304e-01
4.298249285625656002e-01
1.080255903472199464e+00
1.651630401284303495e+00
1.968795366858177909e+00
1.762868531304740083e+00
8.708757278324815720e-01
-3.589502483186358117e-01
-1.522049443916576150e+00
-2.208491347843717367e+00
-2.087974713943486105e+00
-1.481147967034119883e+00
-9.377497596928068280e-01
-5.027419401815387268e-01
-1.950227362027568551e-02
4.128854239336093856e-01
6.353191940852552788e-01
4.093094305353753293e-01
-3.982072533561312744e-01
-9.598638850530752942e-01
-7.394738934371982708e-01
-5.236248316434184424e-01
-3.310473059784286298e-01
3.390613137065946470e-01
8.821377093126782087e-01
6.428047127688011342e-01
-1.010263253548956686e-01
-7.292833951884322152e-01
-8.992984321543818771e-01
-7.102501682674597916e-01
-4.250012648780250868e-01
-2.226596172139954088e-01
-1.907421280450261325e-01
-2.540274019889378621e-01
-3.831698607404839252e-01
-5.280897465793024104e-01
-4.936991071003851705e-01
-4.748561743768929810e-01
-9.845882416669654580e-01
-1.746222959906552852e+00
-1.968688674155331997e+00
-1.246070854128456862e+00
3.189746018735075683e-01
1.640826779805083291e+00
1.677285079139986257e+00
1.115494034463230255e+00
1.041103516556182385e+00
1.448003248595050030e+00
1.757327592837691022e+00
1.338459070684906882e+00
5.579879777672331898e-01
4.187202132178607372e-01
7.800223924118628860e-01
7.007223375375082330e-01
-1.892899963166842503e-01
-1.256716801735261013e+00
-1.456156574726841679e+00
-6.511744972140881549e-01
2.511753553083234114e-01
4.318934775478402988e-01
2.565645604705071511e-02
-2.436942052359735156e-01
-2.188500090272283150e-01
-2.196110192755697799e-01
-1.392416599545768241e-01
3.797033437064533112e-01
1.005998167122658549e+00
9.711723556626895570e-01
3.847271492791127234e-01
