-1.051638563574836538e-01
-1.313713892117154558e-01
2.470652983501002431e-01
5.968751449154789945e-01
5.938971441905763760e-01
2.534855398737698717e-01
-5.434079344680519119e-01
-1.314108243981581881e+00
-1.483187025257546754e+00
-1.190355013394982064e+00
-8.219753508581387758e-01
-8.588829907759070181e-01
-1.400909023746994997e+00
-2.020030276315025741e+00
-2.349682077876022124e+00
-2.138519199005020965e+00
-1.482904296535938915e+00
-6.666398994842674952e-01
1.539774054932358804e-01
4.797062896494351802e-01
2.180255674376686825e-02
-6.517893190211928589e-01
-1.047461594048317401e+00
-8.402972452158390393e-01
3.298963716128447965e-01
1.842173080391948714e+00
2.516458349169646613e+00
2.102460111809223431e+00
1.626503016780030286e+00
1.736435159984906829e+00
1.702463260324794003e+00
9.453670359333965489e-01
2.483028772376591475e-02
-4.477326543153452021e-01
-3.857754855991449849e-01
2.123164241545706377e-01
9.931302438617620743e-01
1.107641089817847257e+00
5.198601556559944159e-01
2.974338848919256817e-01
6.483354070310920481e-01
7.577156034886365354e-01
2.944808128841199246e-01
-4.310143221284153947e-01
-8.326703468190214119e-01
-4.230214865103859578e-01
5.379052388535680018e-01
1.318326146332759574e+00
1.580471121860022032e+00
1.346230132320987094e+00
6.148640677411462141e-01
-4.860108418580691980e-01
-1.150574233061435470e+00
-7.927782832835756910e-01
-1.497094439284099854e-01
6.859359097711877074e-02
5.808318693183938536e-02
1.664568745617942269e-01
3.735066933202339512e-01
4.128938956918831171e-01
3.005066327485489408e-01
1.800776740050689662e-01
3.430389171657130531e-02
-1.058325729774902135e-01
-2.264770148583672982e-01
-6.423687497121288725e-01
-1.488624888593191420e+00
-1.892989885277472251e+00
-1.177385085877875603e+00
-5.873395648481102155e-02
5.588724799508381080e-01
5.043302688537327771e-01
2.846451852319802911e-01
1.972896059169750860e-01
-1.714885766749360552e-01
-5.329374709692387135e-01
-2.204706796611524411e-01
3.000436743976115928e-01
3.225419787554283935e-01
-8.229054471091454270e-02
-4.967683193095272509e-01
-7.028833199210092753e-01
-7.844346549858958184e-01
-5.820689923408625122e-01
2.324383753102614580e-01
1.180465937168421409e+00
1.331700209498511311e+00
7.092872086580845892e-01
1.092750207993339329e-01
9.389544817570472796e-03
5.100347354720133897e-01
1.311270507045729561e+00
1.628820983675451917e+00
1.151366889765029544e+00
5.418644777677995572e-01
2.875232777522857552e-01
6.495761366230870526e-02
-2.875315355789758720e-01
-5.749444994188270819e-01
-8.097448973263919880e-01
-8.716975516395976120e-01
-4.434237486839055498e-01
2.362489472626133624e-01
6.179985843404987023e-01
4.647569770874026007e-01
-1.944287478207093744e-01
-8.337043255369218642e-01
-9.121206393583338734e-01
-6.861165263783319812e-01
-2.415866953496993152e-01
5.918002030027210703e-01
1.240589236821359798e+00
9.028076342099725649e-01
-2.768791680168708469e-01
-1.079807283139603502e+00
-7.438632627051066093e-01
1.422360434716403721e-01
8.091521336996269076e-01
1.068004162693325432e+00
9.130626941086712467e-01
4.298921994577731831e-01
2.549512170515523812e-01
9.013532878470109644e-01
1.787579307751052227e+00
1.916323240690192442e+00
1.109432160378193144e+00
9.111510814390287594e-02
-4.439389224545325918e-01
-4.455674011091766973e-01
-4.120659527768429919e-01
-5.485391423169116987e-01
-3.779308282769586191e-01
2.398596603952725115e-01
6.761677434116016849e-01
5.680448259811095024e-01
3.636489242871548400e-01
5.162638667240716517e-01
8.400536156062400339e-01
1.127573407078563461e+00
1.239324404705251848e+00
9.311592548017195714e-01
3.594393249000429336e-01
-1.080448264271735570e-02
-8.270159256960629701e-02
1.514416340886935892e-02
1.375431570205231935e-01
1.987091540093580133e-01
5.486333981900638479e-01
1.296841272695943070e+00
1.757604851047924521e+00
1.408482384028467704e+00
5.364791427985560190e-01
-5.043242118239671390e-01
-1.575434920060289068e+00
-2.364445714354835637e+00
-2.450909827327922397e+00
-1.630898317387884378e+00
-5.765956734918117332e-01
-2.945510926355070502e-01
-4.227840018130693545e-01
-1.534286467274211530e-01
3.653583462046384733e-01
8.813598009884210382e-01
1.035827979073501881e+00
5.821931585925029795e-01
2.197890294294140290e-01
3.544354654958805084e-01
3.541714443114452604e-01
-1.938732136316674848e-01
-9.658689779379738827e-01
-1.567922095445686947e+00
-1.831758847433940574e+00
-1.603024915113807847e+00
-9.691709018787704188e-01
-3.670641289893608050e-01
8.630422280087547693e-02
5.056520673927271670e-01
5.408986132056196050e-01
-2.637853648412519791e-01
-1.299136069312162300e+00
-1.625026493628245916e+00
-1.602365338906240222e+00
-1.924252657978641201e+00
-2.389080870035487525e+00
-2.544234491225816797e+00
-2.266343593420574454e+00
-1.601387237580454759e+00
-8.845609844402705368e-01
-5.382236538052372898e-01
-5.190998579886041409e-01
-4.154757363267428394e-01
1.836516537019743101e-02
6.591022635045138411e-01
1.287724496192431456e+00
1.696554426930291459e+00
1.866148946560918231e+00
1.707816661325031626e+00
1.156336570148035481e+00
6.831086069788149251e-01
4.620818341490862680e-01
-7.847213571692385203e-02
-3.488793693145150199e-01
-4.353166948084283838e-01
-1.050076074128702130e-01
1.569042149617551341e-01
-6.147347888303744678e-02
-6.285897977802462622e-01
-7.827543001471060080e-01
3.156990351032429309e-02
1.127386422490642470e+00
1.442615900942436191e+00
9.902249194255081655e-01
4.170987470871076463e-01
-3.713226062563992208e-02
-2.378984724202720669e-01
-3.442492943008657741e-02
4.432575206908602183e-01
1.194761401847102444e+00
2.354315327563042626e+00
2.758942545169115412e+00
2.758942545169115412e+00
1.934586180247244602e+00
5.662893514547374663e-01
-3.270079505112333251e-01
-6.153438119925236371e-01
-4.789640744926400018e-01
-1.731633667430191037e-01
1.122832869242146453e-01
4.658205099227096802e-01
8.742693170722704021e-01
9.509814690986219121e-01
8.160145400036521446e-01
6.494741585983239140e-01
6.381386035799599399e-02
-6.854463235309639080e-01
-6.507877756533476665e-01
-1.392163314989275924e-01
-2.279198556748068261e-01
-6.801996138849327744e-01
-7.595929859372403392e-01
-4.652522518480125546e-01
-2.447124069366997112e-01
-5.583134821477975240e-01
-1.082148074621294143e+00
-1.105697935960373579e+00
-8.290626657188153725e-01
-5.318631717068461606e-01
-1.177928380064501360e-02
6.146133992617289765e-01
9.024714319283712038e-01
6.938590950231801058e-01
3.442468794308684021e-01
-3.860796502833193505e-02
-6.388661949737436396e-01
-9.813210205371375450e-01
-5.820196010821026000e-01
9.637974740858330086e-03
1.739410133393938518e-01
1.315422165577364855e-01
2.315235072014630024e-01
4.312648357066287130e-01
8.227235705860531656e-01
1.307119527689622140e+00
1.226075154219816943e+00
4.784845367383391279e-01
-1.100581608741954404e-01
-9.809745737192296366e-02
1.718329989599182983e-01
3.843642692960009821e-01
3.028558602921000986e-01
-3.414462997072435502e-01
-1.185487815407948009e+00
-1.302171856593139054e+00
-4.097648865988950950e-01
5.994555137253466670e-01
7.043773338351531077e-01
-2.229871759095285177e-01
-1.354442874677084241e+00
-1.898086636997641241e+00
-1.902081264701875218e+00
-1.429295147985781833e+00
-2.114237998814852693e-01
1.400020233455398833e+00
2.108320640151848835e+00
1.555580719378485188e+00
8.857915676684311457e-01
5.487431883165941882e-01
-5.070231905131337632e-03
-9.367826650505679531e-01
-1.792791627604699789e+00
-2.192433354635332066e+00
-2.135190550365595019e+00
-1.481981578945832601e+00
-3.218513502429844464e-01
4.824062883333275487e-01
2.950456435376694331e-01
-4.708700367175932544e-01
-1.104784167288094476e+00
-1.129442859536939014e+00
-6.163769997635255571e-01
-1.686165740196931551e-01
-1.463553487247227537e-02
7.205021635948277714e-02
1.968844169653761467e-01
5.818181940370356631e-02
-3.747036853622929264e-01
-3.056528744899134620e-01
3.849433512817658221e-01
7.514941287985780205e-01
5.091512715833438341e-01
1.946711262169731615e-01
1.256678819215860110e-01
1.301740513006634792e-01
1.749118014456530479e-01
4.431854078345042192e-01
7.336285017844811351e-01
8.366202572806232807e-01
7.329298474149491538e-01
1.424305510215237713e-01
-7.786476832215475374e-01
-1.137329794594823973e+00
-5.669269831748949828e-01
2.871936047503861889e-01
6.216881495875529184e-01
4.770623477837817594e-01
3.036881147680459136e-01
-1.149715410743057803e-01
-1.102025036120861001e+00
-1.938215066989843471e+00
-1.441621766247553449e+00
7.436125239468102666e-02
1.099341494073427627e+00
1.314598580677603268e+00
1.498948810587747094e+00
1.855260186391083810e+00
2.117224548331510192e+00
2.118159994367343035e+00
1.784418517588091335e+00
1.309830099034742679e+00
7.097757426733920516e-01
-6.513978525235432533e-03
-2.621713846898318656e-01
-2.010187007849764951e-01
-5.162118319628045127e-01
-8.828741447642860507e-01
-6.715382536933718338e-01
-3.440392583652744363e-01
-8.031104610314254710e-01
-1.883238297722618304e+00
-2.459874742307895712e+00
-2.125889862770599770e+00
-1.507300393154148210e+00
-1.037924414996997946e+00
-6.449703307409022646e-01
1.258531973939261972e-01
1.018143170998522029e+00
9.621626174668113096e-01
-5.485638220337187010e-02
-9.488367682466706254e-01
-9.136943438156097663e-01
-9.899336581648948696e-02
7.267937741757275472e-01
1.006002107657728128e+00
7.871609621437190007e-01
4.058335278719477079e-01
-7.127331653241684994e-02
-4.071094673469211611e-01
-3.550043418715805310e-01
-1.721138192250840082e-01
4.960023623075048710e-02
4.262749387082729879e-01
8.152498154908695005e-01
1.042058057706287233e+00
1.112358687016058889e+00
1.271746106074797655e+00
1.514642696032894476e+00
1.483287838065696862e+00
1.118389137547852741e+00
6.665389959246844631e-01
3.322269638686985438e-01
4.474824548567095384e-02
-4.862107889254921322e-01
-1.193429622880197494e+00
-1.566480687162157714e+00
-1.368100774442721823e+00
-9.403146570308834606e-01
-4.435085976168485211e-01
8.930513401457294831e-02
4.553920371260847810e-01
7.883132581906019398e-01
1.269964535716153309e+00
1.502571100431298268e+00
9.195884324253573716e-01
-2.233967286479141834e-01
-1.216697923702105166e+00
-1.837347787176491387e+00
-2.192517352877040082e+00
-2.155188378646088587e+00
-1.726293177833256198e+00
-1.036986302037192109e+00
-8.295957893630142577e-01
-1.263474790251426061e+00
-1.655662493653678569e+00
-2.133994227309640390e+00
-2.282215889228137229e+00
-2.183980994730612135e+00
-2.284511659380394910e+00
-2.342441017632306277e+00
-2.132522886225808101e+00
-2.174398096659470703e+00
-2.652394141916500026e+00
-2.721313912067686136e+00
-1.989453898588285030e+00
-8.237766074268175753e-01
-1.160700686206433407e-01
4.095538775394602649e-01
1.333666139442263976e+00
2.204049592930938939e+00
2.044103974005546664e+00
8.806589207775609163e-01
-1.983331731801726561e-01
-5.185195257464750851e-01
-4.243369121959953971e-01
-4.163739040816832881e-01
-5.120903230977230658e-01
-3.277286478732564512e-01
1.344486041225077810e-01
4.554643958987727448e-01
5.615287559237585047e-01
5.811149025885445907e-01
6.238995348737320645e-01
6.901702391774745537e-01
3.713990262983987711e-01
-4.227448800188721711e-01
-1.104804566273630106e+00
-1.177338348949033220e+00
-5.952002947643532105e-01
2.351975678182551821e-01
7.302497326643114794e-01
6.396867885299859502e-01
2.815628088366421977e-01
1.699352607097996404e-01
3.498589658119255486e-01
5.892328004036999634e-01
8.223060288038539500e-01
7.678161859788000809e-01
3.205098810777320256e-02
-8.619522885447160609e-01
-8.449884800928848527e-01
-1.727759359914267934e-01
-1.507460200808923290e-01
-7.785977327735670306e-01
-1.095917962299779225e+00
-9.361563949385024452e-01
-7.720250687180865157e-01
-8.544728258573355273e-01
-9.554562560286743444e-01
-7.590259843570796860e-01
-4.357613755595070582e-01
-4.930970828990984822e-01
-1.031941936434073170e+00
-1.690306768340794186e+00
-1.895921427590204322e+00
-1.382278430416398418e+00
-5.550156189053840894e-01
7.860104596695507984e-02
3.592883937177701048e-01
2.225585409754504695e-01
-5.683741763576236755e-02
1.438609622301399438e-01
8.710718167789690547e-01
1.558383313405025117e+00
1.592511936989832844e+00
9.686012001611343791e-01
4.131692545182577003e-01
1.312914110814288604e-01
-4.514565600117423916e-01
-1.038585159212717324e+00
-7.530723382721050685e-01
-2.556534969981128034e-03
2.172320137305834009e-01
2.236095773299884293e-02
3.387581601172708762e-02
2.384688256376198690e-01
9.529462369206978534e-02
-3.396196297292791155e-01
-1.867620262228985029e-01
6.502689115343602833e-01
1.320223686100674643e+00
1.535188077417895203e+00
1.584435051608814149e+00
1.528081322101409789e+00
1.567504478296755543e+00
1.929841343855664526e+00
1.970644649627689704e+00
9.358103978196652406e-01
-5.859442865474135953e-01
-1.320430242158510792e+00
-8.162786628838917258e-01
3.988509232018904727e-01
1.354011137979360679e+00
1.338296909615508179e+00
7.183411003575336240e-01
2.777505408560538291e-01
1.140069285340385291e-01
2.252581341106137669e-01
6.520113789980916952e-01
1.009212842544064737e+00
1.199101299693325018e+00
1.511818770324115491e+00
1.828916333382231585e+00
1.796922506544575970e+00
1.387096839314542418e+00
7.241750453699101753e-01
-8.216543197128159393e-02
-6.678979071407460388e-01
-8.036470611773254280e-01
-5.241611056853634487e-01
-1.328741096490196061e-01
-4.017951997881701737e-02
-2.443426349221427540e-01
-4.772701415877222964e-01
-6.928590293852150417e-01
-9.494522958112620037e-01
-8.654044730548980935e-01
-1.352521493213452441e-01
8.743935787628194234e-01
1.299642962091685394e+00
8.675906183311613562e-01
4.133706770879616021e-01
3.178070578009764002e-01
3.486000097756269955e-02
-4.903708019363909321e-01
-5.307897964699642701e-01
1.741106481134511164e-01
6.893341597964072198e-01
1.294333015608667148e-01
-9.828988383997906420e-01
-1.383524923921561456e+00
-5.745253239323832029e-01
7.461478798199951967e-01
1.492654448234140174e+00
1.268083315403740752e+00
6.082739063742875762e-01
-1.624852342778613234e-01
-1.083474731855063489e+00
-1.946473730643848654e+00
-2.368716943364229000e+00
-1.877092196280581771e+00
-6.422309261561250926e-01
5.530674089887983591e-01
1.101530028574657205e+00
9.486281299979189008e-01
6.505777764910685157e-01
5.700807457398956446e-01
4.375155576811943781e-01
-6.764265640850850025e-02
-7.514007746372899366e-01
-1.003302720782151880e+00
-5.348833768244612985e-01
1.131004375684921959e-01
4.254512494254272803e-01
4.725763921053169336e-01
3.241208651546751973e-01
3.706508594589268124e-02
-3.130143236695492881e-01
-5.870096191636797744e-01
-3.559012918256942437e-01
1.727625556915735328e-01
2.178371889623718083e-01
-2.492366338017113214e-01
-6.069746689351183111e-01
-2.315726182033881475e-01
7.263396799313641683e-01
1.236465059055844584e+00
1.120717460100056684e+00
1.099221701915105598e+00
9.614681729315120995e-01
3.020159225600518305e-01
-4.152285709996406671e-01
-8.945226448423997390e-01
-1.086941418160954687e+00
-6.390954937654513834e-01
2.209179087339957215e-01
7.596627893472387427e-01
8.034659593117102760e-01
7.439769260670313633e-01
8.780271645394979174e-01
8.927591792410268789e-01
6.444927496980352721e-01
5.234039207607915634e-01
5.102070963280793681e-01
5.378038143561809648e-01
7.665321387324208757e-01
8.321832833122566608e-01
4.322072714783578573e-01
1.174527461751091462e-01
3.358610570746881074e-01
6.224112810888881020e-01
4.761705431669210342e-01
-9.322967025235740293e-03
3.301244357058408241e-01
3.947260839994469195e-01
-6.761052440561818311e-02
-7.305476779407957810e-01
-1.030396642806940877e+00
-8.076565801296134994e-01
-5.698746389358445574e-01
-4.303761746772660213e-01
2.773784106103963643e-01
1.618402936988898144e+00
2.540164016170656236e+00
2.167072289220103531e+00
1.162455542538229247e+00
7.130256942392928510e-01
6.840365072881154918e-01
1.816193368892970728e-01
-7.471505980407394665e-01
-1.425075355738342209e+00
-1.652972520228740860e+00
-1.552019607877490381e+00
-9.674237501592996002e-01
3.924614090032454428e-01
1.674465639117377336e+00
1.583192778440947412e+00
3.976019372291839105e-01
-5.962853684561648659e-01
-8.923285137201045769e-01
-8.370176996134457426e-01
-8.839553307776633062e-01
-1.089935242467571008e+00
-1.183394209092519356e+00
-1.125943132942476943e+00
-1.068510721332397884e+00
-1.020245264710262223e+00
-7.807915955472132241e-01
-5.063674901515503590e-01
-4.877430115651247289e-01
-3.311360129799456598e-01
1.187199981544868194e-01
4.691312825798356623e-01
5.100068256315732906e-01
4.117673868806495108e-01
5.116217028119462995e-01
6.913672986778882645e-01
5.542161234253503155e-01
1.397694674171354456e-01
9.990611623388298557e-02
6.219794333736993197e-01
1.062162181268788252e+00
1.081326395510264105e+00
8.651069201340012560e-01
4.771508280146067871e-01
2.824271349799970313e-02
-7.887718638326287821e-03
4.785738111700947872e-01
9.511897183848637694e-01
9.281548171663516200e-01
2.924897035464621986e-01
-6.677203924615339181e-01
-1.184701048691782388e+00
-8.670214806564107146e-01
-4.636194079445085103e-01
-4.161046582850614350e-01
-1.756642853566340312e-01
1.614511013442541665e-01
1.427243768843900196e-01
5.678957960629168328e-02
7.195968123553179996e-02
6.653870538930138634e-02
1.905186309914428111e-01
4.899886262333853493e-01
6.063377276346112454e-01
1.980541284387013212e-01
-4.778686772076176648e-01
-9.476700175759927847e-01
-1.206279008327879820e+00
-1.086378560150312200e+00
-4.106708751552777259e-01
3.302677159039071886e-01
9.752756035113876454e-01
1.465365308792912158e+00
1.434780145827924791e+00
1.006091089428540863e+00
3.934616781187845747e-01
-6.983809919619025086e-01
-1.884508971848314118e+00
-1.934550862283560546e+00
-7.822606271662595478e-01
2.763118540176426330e-01
3.624912939509395970e-01
-9.689517387440301985e-03
-1.114402800371576824e-01
-1.661796743678557176e-01
-6.302880069989352796e-01
-1.119273538718158489e+00
-7.942536812303857552e-01
2.075622197605475616e-01
9.261310734126558808e-01
1.207413428071203887e+00
1.397676485781401912e+00
1.066353130426219487e+00
-4.790500936264508597e-02
-9.124662444280532414e-01
-7.591084075307650281e-01
-2.095854155033200494e-01
3.042848328927143520e-01
9.602848191489562479e-01
1.419959654094432144e+00
1.122643252431202665e+00
3.959355195764068247e-01
1.873774023961790047e-01
7.783396946610786626e-01
1.531761650306545208e+00
1.865319840430715859e+00
1.720037281418248742e+00
1.125949355510368788e+00
3.808589377185037650e-01
-1.196036398729546368e-01
-2.030465101806731287e-01
2.870369904934464977e-01
8.314452438969833770e-01
5.748727437212042268e-01
-3.316885010641325016e-01
-1.200437193778606915e+00
-1.556408475362930144e+00
-1.424988428789718320e+00
-1.260045871702222708e+00
-1.182161455863780297e+00
-9.729752492841761136e-01
-6.580654349512267132e-01
-3.457206163236619112e-01
-4.600217865505412326e-03
1.033644619018299349e-01
-3.742557415987077807e-01
-9.732892789663448729e-01
-9.789463456919821338e-01
-6.436738664643648633e-01
-6.703879003651490587e-01
-1.214360895053731015e+00
-2.011190671066850122e+00
-2.454181587499856487e+00
-2.196115767449701384e+00
-1.421085466036382305e+00
-1.972193900676517397e-01
9.523999730587813239e-01
1.113894968548703401e+00
5.123776044441815669e-01
1.125325494713082797e-01
3.771625915955825192e-01
9.578558563632033618e-01
8.532285843282212401e-01
-1.510123957749066603e-01
-1.123899729285674276e+00
-1.694927321346205273e+00
-2.097197495075012519e+00
-2.122116952510280985e+00
-1.710112853873833938e+00
-1.543142660416267020e+00
-2.028592924765430183e+00
-2.478775076475529637e+00
-1.822024414916352031e+00
-2.362159463359514711e-01
9.243278791201656741e-01
1.110427091835189062e+00
8.768172419629549630e-01
7.113614328837248868e-01
8.856129646187822502e-01
1.368185559904033344e+00
1.629393954602145200e+00
1.554971748298312306e+00
1.466058180909151298e+00
1.356318848767925633e+00
1.221826277785504899e+00
9.316765967200363319e-01
6.379887231048121388e-01
9.539868605612685792e-01
1.248358536891623460e+00
3.904921512645960213e-01
-8.192648632413402909e-01
-7.955418598293382271e-01
1.196579533550567037e-01
6.518695665527526328e-01
5.211295963995674629e-01
-5.098340490304890948e-02
-5.932800688240038589e-01
-5.924178085775521074e-01
-2.543998065813565246e-01
-5.571625631666983491e-02
1.844940982741999705e-02
3.866764590380993294e-01
1.186521888110183109e+00
1.572619589147072450e+00
8.272048034410874884e-01
-3.031531374024094005e-01
-5.615361273207650772e-01
1.986667604004036247e-01
1.048858298470087380e+00
1.423016406160257041e+00
1.059765685046806016e+00
-8.611905687442489299e-02
-3.823339811731887861e-01
-5.804770708929202216e-01
4.098869165101511752e-02
1.292978166267679141e+00
1.854367656923106455e+00
1.015377674584640344e+00
-2.207701651995934433e-01
-5.732089681129652892e-01
1.200664959025718043e-01
1.150395178475081215e+00
1.864623844362330640e+00
2.106725523430900804e+00
1.769773382138729811e+00
1.145536534699329589e+00
8.350994948801119255e-01
8.349187356983035491e-01
1.011068404542246668e+00
1.353618290372043509e+00
1.447228616634268050e+00
9.964697385801614127e-01
2.993553407390978083e-01
-3.119139420553542763e-01
-7.174761775896909555e-01
-6.838450600597704154e-01
-2.076229140832926701e-01
5.979048007186153063e-02
-1.740151254226949551e-01
-4.706155522125465840e-01
-5.509028509350060165e-01
-4.516781493867317310e-01
-4.910197731357073270e-01
-6.377746354060473966e-01
-5.520018638991861515e-01
-4.446032790560025538e-01
-5.226577918977308723e-01
-4.584832059924134340e-01
1.038743142744784492e-01
1.046307623294910893e+00
1.734343715399192298e+00
1.514479927605949960e+00
5.408211790849943856e-01
-1.888785386102810882e-01
-1.372820894656420210e-01
2.104812109094797434e-01
3.789825226115495216e-01
5.606892715250361148e-01
6.231826878490820398e-01
2.710454888487484268e-02
-9.107101469298369834e-01
-1.518308473142875314e+00
-1.498666523626984493e+00
-9.852019947451764459e-01
-6.307559682413405033e-01
-8.195353216172006627e-01
-1.007291122335134403e+00
-7.410288884619053995e-01
-5.740827699627418790e-01
-9.171968383054679430e-01
-1.165401438278293123e+00
-8.332902894811116123e-01
-1.847284942778955885e-01
1.190435925645883380e-01
-1.625980129180673583e-01
-5.275798174000153606e-01
-6.843306985488334382e-01
-9.656931113265041500e-01
-1.609033276551942171e+00
-2.110766805409318714e+00
-1.811582367359284573e+00
-6.692939534174887628e-01
5.808703660662294377e-01
1.108524583248857720e+00
9.291516026157380370e-01
5.841859036630675517e-01
3.512898988545678503e-01
3.703363927161572589e-01
4.792715463683933086e-01
4.380980800829977206e-01
4.677844491618911582e-01
4.151059281746046215e-01
3.094059290466543571e-02
-1.935518720598043141e-01
-9.032973646288669500e-02
-4.028276309148660222e-02
-1.709430450801260049e-01
-3.131322582682327105e-01
-4.452952787885239294e-02
5.052057302791116422e-01
4.336722014979648154e-01
-6.316974854519201432e-02
-2.687379555511703808e-02
4.636834504039273885e-01
6.534719077804059806e-01
2.673556035808533626e-01
-1.812086641019670097e-01
-5.582286365795000593e-01
-9.497791813836740094e-01
-8.943159072625631589e-01
-5.940589084823650889e-01
-6.115158463922908405e-01
-3.604231709145226392e-01
3.291544904629278845e-01
3.196594524457405107e-01
-6.665105317213001479e-01
-1.750182642302247293e+00
-2.166691138214125179e+00
-1.855648938762575195e+00
-1.380951971212067253e+00
-1.051548184354890836e+00
-5.434156769149210975e-01
2.688527814696771157e-01
8.729866383534558016e-01
1.200710137571940894e+00
1.965663423543589472e+00
2.745005761888592577e+00
2.745005761888592577e+00
1.698804380283947424e+00
-3.958283676403571982e-02
-1.284611527596585701e+00
-1.946209890890250982e+00
-1.848337457246469695e+00
-8.302492486200628852e-01
3.732757220121771802e-01
7.134729245018109900e-01
2.698684319606940996e-01
-1.163261719788107190e-01
-4.081484831462641738e-01
-1.195096674707711637e+00
-2.062856580546064578e+00
-1.892346621962396558e+00
-7.493039299206216697e-01
3.616895932540377667e-01
9.751721196349297793e-01
1.123232771929067786e+00
9.715098073877411755e-01
8.299327430643209658e-01
9.774437584060189366e-01
1.328149950802096413e+00
1.316831411249592021e+00
7.338937599808760259e-01
1.713376287580010149e-01
4.549125114090809413e-02
2.207331332610785457e-01
6.053206561468775782e-01
9.236934362486505234e-01
8.295291372251577533e-01
5.439709893215778358e-01
4.209081170541429939e-01
5.201335044672638075e-01
5.062476077493711646e-01
-1.588461971848825205e-01
-1.356770974069192448e+00
-2.030136267950899409e+00
-1.473504076926770878e+00
-1.754141356717736373e-03
1.282390874096894562e+00
1.051956338342963093e+00
-4.780713574189152104e-01
-1.565882306997944173e+00
-1.701401806532001348e+00
-1.679685991712712267e+00
-1.386238189042914737e+00
-5.192272994449602663e-01
3.117250933093108078e-01
5.947202471766589449e-01
4.110611207543620749e-01
-5.251861059247264762e-02
-7.741703481036528167e-01
-1.413149024396589626e+00
-1.409868305341960726e+00
-9.031669211392997498e-01
-3.149652891594740267e-01
1.826308079707468224e-01
5.377137574194993386e-01
6.917993220018918699e-01
6.605801171275261785e-01
7.771282591629146141e-01
1.064309234989232467e+00
1.099644376776709231e+00
9.015744954711741865e-01
6.872897213669467709e-01
5.728586315639723203e-01
6.595715959269637940e-01
6.833303323863098022e-01
4.867731471273998856e-01
3.310032228589523395e-01
4.400339549342245915e-01
8.038439452139315433e-01
1.198909806801238265e+00
1.417674905875305980e+00
1.295263788272609240e+00
9.614456460309559471e-01
6.648997268900052049e-01
2.125939358447131722e-01
-4.729197871098766992e-01
-1.116312344464464701e+00
-1.749845291924533308e+00
-2.382641051609324379e+00
-2.034855115317164564e+00
1.274895256124324971e+00
1.451712146125138547e+00
7.806781050795094101e-01
3.805487590401465114e-01
6.825830375922944393e-01
1.144351127431814774e+00
1.099214020751547505e+00
6.860675597893171052e-01
4.949193777223563906e-01
7.023928765019661347e-01
1.072551274667603582e+00
1.199194872837443304e+00
8.389940204710628624e-01
1.495400339030907855e-01
-1.143630929019703868e-01
6.658207368641638757e-01
1.604446729527362114e+00
1.645827359497340936e+00
1.248677426756297226e+00
1.059686546638626270e+00
8.140716935954713795e-01
1.772641474341132284e-01
-1.715429015103100974e-01
4.904691967367666439e-01
1.417466549886520433e+00
1.658188482981957312e+00
1.519036784234882864e+00
1.562930641763857320e+00
1.426434606390286852e+00
7.075909061382348320e-01
4.010211478696291271e-02
1.201791966726801532e-02
2.061723434154148493e-01
2.550077652668509831e-01
2.675659814984302498e-01
4.781149910688704124e-02
-4.192566964894819947e-01
-4.899411554957006643e-01
1.426177997005412534e-01
1.118719550944650809e+00
1.798617537932256427e+00
1.524290750748233059e+00
2.541650195491506059e-01
-1.159630031878608136e+00
-1.825723199485507431e+00
-1.316739961061695441e+00
1.365339771103072364e-01
1.370790510131980833e+00
1.782954563961472561e+00
1.667117683438276821e+00
1.031673946483008697e+00
1.692435690407786963e-01
-3.893390980687380654e-01
-7.444798661355154223e-01
-1.160192755992050406e+00
-1.247974598507697763e+00
-6.783410336164247267e-01
2.481445540548011044e-02
3.074684584318720382e-01
1.248985623329604278e-01
-3.088980028683557255e-01
-5.841731990425405030e-01
-4.025035427524815690e-01
-1.776184483637451017e-01
-3.692199478906564303e-01
-4.464691204584468887e-01
2.244267371443077475e-01
1.244905448832516859e+00
1.740364627570413436e+00
1.454768960799365907e+00
1.018333078793296709e+00
9.104146061176023874e-01
5.317127544472584066e-01
-4.593855711070256032e-01
-1.334450103298656876e+00
-1.684280436092264965e+00
-1.739979065288311810e+00
-1.677710685783966760e+00
-1.408461625019252761e+00
-8.485260758908153012e-01
-1.793080689522357218e-01
3.265517809339105182e-01
6.024343816777680827e-01
8.071950824785140144e-01
9.926528679121463528e-01
9.738364720546273112e-01
6.863281963453040646e-01
1.464847668664986668e-01
-3.716316551600725715e-01
-5.421161678210970614e-01
-7.017606932408375631e-01
-9.066807025573040413e-01
-6.452532629705686196e-01
1.131858981186348832e-02
6.054061831772957758e-01
8.231802029663606302e-01
4.592612240972768212e-01
-9.001386405540320879e-02
-2.314703564311617612e-01
-1.481693085310881175e-01
-1.739408289632282389e-01
-2.211106318146330574e-01
-4.499293002981621936e-01
-1.156167198955609043e+00
-2.005217693547166835e+00
-2.476773625946898427e+00
-2.416310745893507139e+00
-1.809237121305306673e+00
-8.089818280842572262e-01
1.562236479143942480e-01
7.211740842685075981e-01
1.031872902413336623e+00
1.299871955709203775e+00
1.247078963171815769e+00
7.912910420306379367e-01
3.889076121808678344e-01
3.349248123292241086e-01
3.500593164233262722e-01
1.095004258838572775e-01
-1.479620886919850720e-01
1.290568234386401114e-01
8.469137862674379624e-01
1.194414657487423259e+00
7.673075153195919595e-01
1.577736041395965683e-01
-1.208084198376604551e-01
-5.514559829994424289e-01
-1.381609039815056672e+00
-1.728053684768957821e+00
-1.230824877807019213e+00
-7.742150879976568145e-01
-8.229280962403449085e-01
-1.104561744362695386e+00
-1.231508033131797575e+00
-8.036911774282393672e-01
1.825830677748926933e-01
1.030375926854602664e+00
1.088204829904311888e+00
4.431872636262117471e-01
-3.672632850020937645e-01
-9.715661735458321902e-01
-1.055929184903702245e+00
-2.751147534619592938e-01
8.130731148066012715e-01
1.083344517574857058e+00
7.448951552743079407e-01
6.670695462982592083e-01
7.501939323706662277e-01
7.759088193212311246e-01
6.382139051035613520e-01
1.601181545253569094e-01
-1.855885698501065217e-01
-7.881850251262541296e-02
5.157631503840241771e-02
5.968321997230422588e-02
6.654569635805149784e-03
-3.835927306273717585e-01
-8.541718353789340412e-01
-7.235135520165322243e-01
-1.001314178920263420e-01
2.601420421041765185e-01
-8.481511108105015129e-02
-6.197045989763100282e-01
-7.341341281799751428e-01
-5.278332600786433959e-01
-2.568041394225054064e-01
-4.876696776565479091e-02
8.816203535006866820e-02
1.873598693702342166e-01
4.281489059369388284e-01
1.139066041333340440e+00
1.957787107183129205e+00
2.181115914746404982e+00
1.924480539709974902e+00
1.423846176673626562e+00
6.530813362888852058e-01
-1.983714767538476698e-01
-7.710093525300292239e-01
-8.299827189279356254e-01
-7.894826993784004321e-01
-9.405850276029873447e-01
-1.029847925635809069e+00
-1.179158361735455074e+00
-1.292361802596324827e+00
-9.806859923574703375e-01
-6.469625758751991196e-01
-9.810876144657030284e-01
-1.814770699860712488e+00
-2.362669028041062713e+00
-2.205975283830690081e+00
-1.525382919170268803e+00
-9.209632922367293473e-01
-7.935502054467370447e-01
-9.288717722976732594e-01
-1.083372169482626379e+00
-1.298199129468988966e+00
-1.576026224001180420e+00
-1.720015508875524235e+00
-1.545545766536502885e+00
-9.888404428058402695e-01
4.721636778049834171e-02
3.164125104311904524e-01
2.147332024511670323e-01
-5.643490511104608531e-01
-1.334570806437085144e+00
-1.656510907893059104e+00
-1.866085921388868973e+00
-2.377218367033474333e+00
-2.519797977976697023e+00
-1.420544987041900908e+00
1.303986132190425862e-01
1.066681792184101640e+00
1.350954365032153159e+00
1.100289569914354226e+00
4.677418364289839259e-01
-1.176437089086545124e-01
-3.582952986900486136e-01
-5.146063645195415592e-01
-8.613012733187955794e-01
-1.213741315563948042e+00
-1.090600120862937450e+00
-5.557002373906707454e-02
1.173996110662619108e+00
1.269503244404054598e+00
3.571572228776215274e-01
-4.620411553480692213e-01
-7.655457048294658229e-01
-6.677613756588965943e-01
-1.557948414764176448e-01
5.143187620993004971e-01
8.573234910421175803e-01
1.170942368719434912e+00
1.599050697534063481e+00
1.428118946076916140e+00
8.519536539832470723e-01
6.410188832885571619e-01
7.721832117623292913e-01
1.185707655657822768e+00
1.831036972241685490e+00
2.219360111551056836e+00
1.952379915693586154e+00
1.003880978366256782e+00
-2.307557768393289979e-02
-5.539778012625605763e-01
-1.006288270536438434e+00
-1.731676839183848848e+00
-2.128876930364750564e+00
-1.681295818996860980e+00
-1.014942387805488178e+00
-9.716533537114009356e-01
-1.312076679141719104e+00
-1.179743062540008491e+00
-4.227909665351977098e-01
1.916711028866255051e-01
1.113846363405228586e-02
-5.318447778476742549e-01
-3.948431403473147139e-01
3.159156260671541760e-01
6.432763142600020911e-01
6.165499295501671861e-01
6.519225571599127633e-01
6.992017960394234510e-01
7.336128272175920229e-01
6.690777033311080535e-01
3.323620268277472922e-01
-1.302233972653085714e-01
-4.223471477702196442e-01
-6.064798527121787464e-01
-1.025526194152939219e+00
-1.546715804545080841e+00
-1.581849413736840182e+00
-8.471699342239050745e-01
-3.641642688157235158e-02
-9.810950096478399107e-02
-7.561311525895317853e-01
-1.117385506398887340e+00
-1.074751936008640385e+00
-7.609135318268908099e-01
8.549747707272851993e-02
9.460895868143887055e-01
9.195874031166739737e-01
2.924954960249631086e-01
-1.562578091318205242e-01
-4.288988631875608609e-02
4.529951307436629881e-01
6.725978579690637948e-01
1.184866731589838962e-01
-8.868877618382057237e-01
-1.332501675014588827e+00
-9.428188545598648052e-01
-4.312659133220163032e-01
-1.203374306673290900e-01
4.894383767501048199e-01
1.302061618284618527e+00
1.300360123201208751e+00
3.836845960300971914e-01
-4.014586792290246731e-01
-7.921598070810803582e-01
-1.171059234849282982e+00
-1.277375402323999598e+00
-8.798163536872321000e-01
-4.093664332078994494e-01
-3.808411542936231964e-01
-6.784840680530018764e-01
-7.456915771640020285e-01
-3.560580615851708375e-01
3.092316625749579884e-01
9.650253303679345862e-01
1.550262233119982680e+00
1.915183359208132874e+00
1.723023327139598937e+00
1.317614993189162531e+00
1.339347993506840639e+00
1.712243724938549372e+00
1.773052574273706883e+00
1.087366022937131360e+00
6.108812224005551184e-02
-5.724915873566179814e-01
-5.092676071283241956e-01
9.160352374168977130e-02
7.259800871819491741e-01
8.108307077490524151e-01
2.282493225614756482e-01
-4.506395808824248950e-01
-4.798494181901387656e-01
7.587303508861618917e-02
3.659150000105413358e-01
-1.759973749337923055e-02
-6.127630701498537613e-01
-7.893852580416926834e-01
-4.402133881118026060e-01
-1.854574690518751845e-01
-5.877495674253955249e-01
-1.633946309953527409e+00
-2.554726191544546499e+00
-2.571074599061264010e+00
-1.691512159738845389e+00
-3.117233273746318756e-01
7.342988619540429251e-01
7.055602226062819282e-01
-3.439385330584632944e-02
-8.643726824218213034e-01
-1.675403218628779278e+00
-2.177233042366188531e+00
-1.857495781593276218e+00
-8.162388344818390928e-01
-6.476227218008376307e-03
8.104100555558912955e-02
-1.118410231001259192e-01
-1.184462843154136941e-01
1.772976593396026479e-01
7.387553596743923201e-01
1.593716042072150563e+00
2.355569931511338755e+00
2.387292012210552983e+00
1.676162544909094665e+00
7.121906656618773868e-01
-3.206648602853032996e-03
-2.510691746778977995e-01
-7.781553087695319837e-02
2.946997370819145479e-01
5.479746608407223274e-01
6.694417733761439671e-01
8.474866617994265550e-01
1.116423504654100007e+00
1.422022016901031805e+00
1.512856189670424234e+00
1.061808028818362892e+00
4.322147583159695605e-01
3.063183332709538687e-01
4.646169797685386071e-01
1.816590091880272151e-01
-4.452421211453981842e-01
-5.963736137553606875e-01
-8.914294438022170308e-02
4.360321755624514961e-01
8.090233105467229402e-01
1.187726390205747995e+00
1.226734520809166007e+00
8.613233224026470847e-01
3.256808068967614322e-01
-2.573483719547661197e-01
-3.215058983342413135e-01
2.402045670992086490e-01
6.841809338643145555e-01
6.786918794230519802e-01
5.528122374022024221e-01
5.418437353947120894e-01
5.387845309480236988e-01
5.086421387326234278e-01
3.234063272038614767e-01
-1.525897356765750223e-01
-6.173398998317166653e-01
-6.541864002298979353e-01
-4.729508672180621209e-01
-6.398543070764840524e-01
-9.039467323415079081e-01
-7.456057697243210214e-01
-5.719849592624055568e-01
-5.019491218613095773e-01
1.817089979289339538e-03
4.535058748741385148e-01
6.631063270273266363e-01
6.300663527161626254e-02
-6.303847365231232125e-01
-4.475606085442553894e-01
1.820151618829314866e-01
4.306404173675896230e-01
4.619369037512567333e-01
5.356248923485655844e-01
5.093376980136340437e-01
2.872930092799388380e-01
9.520598273813418722e-02
3.226374908032833555e-01
8.086075155354496280e-01
1.291592995419339251e+00
1.917798332816272211e+00
2.406247150885455710e+00
2.189241124379829984e+00
1.487419914987755387e+00
1.239684279483696860e+00
1.579298269893733231e+00
1.395546748541689697e+00
3.090883379309697920e-01
-7.648310039673207328e-01
-1.312302849877761801e+00
-1.322203733992629360e+00
-9.952425476800799142e-01
-7.519256916024152915e-01
-5.697155224780290350e-01
-3.478118882117133270e-01
-4.849310004581550704e-01
-1.217619031331860668e+00
-1.813112468911856290e+00
-1.319441471070491811e+00
-1.906257094624028980e-01
4.329337040217141608e-01
4.292139558644799124e-01
2.893523023860483101e-01
1.806264312256521121e-01
-1.034809897585686200e-01
-3.138960772041497482e-01
1.039560661176373163e-01
6.742008381049837684e-01
7.026527318451880610e-01
4.828106215440794990e-01
1.675913433695514487e-01
-3.905428777815027064e-01
-6.259724869886439391e-01
-4.042647656817087709e-01
-1.678980409905211080e-01
2.331890069728551895e-01
8.381657039582459667e-01
1.256594370338348421e+00
1.048299296533124370e+00
3.860330557642568938e-01
2.667597089835704871e-02
2.618552199796241320e-01
7.666349993298050558e-01
9.600885361356766845e-01
4.143846178640517297e-01
-1.396519990205007666e-01
3.094053031471152848e-01
1.039019465449954716e+00
8.936868702809546150e-01
1.584113226842144284e-01
-1.003931397120601809e-01
7.988657770900211563e-01
2.115992304877922781e+00
2.178759900012136264e+00
9.173670380447273009e-01
-4.348427353589535277e-02
-5.052653921879605298e-02
1.576614547457427240e-01
-1.664687664245291243e-01
-9.639676261824432490e-01
-1.319440632049576401e+00
-7.757617463401241809e-01
-1.438231285465352005e-01
1.455481567424746214e-01
7.490384125224687217e-01
1.551330457086063985e+00
1.608795842354204364e+00
8.328254249607556225e-01
-2.167997101966489815e-01
-8.425840262542863002e-01
-7.217225110040086378e-01
-2.764828053350258941e-01
-6.087263086170248416e-02
-2.270265271012181785e-01
-3.388781557082017892e-01
-2.213155154620813081e-01
-2.344895321901103169e-01
-5.377660074028141057e-01
-1.054719025490812756e+00
-1.525442072003004412e+00
-1.640718258365906790e+00
-1.386155049692869401e+00
-6.500261696604322514e-01
2.377412677424317333e-01
2.660402096129111937e-01
-6.261241514732960312e-01
-1.335877335512267283e+00
-1.222440462247988080e+00
-5.652739652162298567e-01
1.565268717651132069e-01
6.203593927008481668e-01
7.511344919559468369e-01
6.630585136844269201e-01
3.597508324774749688e-01
2.324091428157266381e-01
7.601819057770168309e-01
1.430265085620078924e+00
1.096401760468974640e+00
-4.452251944313524445e-01
-1.899171328001125092e+00
-2.122897579123907974e+00
-1.085088053134201980e+00
5.061063509336226618e-01
1.552752567046819410e+00
1.508097294021186752e+00
8.730500638471839769e-01
2.529356955121462441e-02
-1.042364080008506111e+00
-1.687804030340307015e+00
-1.342379984834486839e+00
-6.859666604431942094e-01
-6.845325541016914483e-01
-1.210723787029184040e+00
-1.698361914469874057e+00
-2.220091221131113457e+00
-2.721755653601828584e+00
-2.728606401348382615e+00
-2.728606401348382615e+00
-2.608990142176206284e+00
-1.607233072195221713e+00
-1.012511308135231047e-01
8.294609465834035245e-01
7.797277737246186557e-01
2.567537015909386877e-01
-1.995726712564232230e-01
-2.424040006960014593e-01
6.639159799177962035e-03
7.079842187386981012e-02
-6.181655334157739462e-02
-1.907586560766936223e-01
-3.777380185224343823e-01
-4.617690812415156110e-01
-1.665372892946205274e-01
6.447802607883927617e-02
-1.980623574270668485e-01
-4.669456463801262003e-01
-1.733766725360208483e-01
5.251264090289976538e-01
1.083955477487529517e+00
1.059615191604942774e+00
3.071792956276844788e-01
-6.723506228607354362e-01
-1.112888760627989804e+00
-7.070246547782423896e-01
2.450775509690508724e-01
7.788289869665713239e-01
2.180670282325945786e-01
-5.578927763091927616e-01
-3.849788432399644522e-01
5.195688833700375930e-01
1.293320881742141770e+00
1.566489130584555411e+00
1.274968162618614675e+00
5.653691868996448822e-01
4.033641536653187476e-02
-1.453180135827917274e-01
-5.572334355579430243e-01
-1.293380523050365882e+00
-1.640682200757708875e+00
-1.188591767677021904e+00
-4.203736098047305414e-01
1.346903674354074099e-01
4.005178109211867121e-01
3.679503124249711710e-01
1.563546707938590630e-01
1.856271556413173485e-01
4.190122122841281604e-01
3.361709124102151280e-01
-1.371382190998223505e-01
-5.784737469187920533e-01
-7.117534905670257483e-01
-2.543954488053398189e-01
6.520246749189007041e-01
1.276056750098584214e+00
1.674743136442832236e+00
2.198657110275401116e+00
2.352631340494820034e+00
1.731607872793180292e+00
8.767349796305015097e-01
2.803450048125502025e-01
-3.083105883533029390e-01
-1.040525015148092036e+00
-1.561973503551834508e+00
-1.315362296290486288e+00
