5.228784866142993648e-01
1.069913051747357624e+00
1.211914409350158595e+00
9.548738566343794032e-01
5.897916211710110268e-01
3.922432492370269558e-02
-7.648347802737475165e-01
-1.336684223688682449e+00
-1.344224210317131574e+00
-1.344423317930213635e+00
-1.672564243016043672e+00
-2.032974161493473542e+00
-2.380156098916935470e+00
-2.584614048313499168e+00
-2.165905566639807933e+00
-1.098134739932908888e+00
4.356938114508230458e-02
4.730310426717780903e-01
-2.415625674925811137e-02
-8.741538498376451027e-01
-1.510526973143132112e+00
-1.744655962310861952e+00
-1.749900414547550742e+00
-1.751020828220706482e+00
-1.728264124992470840e+00
-1.563073199953227022e+00
-1.104243245291575137e+00
-2.472328068741224683e-01
6.708791673821817847e-01
1.069171668655697793e+00
7.567453015579490572e-01
2.030212400494669223e-01
-5.727854700073040789e-02
-3.048630571278270751e-01
-9.372240124227563252e-01
-1.245139577683292087e+00
-3.981674956027291823e-01
1.192196427385205704e+00
2.383855802213306063e+00
2.592231953700065983e+00
2.320998150467239007e+00
1.847101048549838476e+00
1.015584449872634076e+00
2.412344262605627399e-01
-1.018679232209160346e-01
-2.282413677405051022e-01
-4.335176594716639298e-01
-6.953311430091653200e-01
-5.562524660673070498e-01
6.353006784333725676e-02
4.386223605192325903e-01
2.825989493153819865e-01
-6.294454252495766677e-02
-1.065115307009531498e-02
6.577995489953144537e-01
1.031590935927847674e+00
4.035503396458743341e-01
-6.315965274198294122e-01
-1.243406487433709851e+00
-1.320310864360085157e+00
-1.117480966818566790e+00
-8.368032232266683357e-01
-4.850421348824211498e-01
4.704180253283402752e-02
3.983303866414500960e-01
3.078407376503541348e-01
2.097306662551708945e-01
2.973232934506077063e-01
3.952598038846218409e-01
5.923045786690506187e-01
7.513959222011187267e-01
7.242989233692711526e-01
6.807899086939473987e-01
3.182417401483803587e-01
-5.507730440474594147e-01
-1.060057819520516587e+00
-7.801616034836110769e-01
-3.911831384839738468e-01
-2.489968473068310817e-01
-1.851893608217572151e-01
-2.344907812518618739e-01
-3.426609736009151863e-01
-1.620876398800014939e-01
1.935278915836425306e-01
3.509996148837089547e-01
4.469819602739404374e-01
8.208741497284528510e-01
1.272337381814135915e+00
1.393794522692312965e+00
1.212918711524332949e+00
9.092005712884606572e-01
3.786243581425232652e-01
-5.609171771381750160e-01
-1.741175564263986564e+00
-2.518431125406265014e+00
-2.266410729531135537e+00
-1.258714655239477231e+00
-2.918581511369958137e-01
3.593808229450627389e-01
7.073527023693713112e-01
5.827292472048175576e-01
1.626083073931905987e-01
1.640613751711186841e-01
7.615292817892450605e-01
1.259922424768865845e+00
1.322917480006251756e+00
1.332773393831512720e+00
1.613799069627488203e+00
1.904781848682759016e+00
1.448081180442957416e+00
7.691855911676245827e-02
-1.431835104667947611e+00
-2.362655865529915022e+00
-2.187823210153420739e+00
-1.019251487563868297e+00
3.578405409911707830e-02
3.235802720722157910e-01
8.488379809766698203e-02
-3.831447408298325197e-01
-9.600100928012850199e-01
-1.321516353829876644e+00
-7.124403722841246012e-01
7.778410279547705031e-01
1.559584172870107865e+00
7.454350990457412340e-01
-4.003952543015781851e-01
-6.816919310621516459e-01
-5.217972137024956547e-01
-4.212972860570079470e-01
-3.322043835672940926e-01
-4.188725111619222008e-01
-6.030101128449467662e-01
-3.975659712078177255e-01
1.743994364863051330e-02
8.054959301700471974e-02
5.374189296660286663e-02
3.583416429343850296e-01
5.958675072540919881e-01
3.579834825436435386e-01
-1.968511867780123881e-01
-6.199255794219995508e-01
-7.629845184976778993e-01
-8.238096652836772726e-01
-7.253789006994834088e-01
-3.008994059270791444e-01
8.437453662772102791e-02
1.250194852263676604e-01
2.015026306389861299e-01
1.841843388588344510e-01
-1.447747388543237645e-01
-2.505091578973445837e-02
6.927114523519499745e-01
9.836144353982950728e-01
2.485652061898206977e-01
-7.496970632443105131e-01
-7.561118016378777229e-01
1.827834347512252433e-01
6.902766578949784959e-01
1.646964666307138281e-01
-4.361894550395684633e-01
-2.051947394772308253e-01
5.361724762319006743e-01
9.722198464917426453e-01
6.890789895332360970e-01
-3.728103372987406211e-02
-3.722801536475922601e-01
1.255501550594738391e-01
8.217559641487557354e-01
7.533224739587878194e-01
2.464420348770793301e-01
3.375662041327702756e-01
9.459852229309274607e-01
1.283465368497905823e+00
8.983574350753770199e-01
1.675497471624413370e-01
-4.521781062103906457e-02
5.624365393432056992e-01
1.424326565009837564e+00
1.926154678612734816e+00
1.945410231980548410e+00
1.519267543301862755e+00
8.885164913218798199e-01
4.846531657493209355e-01
5.273011203003854508e-01
6.230852874586458867e-01
1.059448787507440842e-01
-1.013804848661790547e+00
-1.780920314976564445e+00
-1.581632732213546388e+00
-1.064811770512188005e+00
-7.163305831396508117e-01
-9.581799367295983083e-02
8.221230930604809251e-01
1.353748860118233477e+00
1.207778932521244686e+00
7.723132222642471456e-01
5.593415351372141853e-01
7.082347766573949821e-01
9.268196256437669645e-01
7.331836882491956642e-01
3.932854712165776423e-01
9.127009697680706912e-01
1.444873830849925822e+00
1.591259220302538413e+00
1.282720346657353350e+00
1.032712857234656001e+00
9.498328095396524340e-01
7.147157215522023099e-01
5.542957143867268677e-01
8.520605962684854040e-01
1.196464011115588644e+00
9.668064532510125542e-01
4.134241799092590597e-01
4.349549197639453885e-02
-4.781332446620482068e-01
-1.564872602592960904e+00
-2.326469039523400895e+00
-1.784501000054953490e+00
-6.364673240877654070e-01
2.477059934642568129e-01
1.255720819426578982e+00
2.408505343283981137e+00
2.738503262695882512e+00
2.738503262695882512e+00
2.010264908562374941e+00
7.611441982981129728e-01
1.115216956990401770e-01
3.617402498363128660e-01
5.854781381847303789e-01
1.928591857372792887e-02
-7.309469647596016362e-01
-9.118015993925729923e-01
-7.168103088019612823e-01
-4.956446885643372990e-01
-2.134325218985249351e-01
1.356076590210851252e-01
5.119760779905809800e-01
7.172083695435527151e-01
5.781409525046217190e-01
4.911483473565019797e-01
5.258621322238695717e-01
2.529770196183211972e-01
-2.766839744550859681e-01
-6.510601202273055277e-01
-6.902549428319799674e-01
-4.949538780905446411e-01
-2.547652582317710412e-01
-5.889372816191837390e-02
5.000894006569366057e-02
-1.971767668041658483e-01
-9.067746477709817121e-01
-1.548605382257200791e+00
-1.411088756209500028e+00
-6.956091877867051076e-01
-2.639948862621775416e-01
-2.543907109076235518e-01
-5.028168324178092785e-01
-1.051249057933763664e+00
-1.418908978500030171e+00
-1.135027952135495344e+00
-4.988275884202026389e-01
-6.830756440483463920e-02
-1.327628559227220055e-02
-6.187162982154973540e-02
-1.095886214130885467e-01
-1.380975339743582830e-01
4.114902504716057285e-02
3.916058001031231250e-01
7.577988354481591804e-01
1.061520159880118275e+00
1.082799298256675424e+00
7.486922281122271317e-01
4.785501831764228942e-01
4.386877031480015399e-01
2.470400163488216672e-01
-1.209928273686071282e-01
-3.839102605040500271e-01
-3.160745840958274488e-01
2.520986070800478873e-01
8.446651748208978683e-01
5.147302728006593053e-01
-7.333038471255828306e-01
-1.649420314104331764e+00
-1.556654567238576758e+00
-1.124927912231295624e+00
-8.144688502715119460e-01
-3.750609859728497031e-01
-1.054787872701539314e-01
-5.529805288373081940e-01
-1.105364319360411240e+00
-8.324908192629701942e-01
9.440138169731374096e-02
8.174139763128969172e-01
9.904111326019023887e-01
1.064333789719853485e+00
1.208661992959115583e+00
1.075891356368722240e+00
5.755268207434444117e-01
-1.454194499948370869e-02
-6.159688305628381322e-01
-1.345161250262679298e+00
-1.831831208559211444e+00
-1.509730253560525037e+00
-6.890569187255850547e-01
-1.298430519232741942e-01
7.624444740157100553e-02
3.234905166431620294e-01
7.686275448092418916e-01
9.712933985451274177e-01
4.101400468591835935e-01
-5.579566338257128111e-01
-1.194344436564449774e+00
-1.440274268932013157e+00
-1.711083615253491841e+00
-1.937639927883437529e+00
-1.633931998187118761e+00
-7.501735696571150136e-01
4.240546723196932377e-01
1.410993490354424340e+00
1.574992088627563014e+00
1.028018434936586623e+00
4.689182410301163673e-01
9.335603528560758313e-02
-2.083989794495353376e-01
-4.933771478271700150e-01
-6.089015990520111332e-01
-3.086194862135087646e-01
1.550041479592859095e-01
2.504143991293812377e-01
-5.799529009445292260e-02
-3.040089715868145026e-01
-3.182575628097312204e-01
-1.593627743096606708e-01
2.375614853984391872e-01
6.552457143694999653e-01
7.394840167470070336e-01
3.840055144015900868e-01
-2.798600905157938579e-01
-5.231712663084957526e-01
1.435887249146209077e-01
1.245695795962480146e+00
2.178267014345790287e+00
2.579467198443055054e+00
2.265163457672613845e+00
1.518033623040394353e+00
6.811244354005833168e-01
-2.823439736000294964e-01
-1.001691633201568843e+00
-8.828822688946698083e-01
-2.680436589118674329e-01
1.254902980290937414e-02
-1.144360642562231578e-01
-3.278785850373783783e-01
-6.581954714284250496e-01
-8.996773342347827995e-01
-3.228061766486797213e-01
9.701150578773816147e-01
1.485476635652387856e+00
6.926882407982166701e-01
-4.208059023014295019e-01
-1.221823739431028066e+00
-1.431374342267846433e+00
-9.358602667378340678e-01
-3.754875572054275912e-01
-2.236876833870974357e-01
-3.757163850609086808e-02
3.071240571248192719e-01
2.345937329097326496e-01
-1.590214931626546535e-01
-2.008465617927061575e-01
1.807701695857476809e-01
4.491489599391735310e-01
5.309638388850446145e-02
-9.986528690504631323e-01
-2.050181511383821320e+00
-2.518019454212597985e+00
-2.268010880479202296e+00
-1.363055349260761551e+00
-5.079026878596329952e-01
-9.292943830156786822e-01
-2.369020290058650335e+00
-2.733897860769939125e+00
-1.417014378177914979e+00
-4.712982284919441101e-02
5.335427168177084845e-01
8.342415403432085208e-01
1.205711303370026188e+00
1.332830619189221411e+00
8.253343441475993192e-01
3.548948520346977276e-01
6.443783140697889600e-01
9.742901268236900947e-01
7.853149549254671014e-01
6.229159084633683063e-01
7.702016990472692060e-01
9.326789896196955310e-01
9.204347423214646051e-01
6.078239645994838458e-01
1.040842344234965133e-01
-1.308166422915251759e-01
3.918103111298829044e-01
2.228885832009831203e-01
-4.929823365590627060e-01
-1.038659411354063478e+00
-1.027340457418451036e+00
-8.441421496829853988e-01
-1.084839020275139454e+00
-1.475922650029425132e+00
-1.361870441857734759e+00
-1.042212026001817282e+00
-6.555264122120839643e-01
1.461932721506796484e-01
9.451636661336469958e-01
1.422745852590790339e+00
1.829486790911846850e+00
1.896300933964982782e+00
1.497815238619491840e+00
9.597484944714159694e-01
4.472572076734431246e-01
1.804970279242150699e-01
1.724601778055414036e-01
2.944893201054497034e-01
5.094648744916050465e-01
5.707693299215442773e-01
3.986329676214499518e-01
1.360626510332449135e-01
-3.291272936452107056e-01
-8.829437851731434250e-01
-8.589262420787858732e-01
-1.075248001901303874e-01
4.015166000634130539e-01
2.381157859612145072e-02
-6.140342537172392978e-01
-4.581380897984023148e-01
7.867524704887980391e-01
2.100474341504078524e+00
2.258357981861058850e+00
1.432115138535067222e+00
5.902660686094693965e-01
-2.023223360544020022e-02
-8.532785803520542833e-01
-1.812609106874321530e+00
-1.943425135176807927e+00
-1.197446494751116974e+00
-5.934909615298683550e-01
-2.990314444706270169e-01
1.769381459844187043e-01
5.129585229956107328e-01
1.824369602984488303e-01
-5.249851266756501156e-01
-1.071151174476122181e+00
-1.108677350513541215e+00
-3.390177752608022343e-01
7.697369330670175147e-01
1.398532792176164330e+00
1.529324467644083585e+00
1.354936260658616387e+00
1.121430119435916417e+00
1.365529809725778421e+00
1.833936481107122818e+00
1.512307327146300562e+00
5.359196801859030801e-01
9.241349820931513137e-02
3.520278945951042515e-01
6.004038359029418848e-01
7.758913938086258177e-01
1.134785676629546325e+00
1.378523613984220741e+00
8.320509240063292955e-01
-5.909569487845476310e-01
-2.089827503984281964e+00
-2.688278825443194187e+00
-1.942515620101506579e+00
-3.903735584027889227e-01
9.340002643657833170e-01
1.346198548555735730e+00
9.851325068366414417e-01
7.942448716225245509e-01
1.058253258830673227e+00
1.081522853106890558e+00
7.044192862661221577e-01
4.696309641311071509e-02
-9.304646925457461526e-01
-1.779132352407816420e+00
-2.083994592280636660e+00
-1.944540791859678430e+00
-1.532767281563418793e+00
-9.193490419279370940e-01
-2.063053593794218765e-01
2.108440766929968457e-01
2.928220741085425516e-01
5.469822409506361893e-01
8.524808583476967128e-01
5.679182719623045994e-01
-3.385590069099693178e-01
-1.118645998024707877e+00
-1.326853537838015740e+00
-1.499404614513264011e+00
-1.672050685627588740e+00
-1.064767660384654313e+00
-8.408349375240724288e-02
-1.495699229574881106e-01
-1.377403271939280360e+00
-2.508715312357554073e+00
-2.719968467748581809e+00
-2.059766090859026288e+00
-7.891479007222511610e-01
2.556515830859203576e-03
-3.976908553764081367e-01
-1.223451172042178792e+00
-1.431943762412722254e+00
-1.155649110907037258e+00
-7.122416332591932076e-01
-9.585635518335373917e-02
4.641472539325497970e-01
6.283040311223435648e-01
3.897688659607950190e-01
1.463514252715329422e-01
1.504582653035451412e-01
8.366724204813204280e-02
-3.047335552154210592e-01
-4.561977208679815488e-01
9.310390808478178487e-03
4.842539704356250696e-01
3.967018143253382423e-01
9.199093223110142714e-02
3.974541847008103979e-01
1.305339212556654083e+00
1.987638929893548623e+00
2.012467740938132188e+00
1.529639388325803040e+00
7.320639964494498608e-01
1.020927082318806023e-01
-5.498292898577768206e-02
-2.061950944682630626e-01
-4.312475218067858274e-01
-2.067497794761036789e-01
2.145709365691530479e-01
3.201303967757772595e-01
1.431133646510179269e-01
-3.072722971631351441e-01
-6.093822043114019982e-01
-1.761613890793734538e-01
3.709683067171542503e-01
2.003329180269720622e-01
-1.140039068006761525e-01
2.643174167933598495e-01
1.010324113568759286e+00
1.310914868145732548e+00
9.792276420837416895e-01
4.011000671981980181e-01
-1.840326015680286698e-01
-6.010578014050059759e-01
-7.080542724763727591e-01
-5.787194637236807715e-01
-2.517727171896796956e-01
4.896996647543139236e-02
-9.503642468615086658e-02
-5.445906033852182526e-01
-6.392626218178664166e-01
-2.933017244789631328e-01
1.884726864845731042e-01
8.155154893398360860e-01
1.427694464929424534e+00
1.550055227346451847e+00
1.094825972203220976e+00
6.972495681873219775e-01
6.823379833669412919e-01
3.584480356132573875e-01
-3.726133243333310530e-01
-7.092504946649387243e-01
-1.815939363344399593e-01
1.073488562753838638e+00
1.927010734730588926e+00
1.260364925775757872e+00
-1.428896297567323892e-01
-7.937626930569169348e-01
-5.481925747579443620e-01
8.967191512636456252e-02
8.203261103638685992e-01
1.036983293988790189e+00
5.850621600131349354e-01
1.699566747265284228e-01
-2.141010567492989680e-01
-9.671288425036913550e-01
-1.622891029601037038e+00
-1.563084663178293532e+00
-1.062908865323844321e+00
-7.742565908687221166e-01
-7.098450628479432423e-01
-5.680463792719917526e-01
-2.827139861766536089e-01
-3.515754216197317789e-02
-1.687211333041039318e-01
-5.458008582195782443e-01
-6.250730994948547892e-01
-1.650079943644350566e-01
6.537471386827776731e-01
1.339433351734818256e+00
1.231835975284577112e+00
1.892329696467436595e-01
-2.024671421479887212e-01
-6.931997155978018021e-01
-5.380367894696821418e-01
-1.019835195213640161e-01
-2.055245844879056705e-01
-6.280232189540001508e-01
-5.675797245370917121e-01
1.244579900656374583e-01
9.279258044088363189e-01
1.322686168159119324e+00
1.159579930001259029e+00
6.329661872742394779e-01
1.889123741199870143e-01
2.244222078675408849e-01
4.149981428033884256e-01
-4.938483647894890277e-02
-8.533960709231608321e-01
-1.041805213864746227e+00
-9.037873194761748552e-01
-1.124914623835750138e+00
-1.494269212697597382e+00
-1.409271430928915603e+00
-5.125486121730077338e-01
6.436787848601340789e-01
8.268483762579708074e-01
-1.837657951802546819e-01
-1.232313365521825688e+00
-1.441987701255347476e+00
-1.052818213405714687e+00
-3.647940651383316246e-01
5.695323767742102028e-01
1.215848681877045756e+00
9.885953241808805858e-01
3.161535165072825726e-01
2.564600698634502893e-02
-2.000083233932153579e-02
-6.070483578300474026e-01
-1.594556314157177690e+00
-1.769986689538552982e+00
-8.197006866074992848e-01
1.705430061768306027e-01
2.836051775882572068e-01
-2.284576509814624512e-01
-3.514684776492948415e-01
3.101905428984354507e-01
1.047415529343122209e+00
9.290678721030791731e-01
1.413084333544711579e-01
-4.960205111220777896e-01
-9.452619833805067096e-01
-1.403650308989493611e+00
-1.685711963897343013e+00
-1.395647580005479504e+00
-5.708408472772955600e-01
-7.337451569455714917e-02
-1.609139986691259516e-01
-2.529021027592066040e-01
-1.392444843509762498e-01
2.491149107666755236e-01
1.133163592048619384e+00
2.114304418296245380e+00
2.202852111376598199e+00
1.106221813563222467e+00
-2.295017559358305259e-01
-4.586175235635938652e-01
2.043413914990976354e-01
1.807365928948818090e-01
-7.197217840903452624e-01
-1.348339583294920541e+00
-1.144064280479354379e+00
-5.800429496026942022e-01
-3.723147346691140780e-01
-6.349308067784813492e-01
-8.439655456017899349e-01
-7.405581550248054867e-01
-4.983436050966982278e-01
-3.131691125144682175e-01
-1.722101505668596766e-01
5.444527737018788754e-02
2.258170205058429858e-01
1.490532904889727561e-01
-5.976897982084618602e-03
1.602553728197715077e-01
7.222731233635681924e-01
1.118896001693424180e+00
1.019890240741628817e+00
9.367874434270131445e-01
9.495982553709505503e-01
5.774103405830858238e-01
-2.604547270558835517e-02
-4.020459300429868321e-01
-3.647813963995998332e-01
6.112481161241411359e-02
4.170559621548582396e-01
3.318137900098934168e-01
-3.423472520248633556e-03
-2.171955874130210018e-01
-5.509939905433784528e-03
4.585176526259186480e-01
6.323693825086661446e-01
3.920774855901142941e-01
2.514377907298542270e-01
7.296192646461373554e-01
1.648772397502157316e+00
2.361833724104256405e+00
2.504631116072957742e+00
2.039477492741269327e+00
9.062621601899601975e-01
-3.277042681533593460e-01
-4.731721835969109891e-01
2.879165594641113213e-01
7.682711421372150351e-01
8.143478302081719189e-01
5.181708279287290386e-01
-5.989919103204659478e-01
-2.195191165241801023e+00
-2.755537745546519979e+00
-1.938284230923786655e+00
-1.100399841218437258e+00
-1.089878294456378294e+00
-1.454145382560658284e+00
-1.637749192549080801e+00
-1.792699007725714999e+00
-1.846520036683706678e+00
-1.040849827307623654e+00
2.392517004990297458e-01
6.686144721869963226e-01
2.308861466637295301e-01
-2.060029303302213233e-01
-3.363000246980940577e-01
-4.407616945192738833e-01
-7.084109223340518957e-01
-7.874692579867310638e-01
-4.560566343969338354e-01
8.469693503069068707e-02
4.806270092455149356e-01
4.406450276174875280e-01
1.469833466631708177e-02
-5.262585395978955916e-01
-9.659379014116016293e-01
-1.129906934307621569e+00
-8.017080492140595815e-01
-9.126279079968716013e-02
4.384665394318474907e-01
5.512575543032294245e-01
4.595353826972122802e-01
1.730484868489626238e-01
1.177688757903251754e-01
9.006109374044889426e-01
1.675134180089858482e+00
1.275694352753084404e+00
3.004094632616289284e-01
1.790796616919900219e-01
9.389990736104910640e-01
1.326136303049668008e+00
1.026899309345082223e+00
6.512170569146056298e-01
4.304809878955751512e-01
5.017116268458758910e-01
8.673300122271709878e-01
9.432983510743760958e-01
4.997282245854796634e-01
-6.915384084359409329e-03
-2.938332879109081253e-01
-7.151504492664176316e-02
8.692387353309485309e-01
1.800462614388737226e+00
1.941164632415523172e+00
1.317244796723066269e+00
1.785848930836494153e-01
-9.602665277101660735e-01
-1.657931059577063770e+00
-2.261929375461922742e+00
-2.755537745546519979e+00
-2.755537745546519979e+00
-2.739430377827245522e+00
-1.405591863096321337e+00
5.115323198554699857e-02
7.774030774511603292e-01
5.386864864174419898e-01
1.733504927464676881e-02
-3.204071197547765926e-01
-5.926732681183234375e-01
-5.405720775222513375e-01
-4.455336933084185630e-02
2.636723608036141697e-01
3.165429978831729163e-01
5.999361865445161923e-01
8.272107216017915432e-01
6.017686777465587333e-01
2.817837942492971703e-01
2.909629466081185556e-01
8.040078315342247262e-01
1.521827772708101323e+00
1.757695375817392547e+00
1.586838118673498332e+00
1.623228451110898307e+00
1.763564409144742440e+00
1.276294999808770703e+00
-6.251146962133778684e-02
-3.131014868816935776e-02
3.263144890827699429e-01
5.643849802180783692e-01
1.298745248177143041e-01
-6.175685442356683152e-01
-1.025824897200079189e+00
-1.037182190807708349e+00
-6.739018583656372074e-01
2.576030126868011361e-01
1.165723857564348043e+00
1.141435919670847676e+00
2.720149764537785342e-01
-6.049703127484635790e-01
-1.184636062922925559e+00
-1.391752736240745136e+00
-5.207116274459399063e-01
1.056671357886882490e+00
1.682498664788235399e+00
1.083610241390843498e+00
4.175834157257214407e-01
1.297752374696522215e-01
-4.241182371317781669e-03
-1.281986671610538253e-01
-1.943569942775263959e-01
2.690980231475155748e-01
1.367076916594493596e+00
2.396868204964512916e+00
2.644132806226382915e+00
1.934954361349275898e+00
7.891782985811504059e-01
2.173787638934038605e-02
-8.953074595092334886e-02
1.745741352999905238e-01
2.377415345404348956e-01
-1.984964099775443358e-01
-8.114052202245134460e-01
-1.262632361653693414e+00
-1.207200846466136124e+00
-4.117170928727401646e-01
6.328138128534436246e-01
1.120863402181386581e+00
8.095810055329764054e-01
2.722959529106245835e-01
1.133932575780555868e-01
2.191460550269198060e-01
5.403829529766991380e-01
1.271490991484706568e+00
1.827585409193033916e+00
1.764104188019419261e+00
1.565604474113591715e+00
1.562566545668022222e+00
1.556711688150405282e+00
1.249982319300401601e+00
4.721064660769092036e-01
-3.090818333789872585e-01
-4.666193711439025615e-01
-1.881075346591075947e-01
2.433167702842829461e-01
6.713223427190168069e-01
7.749221524222092983e-01
6.576753985103727107e-01
5.240716993758758324e-01
2.428178052032370915e-01
5.699191490661162894e-03
2.285796029139454955e-01
6.622020309352256717e-01
7.487467476053506488e-01
3.994219393900768633e-01
-3.074796798959285593e-01
-1.131114821924126712e+00
-1.589747097235780338e+00
-1.477459618824862764e+00
-1.027488785380972436e+00
-4.676692960137753818e-01
2.346083882258580278e-01
8.918379058839904783e-01
1.178536242069404105e+00
1.027826561041493836e+00
7.308077389018898806e-01
5.441094660336536215e-01
2.469967221000259339e-01
-4.164867542722857641e-01
-1.174851827659779246e+00
-1.635177549454635004e+00
-1.800339106057230909e+00
-1.517374010019940433e+00
-5.193214016019594981e-01
6.876408541808310959e-01
1.188559572504264805e+00
9.185677617984748800e-01
5.210877578896930817e-01
2.153636147848078108e-01
-2.917290309980148932e-01
-9.499412868618797301e-01
-1.176371419034081933e+00
-7.823594969109993746e-01
-2.270446770094757816e-01
1.485136322831278333e-01
2.534887388652738438e-01
-2.269611572223097229e-01
-1.205841472977113416e+00
-1.966842137654483569e+00
-2.066875480489192007e+00
-1.745016026056938063e+00
-1.631519105899296607e+00
-1.703901747020757584e+00
-1.541757670638578936e+00
-1.294905188466462187e+00
-7.746251234991777812e-01
3.548155315262107035e-01
1.295024732692594771e+00
1.117466584983812350e+00
4.273229024820115463e-01
4.572051167587539156e-01
1.053728730426282345e+00
1.415064554281515008e+00
1.374218264054003935e+00
7.986408167905502120e-01
-2.117229700971123285e-01
-8.627904293287171900e-01
-7.756789127709745602e-01
-4.008982037233156381e-01
-2.439454696183409876e-01
-2.864590515529089609e-01
-1.563103316807486487e-01
1.414367012950535074e-01
-3.948878723459316176e-02
-9.091995502331604584e-01
-1.422406567976361114e+00
-9.440682002102004367e-01
-4.014760670280907995e-01
-5.874849905031783726e-01
-8.947870120213472500e-01
-3.599076979479984839e-01
9.695504215883673504e-01
1.943646510548349582e+00
1.805149812395751452e+00
1.257961125360141041e+00
1.070419227730725176e+00
9.189479876497755884e-01
7.052334506244994916e-01
9.204276547898767591e-01
1.230158836642577302e+00
9.242335480893305588e-01
3.848904130024100034e-01
3.513766101160168409e-01
7.737585934259356701e-01
1.258013398187616483e+00
1.304514096151921265e+00
6.731245180742677636e-01
3.387139091339686631e-02
-2.288366774796165293e-01
-7.059065143874869719e-01
-1.466362738783017816e+00
-1.816633641590239101e+00
-1.331525078827382469e+00
-3.802871427549463501e-01
1.484418737798924026e-01
-8.526127338747568896e-02
-6.944789614865499727e-01
-1.264695624383362693e+00
-1.168673491291083222e+00
-1.505037828476604722e-01
8.349741174956590850e-01
9.256272026979982526e-01
5.152891805319410601e-01
6.107584684134013120e-01
1.383630025359515292e+00
1.970085953562526804e+00
1.711444310972422223e+00
8.419259492816095758e-01
-1.158951110966672526e-01
-8.996275438518415157e-01
-1.336648832644636187e+00
-1.540764125276637531e+00
-1.723457777876735486e+00
-1.734419991450963927e+00
-1.433066089978284996e+00
-1.084706750614335524e+00
-1.019441442337211123e+00
-9.616335501876283054e-01
-3.497853299240634151e-01
4.813713934107498593e-01
4.687160496587683411e-01
-6.430214886078955416e-01
-1.805035187597116009e+00
-1.982800889891891405e+00
-1.193488460225330394e+00
-3.053845650520704003e-01
-7.139757883867192678e-02
-2.238320013231486494e-01
-6.289524326468950988e-02
1.513379672950082855e-01
-2.328540035397946573e-01
-9.014700441940153297e-01
-1.081042396894654534e+00
-6.542764869890331791e-01
-2.422101796404475468e-02
2.511081398917351382e-01
9.023453977634628975e-01
1.506120587794379739e+00
1.422151255845903295e+00
5.583266184317715597e-01
-4.819456012852751936e-01
-6.136660366893751384e-01
3.018595992649241166e-01
1.203327262732265979e+00
1.555458666560896708e+00
1.431360648618323683e+00
8.289921174597281173e-01
8.960798183685456109e-02
-2.250461907227963299e-01
-9.979918598338050062e-02
-1.621146303781832720e-01
-7.923147298735349064e-01
-1.758203332635051019e+00
-2.455547271655824204e+00
-2.294131403815192982e+00
-1.463228165565829020e+00
-5.407294079042276325e-01
2.966823113423818770e-01
1.031828263950877345e+00
1.351932804770875407e+00
1.053137226526548842e+00
5.384743480316629416e-01
2.985890508582007552e-01
1.943858573085791019e-01
-1.679592287213191870e-01
-8.294700413446173259e-01
-1.568924797142301708e+00
-1.905295238174576244e+00
-1.449740357405259195e+00
-5.612247466599274981e-01
1.208675641886494817e-01
4.198637716782115392e-01
6.402406933937866418e-01
1.064772689281291207e+00
1.462054099171809618e+00
1.646427324342782050e+00
1.698695131314194695e+00
1.381544779803685064e+00
5.332027940789160203e-01
-3.432319277292710247e-01
-7.051155717207729934e-01
-5.735731085119859518e-01
-1.706645211726082467e-01
2.471208016006012642e-01
3.796703252175150367e-01
2.506097161385158478e-01
2.872797938774542814e-01
6.035025264304273440e-01
6.078288101181172909e-01
-1.721359591278914525e-01
-1.281643468974165367e+00
-1.560976064493224902e+00
-6.693240198815857411e-01
2.277462419069756216e-01
2.033931276799929577e-01
-1.666432746260512743e-01
-5.808342863106791265e-02
3.207227388116905553e-01
5.197863982384643977e-01
5.792723010375891990e-01
5.495947448577876981e-01
5.398888949477472776e-01
8.051409114161049985e-01
1.460553401765286141e+00
2.335006940616935811e+00
2.722531504715997919e+00
2.482556330898541663e+00
1.573623311618173926e+00
6.528534969591708315e-01
1.844039472729916695e-01
2.775577782281954398e-01
5.099895598531419827e-01
5.176765419947803037e-01
2.274612272561162551e-01
-2.007230445400014773e-01
-2.579891706227686599e-01
7.891899904489804718e-02
5.226312310530539101e-02
-4.796952644720263725e-01
-8.062165529797529206e-01
-5.360666698554923393e-01
-1.658231440817733715e-01
-1.171358689920168339e-01
4.320863759216566485e-02
5.043593500161888121e-01
8.154880701949184241e-01
9.434841140786544011e-01
8.892264901560633650e-01
4.452019868687405180e-01
-1.999529185472807141e-02
-2.602489662438464690e-01
-4.395424001250471946e-01
-3.367799248702220694e-01
-1.971254413606678482e-02
-1.037824810384886248e-01
-3.387029591110919946e-01
-7.904324445258970044e-02
2.568139371845871710e-01
-8.881845343510001711e-02
-8.983892466440602798e-01
-1.601477808784198986e+00
-2.093269654027864135e+00
-2.271303068401839820e+00
-2.226078549791731920e+00
-2.255420226816617024e+00
-2.111183840994464767e+00
-1.290706982191149210e+00
-8.438709322333341756e-02
3.776836994548792292e-01
-3.872397577064818353e-01
-1.176924582259559093e+00
-8.429656981730843102e-01
3.543472980077665146e-02
3.709529574811312180e-01
7.469336045201067920e-02
-1.270604090207597403e-01
8.979240631550093610e-02
1.517344446188582663e-01
-3.371667776192096566e-01
-9.307282491836865734e-01
-1.232170472591059607e+00
-1.240025931749943133e+00
-8.812077905607534900e-01
-3.862319015953640799e-01
-4.007924460376213194e-01
-9.147085679798304669e-01
-1.168759277540947217e+00
-6.498450767743307877e-01
2.944291160969019217e-01
6.977478379859944901e-01
3.248654548947715881e-01
-1.915702582044290780e-01
-5.799646600022476672e-01
-9.547303169953066382e-01
-1.177684478334554141e+00
-9.331389447384371705e-01
-2.241850492011406015e-01
3.201905858416694839e-01
1.712411036392492980e-01
-1.561622859146783449e-01
-5.525274846518479777e-02
3.042631555920538022e-01
6.836480992966190717e-01
8.920205283562293586e-01
7.311614606093241875e-01
5.147994444712702400e-01
5.189764196442919753e-01
6.654314476411246071e-01
1.004535040693750991e+00
1.270636053490012074e+00
1.003816495282579657e+00
3.221467624935713814e-01
-3.169652562535707485e-01
-6.197656133418824043e-01
-5.673628696696247919e-01
-2.710224302587332934e-01
2.212644725295410952e-01
9.875551015999570748e-01
1.797241143266140817e+00
1.759934047495550269e+00
5.706159558004062493e-01
-9.037187974941676138e-01
-2.027251781471308245e+00
-2.592415682711154634e+00
-2.179800172347553744e+00
-9.397341941862187298e-01
-4.906449319409381116e-02
-4.657105327962554053e-01
-1.461695498192993048e+00
-1.650732819366656834e+00
-1.081186286859859624e+00
-6.173197909284753315e-01
-5.657917231221377685e-01
-5.950985092040605995e-01
-4.241416612806774289e-01
-3.771107685650484931e-01
-5.440649387261242698e-01
-4.551038819648949296e-01
1.179638468778363564e-01
7.210532703473130356e-01
9.280409840911135744e-01
8.036008853884665237e-01
6.736886354770337260e-01
6.485688897687559296e-01
4.165090112689600610e-01
-1.566418520979526718e-01
-7.996660040246440504e-01
-8.060840946888706560e-01
2.025565266035754264e-01
1.491265082088740979e+00
2.046768999778989517e+00
1.891397656895887458e+00
1.804379584308478890e+00
1.707907617025675506e+00
1.046786144774605631e+00
2.849061083167412911e-01
-8.951545116694050730e-01
-1.406250199136381607e+00
-1.348222920688344040e+00
-1.058954905757802711e+00
-7.542889876918036363e-01
-4.508626838233544820e-01
-9.186664875636105232e-02
2.976012743725838239e-01
7.048933299497048832e-01
9.075876994925811125e-01
5.652987167945046076e-01
5.285093443549705033e-02
-2.517794582779067300e-02
1.656878311182939656e-01
1.331000070964326876e-01
-1.139211626822434972e-02
1.529709291694465179e-01
4.692384472096627901e-01
3.809382664516265948e-01
-1.782580535097224583e-01
-6.624358868541124767e-01
-4.447060148753297359e-01
4.217592992890054626e-01
1.146858160912773705e+00
1.293922601710783660e+00
1.358046634904965355e+00
1.610335766509459310e+00
1.659756161194269053e+00
1.372658823278461560e+00
9.751438057204964149e-01
8.391429063791151499e-01
1.029554258960229340e+00
8.645446123506437264e-01
4.717553551062202838e-02
-4.822879838524435914e-01
-2.418565726336267818e-01
4.839367829697839574e-02
5.294624395452607324e-02
3.430369852715577789e-02
4.527944016052135728e-02
1.625818556701946194e-01
4.365254158714798050e-01
5.038056604425262819e-01
1.970798059242010736e-01
-2.197133446842951809e-01
-2.863340409950284604e-01
1.692852771456070105e-01
5.605315412690710097e-01
4.378175432185461013e-01
3.508109057989996504e-01
8.905883636885774113e-01
1.414391297621624410e+00
1.130306561118971542e+00
3.858717721769747144e-01
-1.412941497921688661e-01
-1.243452474488898618e-01
2.974832920432748939e-01
4.768118246860098552e-01
8.626970717094582797e-03
-7.316252546330810347e-01
-1.096139543721999621e+00
-9.206306935771545463e-01
-4.399978083682033470e-01
1.589300918494163106e-01
1.017877925131616124e+00
2.220957834351998450e+00
2.722888518441594741e+00
2.188591743237622289e+00
1.130880061943596360e+00
3.446824913946261448e-01
-2.839750503535419246e-01
-7.523760230565527118e-01
-8.347060614843070381e-01
-5.967594240765198288e-01
-5.676883231152929365e-01
-1.028182935646443363e+00
-1.637253542554205854e+00
-1.993521834187299557e+00
-1.747250758246720936e+00
-1.053101483933528648e+00
-7.908247588336503320e-01
-8.996147764846285089e-01
-4.501226259683379083e-01
2.287700338332950278e-01
3.021368508411865217e-01
1.365095535107973754e-02
-1.714402144287112129e-01
-2.376516271496847410e-01
-3.214678623520895728e-01
-6.205265739837562133e-01
-1.008944521370006120e+00
-1.172905721396517054e+00
-8.532630800597224008e-01
1.846144026099002800e-01
1.545202866612801706e+00
2.233117264916510081e+00
1.812386736912218188e+00
8.846428539664215052e-01
7.087819447042971455e-02
-4.054258701622600602e-01
-3.582769609344465533e-01
2.101636336114960091e-01
6.799226591726262869e-01
5.296251061478727262e-01
2.058599935311251905e-01
1.646439575998503990e-01
1.944682559307301106e-01
8.699326795257139588e-02
2.988991288967042248e-01
1.119574214942987256e+00
1.851575678286188076e+00
1.799917909097172863e+00
9.904886503991241486e-01
-1.751941797433112236e-01
-1.139983584271823558e+00
-1.383422135823733079e+00
-1.059162931238901706e+00
-6.224955351114093149e-01
-1.714069164630250761e-02
6.429909019438462270e-01
1.044199053297192537e+00
1.273092687841740345e+00
1.175147562464893491e+00
2.949406116755780016e-01
-1.034650605608055551e+00
-2.063933724341410425e+00
-2.536528705522430815e+00
-2.423539711011367004e+00
-1.777821618745169641e+00
-1.037219542710164255e+00
-5.770290988963447942e-01
-6.062419197861264319e-02
5.091649790641401552e-01
3.947138631052941604e-01
-1.312498415579559097e-01
1.013777333220168414e-01
1.173104388608336546e+00
1.511394370269303122e+00
1.426059405508142974e-01
-1.237310194086923332e+00
-1.057609593489123201e+00
-5.236935075369645448e-02
6.695084343186189502e-01
8.259820016403285337e-01
6.289327099068091620e-01
2.987837882824983526e-01
-8.142530509123103305e-03
-6.219240223279252217e-02
-3.089161611407932259e-02
-1.131812070574390594e-01
1.107149668731687159e-01
9.515758258734140496e-01
1.960405263887463168e+00
2.405850445223135736e+00
1.973046149004164640e+00
9.656517281464708224e-01
2.048521477067953567e-02
-4.862264979702524692e-01
-6.451056748090864268e-01
-5.850455926696058739e-01
-3.618972413145799538e-01
-4.122800457208124492e-01
-1.115763050396212153e+00
-1.881826066815625254e+00
-2.002517840878274225e+00
-1.661871551700973448e+00
-1.190355073536562447e+00
-6.929223588331331340e-01
-3.182513065450358059e-01
-6.993801122331230746e-02
-7.544518851725033615e-02
-4.747317767445841108e-01
-8.658866627053847242e-01
-5.997360680832870550e-01
3.249744554829014920e-01
1.347248438148846095e+00
2.134806787786095672e+00
2.223235048167915284e+00
1.377662333480708767e+00
4.982106405911675417e-01
3.394756913695800016e-01
5.062527484710916958e-01
4.315299864675493091e-01
-1.185203116011453173e-01
-9.648147520296360691e-01
-1.678455090712730247e+00
-1.790468940990274982e+00
-1.130956636556828876e+00
-3.600867304010786363e-01
-3.811681262704794126e-01
-1.052857198666834471e+00
-1.198145240736078421e+00
-4.549035601236958715e-01
9.257681459389292822e-02
-2.655843829607333895e-01
-9.804833787873022954e-01
-1.375592603244725654e+00
-1.501478082977245831e+00
-1.498002892731403080e+00
-1.004403523157831435e+00
-6.476762997693993884e-02
-4.974481028778578451e-01
-6.850510152801715380e-01
-4.870772483489672622e-01
-3.647575083058481882e-01
-2.493685298176639420e-01
3.096920470976159967e-01
1.367151197161558418e+00
2.129052542353653266e+00
1.566353331382862590e+00
-1.457547228245922311e-01
-1.800832709022982314e+00
-2.316631464898033066e+00
-1.634920325619486192e+00
-8.203792206717266389e-01
-5.134691855020133699e-01
-4.692645023833959539e-01
-3.429770360925989969e-01
6.760146806385747102e-03
2.035629836367313927e-01
-3.150492407474066447e-01
-1.238545690617080863e+00
-1.433852354357284753e+00
-5.485962456209539928e-01
5.420752720269550462e-01
9.810950649025987902e-01
7.234632711889117385e-01
3.443165928137361664e-01
1.989431649745354025e-01
-8.038865847916958074e-02
-7.084047425862100011e-01
-1.157117175688279209e+00
-1.048120252931791452e+00
-6.851984805993396321e-01
-2.929227491206025658e-01
3.333046560383966517e-01
9.522083229399813664e-01
1.000572290432918177e+00
6.257046745973728896e-01
3.517113152040164392e-01
4.762421121194670981e-01
8.314111966127646358e-01
1.042138298816518649e+00
1.204816474638171986e+00
1.424100976599588453e+00
1.368465045571151339e+00
1.108235567573073954e+00
9.690605433650788525e-01
7.749741062681512194e-01
3.951333481890666466e-01
1.689329929024262489e-01
4.020968485553029770e-01
9.110386297328005867e-01
1.194906781625353576e+00
7.776825748543161332e-01
-1.694764626854327605e-01
-7.368981928816780158e-01
-3.733582449239535306e-01
5.162252890919328818e-01
1.283750798821336803e+00
1.619873704110333046e+00
1.481529190268844332e+00
9.559659387705029543e-01
4.309063523379741967e-01
3.834392245427485912e-01
6.168172694580117410e-01
5.892618072635836812e-01
2.527106245270315243e-01
-5.884035143236214516e-02
-5.317209296558438048e-02
2.339262957145417932e-01
3.780386999647510904e-01
1.049462269802805547e-01
-4.225042279018163816e-02
3.216304340987407584e-01
3.774912670051162045e-01
-3.509895884314960801e-01
-1.130098507072149205e+00
-1.454410099483471219e+00
-1.515256178881856153e+00
-1.229628541405478392e+00
-5.569016090947901398e-01
1.879367392659457917e-02
3.735047043491850904e-01
5.048808048154850292e-01
3.545981435807822879e-01
1.533108549897032324e-01
4.767549655511778978e-02
7.490586267309326529e-02
1.634472408400688415e-01
1.504026764663381199e-02
-2.768785072141319303e-01
-2.433695379483120369e-01
1.524931009554275907e-01
5.372270375583714230e-01
6.159940585153028669e-01
5.904114252228395143e-01
8.066423170592508241e-01
1.263688734748600107e+00
1.453040906509804664e+00
8.814149710043698294e-01
-9.179946856330568894e-02
-7.019763130071333679e-01
-6.781388987799260581e-01
-4.186708543304799024e-01
-4.701172409557237697e-01
-7.480974932460335847e-01
-7.538735211915960077e-01
-2.682976533070368097e-01
3.384882652533200975e-01
5.582936871599591955e-01
2.437820288085121856e-01
-5.082978700911268133e-01
-1.271471346062597707e+00
-1.705166051014695539e+00
-1.805977262408785533e+00
-1.451549887863312627e+00
-8.182645895311859707e-01
-5.041537348489402159e-01
-5.428422859635990694e-01
-6.149139755777591754e-01
-7.867260766507238046e-01
-1.005673429071239022e+00
-9.439812912139349255e-01
-4.500050665912204151e-01
2.253325420694957948e-01
7.930328357808885675e-01
1.347243863080276105e+00
1.844838490938801367e+00
1.856579208637453959e+00
1.150106868418339090e+00
-2.805297801700817883e-01
-1.735563143673206188e+00
-2.058436308665190229e+00
-1.292694267685480458e+00
-3.412285784541719824e-01
7.681448903441413789e-02
-2.417770560073810304e-01
-8.453461987263861666e-01
-1.360609790795311191e+00
-1.651791872998435773e+00
-1.732947237124692785e+00
-1.693012964825685973e+00
-1.363545900851330872e+00
-9.431418884220346133e-01
-8.766123695831015139e-01
-7.802310677047393783e-01
-1.379551646663268460e-01
4.997966590505379947e-01
4.685664291351105959e-01
3.804741234849300380e-01
9.109269794916518004e-01
1.479332083494336869e+00
1.340031780236246917e+00
4.694909625799418285e-01
-2.987532290161970527e-01
-9.774242110555511620e-02
7.948457606974150824e-01
1.620915865809525069e+00
1.822812255502069601e+00
1.356031103400636040e+00
8.055933568969743108e-01
2.377830151581968865e-01
-6.727628263766881611e-01
-1.530093199310593732e+00
-1.824035952264096982e+00
-1.861168172874757998e+00
-1.943234568809877549e+00
-1.732771942535981324e+00
-9.514896324040854614e-01
2.022722824498440208e-01
1.031443384416222964e+00
9.598167152435285177e-01
4.058716904335833431e-01
2.238883874613512709e-02
-2.847130749433616215e-01
-8.181742767662650850e-01
-1.192706765582310480e+00
-1.094227758460977640e+00
-7.625922044432524860e-01
-3.306382000604387028e-01
2.940415804442714776e-01
1.037638373432801409e+00
1.429890334005703645e+00
1.316831572028219544e+00
1.186788376802288214e+00
1.499977322062412632e+00
2.227696775601090362e+00
2.622735818309215095e+00
2.168850017732170343e+00
1.407530930277691272e+00
4.879636620004838554e-01
-9.964422561046273330e-01
-2.152168421348129801e+00
-1.735666994810877606e+00
-5.018010005154549535e-01
1.532398791346062938e-01
9.810481583452207791e-03
-3.022429846574472001e-01
-2.734188711144177053e-01
