-2.791435164205449682e-01
4.843303934891330376e-01
1.580749862490923086e+00
2.081223165640530226e+00
2.018466508677343896e+00
1.603993519031103432e+00
7.738803816375797728e-01
-2.908706771911174008e-02
-3.856338398810492119e-01
-4.887890889716377529e-01
-3.183700096465639784e-01
2.591324897129508864e-01
8.334276556882911358e-01
8.744740170435874038e-01
3.463768775991476478e-01
-2.870500434886708585e-01
-4.628030976139030916e-01
-2.976244962161667118e-01
-4.244507831991291003e-01
-7.540344674649513967e-01
-7.113084993610306883e-01
-1.985414529631350233e-01
1.718365179514425300e-01
-7.805935653629617055e-02
-5.150081239963463231e-01
-4.915472466445466315e-01
8.204486264267638052e-02
6.352854166380074163e-01
6.199193602127562874e-01
1.641681550580119664e-01
-2.064494578696797755e-01
-3.531759174090329800e-01
-6.531891745165629981e-01
-9.408962925361483709e-01
-7.061249549025142569e-01
-3.956742906544044591e-01
-5.004620948248617029e-01
-4.450449414385624913e-01
2.065482803883006424e-01
1.089737607965074684e+00
1.713171724426061804e+00
2.061769533584776326e+00
2.269426317772404111e+00
2.193128500855692664e+00
1.856053235516849975e+00
1.289030402464014458e+00
5.450091777297032536e-01
1.648122320169217447e-01
4.395637866077045097e-01
1.051853990089880453e+00
1.585075305395551526e+00
1.527435476932702763e+00
6.991843760506297745e-01
-3.866055863999385278e-01
-1.043447129214723157e+00
-9.972340082014901075e-01
-4.915995644090839223e-01
6.460560545480086014e-02
4.100877581718833653e-01
3.867802874171440974e-01
1.308097707984999802e-01
-1.380379533363801647e-01
-5.787191998739976695e-01
-1.330013231051701661e+00
-1.753235093988806836e+00
-1.179630479881333960e+00
-2.740360338221576875e-01
-1.008084180063801155e-01
-6.861542569881422526e-01
-1.057500844333471690e+00
-6.823292218513534735e-01
-2.054551055591600783e-01
-7.734990084770497487e-02
-2.505250093663299524e-02
9.035625564850933988e-02
1.523497417646838825e-01
4.553091656422594835e-01
9.012395286197401045e-01
5.230002607014038185e-01
-8.496847441971556725e-01
-2.162790299404124816e+00
-2.424373764930972897e+00
-1.483739150429983278e+00
1.044516643936749672e-01
1.315291897788119835e+00
1.375457333683119732e+00
5.013007790042857126e-01
-2.913688546447127381e-01
-2.018975331154275188e-01
3.051988609743500613e-01
1.638739539917231092e-01
-6.900068889739311428e-01
-1.415080521261685043e+00
-1.375269782303297106e+00
-6.219437008502544106e-01
3.546391178739224936e-02
1.093365617104570392e-01
2.797446283441770154e-01
8.045261457275444394e-01
8.880158844417058717e-01
2.547124679160409633e-01
-6.533843679332843601e-01
-1.554647626794805726e+00
-2.244825733409101520e+00
-2.516951024737708043e+00
-2.395864792835780577e+00
-1.836329410960076514e+00
-7.138502882026959151e-01
5.452037279599238895e-01
1.156013336054988683e+00
9.387646585383527809e-01
3.612331737669028375e-01
9.335091569648618429e-03
1.436138510642531729e-02
7.927671703843226780e-02
2.145144520580120617e-01
4.602833572850063559e-01
4.317091664332244894e-01
1.532975817048280731e-01
-2.363797623706089257e-01
-8.862802030681962151e-01
-1.250439910532692434e+00
-1.120999683284462867e+00
-9.417465515057316106e-01
-5.694688273023975622e-01
3.824045580982653875e-02
4.739847264519199133e-01
5.350673770805970397e-01
5.473441175754254484e-01
9.140142240010015184e-01
1.239058646819016785e+00
9.990006583547511587e-01
3.317309161750481294e-01
-5.514686014101698452e-01
-1.359508650373093541e+00
-1.355372897046361880e+00
-5.150451662761995619e-01
1.536182312613972034e-01
2.866162785269272817e-01
2.547153613414274154e-01
1.805424919161720820e-01
8.824157144012195753e-02
2.188878285913057886e-01
7.135770836374815129e-01
1.023094942063535351e+00
4.068481771293513960e-01
-7.708977926856425134e-01
-1.492109234379700888e+00
-1.342654212942756109e+00
-5.930237671891321893e-01
1.928150981649914275e-01
4.946498759973779746e-01
3.040703559736151473e-01
-3.426162716775782435e-01
-1.534501832460069437e+00
-2.417203647543896938e+00
-2.402390712291231800e+00
-2.140466247397585509e+00
-1.783806030776634577e+00
-1.239295460231617740e+00
-8.403768462101722792e-01
-3.906749125708828263e-01
4.296160334614386178e-01
1.143330435702814896e+00
1.096993192337141654e+00
4.015598003128510451e-01
-3.391271281648009506e-01
-6.871862724291395441e-01
-6.461397331023540636e-01
-6.076340647787917826e-01
-8.081444296590117871e-01
-9.581057315313622480e-01
-8.935196910222295008e-01
-8.121277813068079610e-01
-5.186236378713497963e-01
6.602933251404814741e-02
3.958197820620633633e-01
4.608724123074102175e-01
5.643417983720057096e-01
7.640315341423862261e-01
1.291865875416357889e+00
1.919798586462472256e+00
1.932701543559872226e+00
1.256786056763614656e+00
5.124682441121366505e-01
1.175993646221469568e-01
1.933593474146218794e-01
9.490875939586383980e-01
1.950877936093821763e+00
2.275005274839223990e+00
1.890890412016004829e+00
1.367438293639573255e+00
9.341788205648989818e-01
7.802019699413844656e-01
8.668897481190027676e-01
5.984837506707104682e-01
-8.204257571058680421e-02
-5.411672939474906352e-01
-6.161148288969585662e-01
-4.450141826149535684e-01
6.141561293636828012e-01
6.332753532118982065e-01
8.599516815224622635e-02
-4.142891074055899958e-01
-5.305009176684882810e-01
-2.219716573030040829e-01
1.196319705731054839e-01
6.415183365137526461e-02
2.068906362716344937e-03
4.164426685351814705e-01
1.164864606745870113e+00
1.713827166729662066e+00
1.621329956178901632e+00
9.309098388840687521e-01
4.565479118324249769e-02
-5.680720768858938952e-01
-3.906473680476398314e-01
7.461143321561787278e-01
1.864435087233127009e+00
1.908827659683972389e+00
1.119191244703524157e+00
1.386195312353008247e-01
-7.157119805968672477e-01
-9.400012038803273740e-01
-5.037987641337775546e-01
-3.399802161022538183e-01
-1.060552594943468652e+00
-1.816722155856713705e+00
-1.501025556241331271e+00
-2.644915409693006092e-01
9.245225100741287783e-01
1.403075267111241864e+00
1.262466556700768683e+00
8.553296694854564119e-01
5.822669057148112115e-01
4.289341420505173863e-01
8.882582382742551519e-02
-1.790512276762444566e-01
-3.479422778337621924e-01
-7.952488352643911629e-01
-1.149539829071329899e+00
-8.811374176509365608e-01
-4.223752024385744042e-01
-3.523675676101643561e-01
-5.650718267936253314e-01
-7.920653101333883228e-01
-7.926402399705660962e-01
-5.608018917994624930e-01
-6.861671765949571844e-01
-1.121360668911910219e+00
-1.066960836985640260e+00
-6.321479259438943510e-01
-2.613382126565855224e-01
-2.882708009568477059e-02
-2.441576419574171819e-01
-7.662873470352421501e-01
-8.453371149255531902e-01
-2.793971716010579254e-01
1.214298661070309232e-01
-2.833383068012992889e-01
-7.530250430429978881e-01
-5.956347098214995750e-01
-5.068996448318773274e-01
-9.612394761327009984e-01
-1.313808632353842265e+00
-1.113100606216060884e+00
-5.829108684559676234e-01
-2.174266271677040563e-01
-2.215484329624749782e-01
-2.894673204566802771e-01
7.441338706867623061e-03
7.939811955120561482e-01
1.523163124578841732e+00
1.613813265602584757e+00
1.399638864335444044e+00
1.234336456036912111e+00
7.848891257097815322e-01
2.242503376742323029e-01
2.226521591446671000e-01
5.770775097293211475e-01
4.227289781207363428e-01
-2.800709659825899034e-01
-8.292729841363978283e-01
-1.054715990573976248e+00
-1.518011934759854187e+00
-2.222232114102900891e+00
-2.217962829772575528e+00
-1.399162534199788865e+00
-9.001543181768414392e-01
-1.562669664335492259e+00
-2.598183612346634419e+00
-2.502705104700209571e+00
-1.176273022734215523e+00
1.710093479014567763e-01
4.241442164978125873e-01
-4.611924143820260724e-01
-1.457341980791291736e+00
-1.793294536668128325e+00
-1.550568443148596431e+00
-1.070425142113799133e+00
-6.245548748513969350e-01
-1.522372428710339065e-01
5.095492523775051463e-01
8.638072873226859683e-01
4.589643383163420909e-01
-3.185850059119083588e-01
-8.718020859939424883e-01
-8.617803377886658067e-01
-3.066361499941521185e-01
3.582627144897465588e-01
5.394372547034862464e-01
4.043699613324562847e-01
5.842629519455567744e-01
7.371685217389813971e-01
3.048713820254738693e-01
-3.112744995990187613e-01
-3.940083319419618868e-01
2.351022540155573992e-01
8.628744409467759002e-01
8.274602986034379493e-01
3.051679441839137974e-01
-3.407683738143533758e-01
-7.114580949428859213e-01
-5.137927454433575125e-01
-1.031258199707370538e-01
-3.930270896698698918e-02
-2.999091552369689828e-01
-3.543637345362603552e-01
1.434226926548209657e-01
8.439913106869374460e-01
1.254818409280203717e+00
1.181653601766060380e+00
6.194735206920307657e-01
-2.381096950205457974e-01
-1.195849999059315882e+00
-1.613115239770838372e+00
-1.062483489499865152e+00
-3.962582508992236741e-01
-1.728319094246344167e-01
-3.999841685707508643e-03
7.603265762593983124e-02
-2.047064134755413878e-01
-6.014328950927971817e-01
-7.629635188388947942e-01
-3.780206133782577638e-01
3.476821309910771429e-01
6.561637124766752649e-01
7.498031344903145490e-01
1.250837072210078116e+00
1.578496939898462736e+00
1.232395292641799367e+00
6.310971540868656193e-01
-1.013480980494894934e-01
-9.517914432405528702e-01
-1.455949241279286932e+00
-1.199111550929707448e+00
-7.316027942751769653e-02
1.308971458743693583e+00
1.928623785694815851e+00
1.637533921660856873e+00
1.368790989387518975e+00
1.635019964487089084e+00
1.633723906720143892e+00
8.505289710519561286e-01
-1.285052496882388151e-01
-7.782014357755369094e-01
-8.420543375955125143e-01
-3.216696142524040902e-01
3.337162789619125269e-01
6.660757824055963949e-01
7.449825998433018404e-01
7.609692405757813027e-01
6.675969569361739353e-01
6.100283421394269157e-01
5.852693678900849905e-01
2.029682425263073242e-01
-7.738458468910894839e-01
-1.864411274476244218e+00
-2.283952504583221188e+00
-1.792556949596485039e+00
-9.163386543431738529e-01
-2.497045709362619437e-01
2.385024283734799022e-01
5.959972033913857326e-01
3.749193441415448191e-01
-3.333935583658569901e-01
-4.623879083243083721e-01
2.815351044154557059e-01
1.197781074849532557e+00
1.869409307632216244e+00
2.116450734733748007e+00
1.750471106582438319e+00
9.494724864302815925e-01
4.771072659731038224e-01
8.419353212438096534e-01
1.654321580064714858e+00
2.353364214095563511e+00
2.527315752966766915e+00
1.944701785514240999e+00
9.116550937753237216e-01
-6.251146962133778684e-02
-3.131014868816935776e-02
3.263144890827699429e-01
5.643849802180783692e-01
1.298745248177143041e-01
-6.175685442356683152e-01
-1.025824897200079189e+00
-1.037182190807708349e+00
-6.739018583656372074e-01
2.576030126868011361e-01
1.165723857564348043e+00
1.141435919670847676e+00
2.720149764537785342e-01
-6.049703127484635790e-01
-1.184636062922925559e+00
-1.391752736240745136e+00
-5.207116274459399063e-01
1.056671357886882490e+00
1.682498664788235399e+00
1.083610241390843498e+00
4.175834157257214407e-01
1.297752374696522215e-01
-4.241182371317781669e-03
-1.281986671610538253e-01
-1.943569942775263959e-01
2.690980231475155748e-01
1.367076916594493596e+00
2.396868204964512916e+00
2.644132806226382915e+00
1.934954361349275898e+00
7.891782985811504059e-01
2.173787638934038605e-02
-8.953074595092334886e-02
1.745741352999905238e-01
2.377415345404348956e-01
-1.984964099775443358e-01
-8.114052202245134460e-01
-1.262632361653693414e+00
-1.207200846466136124e+00
-4.117170928727401646e-01
6.328138128534436246e-01
1.120863402181386581e+00
8.095810055329764054e-01
2.722959529106245835e-01
1.133932575780555868e-01
2.191460550269198060e-01
5.403829529766991380e-01
1.271490991484706568e+00
1.827585409193033916e+00
1.764104188019419261e+00
1.565604474113591715e+00
1.562566545668022222e+00
1.556711688150405282e+00
1.249982319300401601e+00
4.721064660769092036e-01
-3.090818333789872585e-01
-4.666193711439025615e-01
-1.881075346591075947e-01
2.433167702842829461e-01
6.713223427190168069e-01
7.749221524222092983e-01
6.576753985103727107e-01
5.240716993758758324e-01
2.428178052032370915e-01
5.699191490661162894e-03
2.285796029139454955e-01
6.622020309352256717e-01
7.487467476053506488e-01
3.994219393900768633e-01
-3.074796798959285593e-01
-1.131114821924126712e+00
-1.589747097235780338e+00
-1.477459618824862764e+00
-1.027488785380972436e+00
-4.676692960137753818e-01
2.346083882258580278e-01
8.918379058839904783e-01
1.178536242069404105e+00
1.027826561041493836e+00
7.308077389018898806e-01
5.441094660336536215e-01
2.469967221000259339e-01
-4.164867542722857641e-01
-1.174851827659779246e+00
-1.635177549454635004e+00
-1.800339106057230909e+00
-1.517374010019940433e+00
-5.193214016019594981e-01
6.876408541808310959e-01
1.188559572504264805e+00
9.185677617984748800e-01
5.210877578896930817e-01
2.153636147848078108e-01
-2.917290309980148932e-01
-9.499412868618797301e-01
-1.176371419034081933e+00
-7.823594969109993746e-01
-2.270446770094757816e-01
1.485136322831278333e-01
2.534887388652738438e-01
-2.269611572223097229e-01
-1.205841472977113416e+00
-1.966842137654483569e+00
-2.066875480489192007e+00
-1.745016026056938063e+00
-1.631519105899296607e+00
-1.703901747020757584e+00
-1.541757670638578936e+00
-1.294905188466462187e+00
-7.746251234991777812e-01
3.548155315262107035e-01
1.295024732692594771e+00
1.117466584983812350e+00
4.273229024820115463e-01
4.572051167587539156e-01
1.053728730426282345e+00
1.415064554281515008e+00
1.374218264054003935e+00
7.986408167905502120e-01
-2.117229700971123285e-01
-8.627904293287171900e-01
-7.756789127709745602e-01
-4.008982037233156381e-01
-2.439454696183409876e-01
-2.864590515529089609e-01
-1.563103316807486487e-01
1.414367012950535074e-01
-3.948878723459316176e-02
-9.091995502331604584e-01
-1.422406567976361114e+00
-9.440682002102004367e-01
-4.014760670280907995e-01
-5.874849905031783726e-01
-8.947870120213472500e-01
-3.599076979479984839e-01
9.695504215883673504e-01
1.943646510548349582e+00
1.805149812395751452e+00
1.257961125360141041e+00
1.070419227730725176e+00
9.189479876497755884e-01
7.052334506244994916e-01
9.204276547898767591e-01
1.230158836642577302e+00
9.242335480893305588e-01
3.848904130024100034e-01
3.513766101160168409e-01
7.737585934259356701e-01
1.258013398187616483e+00
1.304514096151921265e+00
6.731245180742677636e-01
3.387139091339686631e-02
-2.288366774796165293e-01
-7.059065143874869719e-01
-1.466362738783017816e+00
-1.816633641590239101e+00
-1.331525078827382469e+00
-3.802871427549463501e-01
1.484418737798924026e-01
-8.526127338747568896e-02
-6.944789614865499727e-01
-1.264695624383362693e+00
-1.168673491291083222e+00
-1.505037828476604722e-01
8.349741174956590850e-01
9.256272026979982526e-01
5.152891805319410601e-01
6.107584684134013120e-01
1.383630025359515292e+00
1.970085953562526804e+00
1.711444310972422223e+00
8.419259492816095758e-01
-1.158951110966672526e-01
-8.996275438518415157e-01
-1.336648832644636187e+00
-1.540764125276637531e+00
-1.723457777876735486e+00
-1.734419991450963927e+00
-1.433066089978284996e+00
-1.084706750614335524e+00
-1.019441442337211123e+00
-9.616335501876283054e-01
-3.497853299240634151e-01
4.813713934107498593e-01
4.687160496587683411e-01
-6.430214886078955416e-01
-1.805035187597116009e+00
-1.982800889891891405e+00
-1.193488460225330394e+00
-3.053845650520704003e-01
-7.139757883867192678e-02
-2.238320013231486494e-01
-6.289524326468950988e-02
1.513379672950082855e-01
-2.328540035397946573e-01
-9.014700441940153297e-01
-1.081042396894654534e+00
-6.542764869890331791e-01
-2.422101796404475468e-02
2.511081398917351382e-01
9.023453977634628975e-01
1.506120587794379739e+00
1.422151255845903295e+00
5.583266184317715597e-01
-4.819456012852751936e-01
-6.136660366893751384e-01
3.018595992649241166e-01
1.203327262732265979e+00
1.555458666560896708e+00
1.431360648618323683e+00
8.289921174597281173e-01
8.960798183685456109e-02
-2.250461907227963299e-01
-9.979918598338050062e-02
-1.621146303781832720e-01
-7.923147298735349064e-01
-1.758203332635051019e+00
-2.455547271655824204e+00
-2.294131403815192982e+00
-1.463228165565829020e+00
-5.407294079042276325e-01
2.966823113423818770e-01
1.031828263950877345e+00
1.351932804770875407e+00
1.053137226526548842e+00
5.384743480316629416e-01
2.985890508582007552e-01
1.943858573085791019e-01
-1.679592287213191870e-01
-8.294700413446173259e-01
-1.568924797142301708e+00
-1.905295238174576244e+00
-1.449740357405259195e+00
-5.612247466599274981e-01
1.208675641886494817e-01
4.198637716782115392e-01
6.402406933937866418e-01
1.064772689281291207e+00
1.462054099171809618e+00
1.646427324342782050e+00
1.698695131314194695e+00
1.381544779803685064e+00
5.332027940789160203e-01
-3.432319277292710247e-01
-7.051155717207729934e-01
-5.735731085119859518e-01
-1.706645211726082467e-01
2.471208016006012642e-01
3.796703252175150367e-01
2.506097161385158478e-01
2.872797938774542814e-01
6.035025264304273440e-01
6.078288101181172909e-01
-1.721359591278914525e-01
-1.281643468974165367e+00
-1.560976064493224902e+00
-6.693240198815857411e-01
2.277462419069756216e-01
2.033931276799929577e-01
-1.666432746260512743e-01
-5.808342863106791265e-02
3.207227388116905553e-01
5.197863982384643977e-01
5.792723010375891990e-01
5.495947448577876981e-01
5.398888949477472776e-01
8.051409114161049985e-01
1.460553401765286141e+00
2.335006940616935811e+00
2.722531504715997919e+00
2.482556330898541663e+00
1.573623311618173926e+00
6.528534969591708315e-01
1.844039472729916695e-01
2.775577782281954398e-01
5.099895598531419827e-01
5.176765419947803037e-01
2.274612272561162551e-01
-2.007230445400014773e-01
-2.579891706227686599e-01
7.891899904489804718e-02
5.226312310530539101e-02
-4.796952644720263725e-01
-8.062165529797529206e-01
-5.360666698554923393e-01
-1.658231440817733715e-01
-1.171358689920168339e-01
4.320863759216566485e-02
5.043593500161888121e-01
8.154880701949184241e-01
9.434841140786544011e-01
8.892264901560633650e-01
4.452019868687405180e-01
-1.999529185472807141e-02
-2.602489662438464690e-01
-4.395424001250471946e-01
-3.367799248702220694e-01
-1.971254413606678482e-02
-1.037824810384886248e-01
-3.387029591110919946e-01
-7.904324445258970044e-02
2.568139371845871710e-01
-8.881845343510001711e-02
-8.983892466440602798e-01
-1.601477808784198986e+00
-2.093269654027864135e+00
-2.271303068401839820e+00
-2.226078549791731920e+00
-2.255420226816617024e+00
-2.111183840994464767e+00
-1.290706982191149210e+00
-8.438709322333341756e-02
3.776836994548792292e-01
-3.872397577064818353e-01
-1.176924582259559093e+00
-8.429656981730843102e-01
3.543472980077665146e-02
3.709529574811312180e-01
7.469336045201067920e-02
-1.270604090207597403e-01
8.979240631550093610e-02
1.517344446188582663e-01
-3.371667776192096566e-01
-9.307282491836865734e-01
-1.232170472591059607e+00
-1.240025931749943133e+00
-8.812077905607534900e-01
-3.862319015953640799e-01
-4.007924460376213194e-01
-9.147085679798304669e-01
-1.168759277540947217e+00
-6.498450767743307877e-01
2.944291160969019217e-01
6.977478379859944901e-01
3.248654548947715881e-01
-1.915702582044290780e-01
-5.799646600022476672e-01
-9.547303169953066382e-01
-1.177684478334554141e+00
-9.331389447384371705e-01
-2.241850492011406015e-01
3.201905858416694839e-01
1.712411036392492980e-01
-1.561622859146783449e-01
-5.525274846518479777e-02
3.042631555920538022e-01
6.836480992966190717e-01
8.920205283562293586e-01
7.311614606093241875e-01
5.147994444712702400e-01
5.189764196442919753e-01
6.654314476411246071e-01
1.004535040693750991e+00
1.270636053490012074e+00
1.003816495282579657e+00
3.221467624935713814e-01
-3.169652562535707485e-01
-6.197656133418824043e-01
-5.673628696696247919e-01
-2.710224302587332934e-01
2.212644725295410952e-01
9.875551015999570748e-01
1.797241143266140817e+00
1.759934047495550269e+00
5.706159558004062493e-01
-9.037187974941676138e-01
-2.027251781471308245e+00
-2.592415682711154634e+00
-2.179800172347553744e+00
-9.397341941862187298e-01
-4.906449319409381116e-02
-4.657105327962554053e-01
-1.461695498192993048e+00
-1.650732819366656834e+00
-1.081186286859859624e+00
-6.173197909284753315e-01
-5.657917231221377685e-01
-5.950985092040605995e-01
-4.241416612806774289e-01
-3.771107685650484931e-01
-5.440649387261242698e-01
-4.551038819648949296e-01
1.179638468778363564e-01
7.210532703473130356e-01
9.280409840911135744e-01
8.036008853884665237e-01
6.736886354770337260e-01
6.485688897687559296e-01
4.165090112689600610e-01
-1.566418520979526718e-01
-7.996660040246440504e-01
-8.060840946888706560e-01
2.025565266035754264e-01
1.491265082088740979e+00
2.046768999778989517e+00
1.891397656895887458e+00
1.804379584308478890e+00
1.707907617025675506e+00
1.046786144774605631e+00
2.849061083167412911e-01
-1.892329696467436595e-01
2.024671421479887212e-01
6.931997155978018021e-01
5.380367894696821418e-01
1.019835195213640161e-01
2.055245844879056705e-01
6.280232189540001508e-01
5.675797245370917121e-01
-1.244579900656374583e-01
-9.279258044088363189e-01
-1.322686168159119324e+00
-1.159579930001259029e+00
-6.329661872742394779e-01
-1.889123741199870143e-01
-2.244222078675408849e-01
-4.149981428033884256e-01
4.938483647894890277e-02
8.533960709231608321e-01
1.041805213864746227e+00
9.037873194761748552e-01
1.124914623835750138e+00
1.494269212697597382e+00
1.409271430928915603e+00
5.125486121730077338e-01
-6.436787848601340789e-01
-8.268483762579708074e-01
1.837657951802546819e-01
1.232313365521825688e+00
1.441987701255347476e+00
1.052818213405714687e+00
3.647940651383316246e-01
-5.695323767742102028e-01
-1.215848681877045756e+00
-9.885953241808805858e-01
-3.161535165072825726e-01
-2.564600698634502893e-02
2.000083233932153579e-02
6.070483578300474026e-01
1.594556314157177690e+00
1.769986689538552982e+00
8.197006866074992848e-01
-1.705430061768306027e-01
-2.836051775882572068e-01
2.284576509814624512e-01
3.514684776492948415e-01
-3.101905428984354507e-01
-1.047415529343122209e+00
-9.290678721030791731e-01
-1.413084333544711579e-01
4.960205111220777896e-01
9.452619833805067096e-01
1.403650308989493611e+00
1.685711963897343013e+00
1.395647580005479504e+00
5.708408472772955600e-01
7.337451569455714917e-02
1.609139986691259516e-01
2.529021027592066040e-01
1.392444843509762498e-01
-2.491149107666755236e-01
-1.133163592048619384e+00
-2.114304418296245380e+00
-2.202852111376598199e+00
-1.106221813563222467e+00
2.295017559358305259e-01
4.586175235635938652e-01
-2.043413914990976354e-01
-1.807365928948818090e-01
7.197217840903452624e-01
1.348339583294920541e+00
1.144064280479354379e+00
5.800429496026942022e-01
3.723147346691140780e-01
6.349308067784813492e-01
8.439655456017899349e-01
7.405581550248054867e-01
4.983436050966982278e-01
3.131691125144682175e-01
1.722101505668596766e-01
-5.444527737018788754e-02
-2.258170205058429858e-01
-1.490532904889727561e-01
5.976897982084618602e-03
-1.602553728197715077e-01
-7.222731233635681924e-01
-1.118896001693424180e+00
-1.019890240741628817e+00
-9.367874434270131445e-01
-9.495982553709505503e-01
-5.774103405830858238e-01
2.604547270558835517e-02
4.020459300429868321e-01
3.647813963995998332e-01
-6.112481161241411359e-02
-4.170559621548582396e-01
-3.318137900098934168e-01
3.423472520248633556e-03
2.171955874130210018e-01
5.509939905433784528e-03
-4.585176526259186480e-01
-6.323693825086661446e-01
-3.920774855901142941e-01
-2.514377907298542270e-01
-7.296192646461373554e-01
-1.648772397502157316e+00
-2.361833724104256405e+00
-2.504631116072957742e+00
-2.039477492741269327e+00
-9.062621601899601975e-01
3.277042681533593460e-01
4.731721835969109891e-01
-2.879165594641113213e-01
-7.682711421372150351e-01
-8.143478302081719189e-01
-5.181708279287290386e-01
5.989919103204659478e-01
2.195191165241801023e+00
2.755537745546519979e+00
1.938284230923786655e+00
1.100399841218437258e+00
1.089878294456378294e+00
1.454145382560658284e+00
1.637749192549080801e+00
1.792699007725714999e+00
1.846520036683706678e+00
1.040849827307623654e+00
-2.392517004990297458e-01
-6.686144721869963226e-01
-2.308861466637295301e-01
2.060029303302213233e-01
3.363000246980940577e-01
4.407616945192738833e-01
7.084109223340518957e-01
7.874692579867310638e-01
4.560566343969338354e-01
-8.469693503069068707e-02
-4.806270092455149356e-01
-4.406450276174875280e-01
-1.469833466631708177e-02
5.262585395978955916e-01
9.659379014116016293e-01
1.129906934307621569e+00
8.017080492140595815e-01
9.126279079968716013e-02
-4.384665394318474907e-01
-5.512575543032294245e-01
-4.595353826972122802e-01
-1.730484868489626238e-01
-1.177688757903251754e-01
-9.006109374044889426e-01
-1.675134180089858482e+00
-1.275694352753084404e+00
-3.004094632616289284e-01
-1.790796616919900219e-01
-9.389990736104910640e-01
-1.326136303049668008e+00
-1.026899309345082223e+00
-6.512170569146056298e-01
-4.304809878955751512e-01
-5.017116268458758910e-01
-8.673300122271709878e-01
-9.432983510743760958e-01
-4.997282245854796634e-01
6.915384084359409329e-03
2.938332879109081253e-01
7.151504492664176316e-02
-8.692387353309485309e-01
-1.800462614388737226e+00
-1.941164632415523172e+00
-1.317244796723066269e+00
-1.785848930836494153e-01
9.602665277101660735e-01
1.657931059577063770e+00
2.261929375461922742e+00
2.755537745546519979e+00
2.755537745546519979e+00
2.739430377827245522e+00
1.405591863096321337e+00
-5.115323198554699857e-02
-7.774030774511603292e-01
-5.386864864174419898e-01
-1.733504927464676881e-02
3.204071197547765926e-01
5.926732681183234375e-01
5.405720775222513375e-01
4.455336933084185630e-02
-2.636723608036141697e-01
-3.165429978831729163e-01
-5.999361865445161923e-01
-8.272107216017915432e-01
-6.017686777465587333e-01
-2.817837942492971703e-01
-2.909629466081185556e-01
-8.040078315342247262e-01
-1.521827772708101323e+00
-1.757695375817392547e+00
-1.586838118673498332e+00
-1.623228451110898307e+00
-1.763564409144742440e+00
-1.276294999808770703e+00
3.184402953394556146e-01
6.041624518282275869e-01
8.077797407764386595e-01
9.523755818373180748e-01
9.797845079132977419e-01
7.855047529775995852e-01
4.463956720843992310e-01
3.733889505646813545e-01
6.481475784046066835e-01
7.266131715137378322e-01
2.875506209240113464e-01
-3.236421472953527334e-01
-5.926057263829188626e-01
-3.958762503941155031e-01
1.033019291204527110e-02
4.347901502216047764e-01
8.763733601702958786e-01
1.311256422068170835e+00
1.514231429730339418e+00
1.142431255737530904e+00
4.600301595530320586e-01
1.650428284596623663e-01
1.665556806793110634e-01
-1.118725934624821422e-01
-8.583618263864122300e-01
-1.711103443252104395e+00
-1.851229024141133328e+00
-9.332859040036872722e-01
3.974734709482750650e-01
1.390007500305600052e+00
1.662323408802762970e+00
1.029985554364844624e+00
-2.687050618911652200e-01
-1.253512270347811652e+00
-1.274916228724051415e+00
-7.012465389340916122e-01
4.704857351895525702e-02
7.118015618804256484e-01
1.118512769046758226e+00
1.346752028408371604e+00
1.587573337577708799e+00
1.909484412248364515e+00
2.185395546529835809e+00
2.006717190892201241e+00
1.265829427604369339e+00
4.133607621605044913e-01
-2.807603081324638317e-01
-7.927287659973519807e-01
-8.676547444373213791e-01
-7.386260455350658338e-01
-9.766095771255574043e-01
-1.027908661248433386e+00
-4.679693642558944711e-01
-3.980891504312662060e-02
-9.258103935785109984e-02
-2.295193809886569014e-01
-2.362327983031753398e-02
6.724257765717536195e-01
1.401333417543352944e+00
1.435158366309225553e+00
8.524729449119992086e-01
4.763890274300123240e-01
3.872039778430084178e-01
1.573282310812948726e-01
5.720269478672562746e-02
2.132168269445457454e-01
1.947954363247898502e-01
-1.363577727164018982e-01
-5.322296065516864960e-01
-8.676249199326803163e-01
-1.195241020943136334e+00
-1.463775164732132872e+00
-1.508138166805234714e+00
-1.449633676291246953e+00
-1.548471703195175797e+00
-1.659057341061300983e+00
-1.470256270520905018e+00
-1.109411353132106370e+00
-1.157664881198829265e+00
-1.848300622134450899e+00
-2.647862017034774418e+00
-2.741449403020868036e+00
-2.741449403020868036e+00
-2.201428437977095420e+00
-1.255088426265640988e+00
-4.583991167577179948e-01
3.306422639791961604e-01
8.434930083023406411e-01
7.498231491603438714e-01
5.896393795864411924e-01
9.282529178155799476e-01
1.368044091865193490e+00
1.301690388635077245e+00
8.216520608896437095e-01
4.828647198202421498e-01
4.128266591559292542e-01
1.577754785598214915e-01
-3.615735794588530450e-01
-7.549302390492687032e-01
-8.883594900096161151e-01
-9.346852531265779085e-01
-1.269119937981074919e+00
-1.804072788914300229e+00
-1.402748653950319335e+00
4.081985733129592786e-01
2.081162367471817820e+00
2.063935323952079237e+00
9.059827890164884323e-01
3.664055843811622748e-01
9.835539952530663044e-01
1.371660228198858356e+00
5.650535607419769901e-01
-7.402088950257688094e-01
-1.769318521268734123e+00
-2.012838495554827745e+00
-9.610637964332875427e-01
6.752280566519103244e-01
1.488944657782186098e+00
1.257493898290187540e+00
8.900632893988433825e-01
9.264834731252203914e-01
9.615289689321138145e-01
5.711689023820313293e-01
-1.853948706714987280e-02
-3.587053413453960560e-01
-3.112303183469750656e-01
-9.713899365803398134e-02
-1.028622733644948967e-01
-3.829708520534627625e-01
-6.149994933706118827e-01
-4.658373187783496627e-01
-3.283397179304716005e-03
2.759832710588707161e-01
4.328288369008582714e-01
6.327868618351674135e-01
3.408687659222467414e-01
-3.905836199403086573e-01
-7.929618514737184487e-01
-6.662301753827524209e-01
-2.432944889024850343e-01
2.155668569474561147e-01
4.612355032027308233e-01
3.041579983019950251e-01
-3.661610035942132191e-01
-1.142514714430828304e+00
-1.417250733212816582e+00
-1.108736781877511346e+00
-5.148459106049049216e-01
3.346640241144177574e-02
5.444123094171553490e-01
1.019005090953012393e+00
1.112440087798401978e+00
7.075257252590423374e-01
8.724695392823066109e-02
-2.268859708028805044e-01
-1.047475863964407450e-01
-7.901863087646793238e-02
-2.423520433892111248e-01
-1.627657183107758254e-01
3.301518058942461975e-01
8.075370144162045127e-01
6.419108023021411480e-01
-3.537479488735782024e-02
-5.830952070462283032e-01
-7.488139119217510631e-01
-6.210354995455308336e-01
-2.171354363586821545e-01
4.802079506319545943e-01
1.061013843958721337e+00
1.156331174670734319e+00
9.567003607786542796e-01
4.528834014897430982e-01
-5.238362647879363232e-01
-1.352465135231216253e+00
-1.042148196435011664e+00
5.921885672980234383e-02
6.485517600469282717e-01
3.204659799680024679e-01
-3.450449949897352875e-01
-7.137859127097144762e-01
-6.546055959489118781e-01
-6.566576355855932023e-01
-1.076724353291240277e+00
-1.335131386900520356e+00
-1.029027927234656303e+00
-6.713576968763345088e-01
-3.072774245703476792e-01
4.149306077589940966e-01
1.114706391194771218e+00
1.332916392744127210e+00
1.200948009440928388e+00
8.539918047195603767e-01
6.341804079334291133e-01
1.168313624544881302e+00
1.723308834945387336e+00
1.144561814779576192e+00
1.463351970123110551e-02
-8.780697877646347349e-01
-1.488146029135318571e+00
-1.320977910166733826e+00
-1.059533825212372049e-01
-3.020443928379680232e-01
-4.963604674051951826e-01
-1.528341290434512556e-01
8.538951253873158231e-01
1.796517341229941778e+00
1.742348582752322628e+00
7.638874484753258587e-01
6.505258686586640714e-03
2.044452224062074386e-01
8.866834692451260880e-01
1.248652810935406254e+00
9.020466246251629405e-01
9.281462442747040464e-02
-5.521663516310609809e-01
-8.004092999093478378e-01
-7.378882411602947222e-01
-4.052942776097107624e-01
5.637327692535437987e-03
2.645049716499179304e-01
5.016505312394691218e-01
1.060358538985318511e+00
1.865260329872224565e+00
2.371865739363121950e+00
2.169261903483415299e+00
1.274097268798819238e+00
2.084213632074564948e-01
-3.437736824502572452e-01
-2.727647322769604157e-02
6.552804948389958639e-01
6.389863677875194936e-01
-8.680961344179585759e-02
-7.072025072811360946e-01
-9.268447826273307211e-01
-9.383571154776840784e-01
-8.280071183009960478e-01
-2.290255555807457766e-01
8.238285917759893273e-01
1.627536724613338759e+00
1.962699050527130895e+00
2.108821004807556854e+00
2.388166352642701273e+00
2.705443380178170987e+00
2.341308479719386604e+00
9.901109062894891677e-01
-4.787203185431097574e-01
-1.204666903931549626e+00
-1.300669728092455291e+00
-1.110110509706646154e+00
-7.354486169684070207e-01
-2.633978302633574464e-01
9.011623024065502918e-02
6.443568180141748258e-02
-7.803449282716645730e-02
5.385691330762479301e-02
2.770830686091507178e-01
1.824022487396739778e-01
-3.907472458635298795e-01
-1.316868058853240431e+00
-1.912643045052085267e+00
-1.824517186554897696e+00
-1.741527249860348681e+00
-1.840029707922784086e+00
-1.650458075811540359e+00
-9.573297767425139604e-01
1.218478395148273052e-01
1.075698238128171447e+00
1.480948831933930787e+00
1.284285031926320597e+00
6.257032240108951759e-01
-1.609643267457459836e-01
-4.376084719829013148e-01
5.990732488914576881e-02
6.035093028026130568e-01
6.961366789664078514e-01
6.031054960870650961e-01
5.442079866779059305e-01
5.366759552396838107e-01
4.017890847494848816e-01
3.062303142466293870e-02
-4.459187507795634997e-01
-9.216405960941865816e-01
-1.289175338770900181e+00
-1.406850644716323817e+00
-8.787021050628853747e-01
3.779092599110792650e-01
1.385932659194137662e+00
1.265386013240594076e+00
5.951169816197852125e-01
3.842812856608728289e-01
6.716990897548064110e-01
1.018519594819937035e+00
1.242600263795424542e+00
1.520449659364979000e+00
2.068008816449626419e+00
2.317001498686218408e+00
1.426942531901009392e+00
-1.483443579130234447e-01
-8.518380714801170317e-01
-4.455076229256703102e-01
-3.103250729783713635e-01
-8.394931468391179097e-01
-1.228181199984701433e+00
-1.128500372893951553e+00
-7.783129265032782129e-01
-3.944946276896742487e-01
-2.198240851409128949e-01
-6.047824301356417021e-01
-1.447532808219683442e+00
-2.074176205562932473e+00
-2.213806775938568894e+00
-2.262384806842894225e+00
-2.324989790811497592e+00
-1.905976404622857112e+00
-8.175516128601988397e-01
3.372720315836318372e-01
7.590450603176877031e-01
2.537120646454540385e-01
-5.276059868325191360e-01
-1.109955458794769534e+00
-1.334206009320481723e+00
-1.016753985237470514e+00
-2.553644772256387085e-01
7.169711573250520109e-01
1.302498842251858413e+00
9.329450857822698673e-01
4.318876760060010034e-02
-5.182759827534554331e-01
-5.580215463926599950e-01
-3.590951172998231855e-01
-6.861876916485525058e-02
3.310742209134379666e-01
3.993065432177103080e-01
-1.301239502924608216e-01
-7.838149351883206828e-01
-1.200503170112437790e+00
-1.159331450291247734e+00
-7.769210276249047809e-01
-6.969239122657110430e-01
-9.683469531256687635e-01
-9.548716742445707562e-01
-6.178669851730697049e-01
-3.847834272401589040e-01
-2.274635072375472689e-01
1.411776822648471430e-01
2.358282916165808096e-01
-5.834838244278924835e-01
-1.336846499002330768e+00
-8.885251274404623034e-01
-6.967585465792869651e-03
2.689767121127698002e-01
2.240904227489736444e-01
3.571415421214207964e-01
5.693160277392630420e-01
7.206322968744172108e-01
6.759891271290953130e-01
2.656273227330868680e-01
-2.873728083286831714e-01
-5.566073107649609497e-01
-3.435032630847270618e-01
1.189460452381718852e-01
3.546857336970539176e-01
2.640848004292878914e-01
2.054887766205811539e-01
3.622502213459746212e-01
4.350701502339573978e-01
4.975784603385741828e-02
-5.256902224394504053e-01
-6.337531416197426104e-01
-3.261527529112181467e-01
-1.427687825398209209e-01
-1.738086032246678458e-01
-1.902133067804563371e-01
-2.265522107176386191e-01
-4.321317675089931254e-01
-4.703111076019939607e-01
-5.254651336431846037e-02
2.748685321203463983e-01
6.105528452306942244e-02
-2.160608178910603527e-01
-8.699640490433520335e-02
9.768646344333721532e-02
4.085187308720668597e-01
1.368290964940225951e+00
2.344188548469123834e+00
2.322676706645836475e+00
1.251229683990704444e+00
-1.136550792679953820e-01
-8.740116987730486287e-01
-9.679858343420362221e-01
-8.553633380341904013e-01
-6.224157818217864735e-01
-5.548235010684197110e-01
-1.036032747144914890e+00
-1.259393755167038442e+00
-4.843833071662735912e-01
3.074690526010350200e-01
5.085242426871680044e-01
6.296501620636481000e-01
5.130533055920403207e-01
6.287107242044417399e-01
9.679242101197352843e-01
8.005442751496358866e-01
2.439257765358893992e-01
-1.947326443603920598e-01
-1.452845350443937034e-01
2.070686262974496539e-01
4.234863742423866095e-01
5.807297476167280759e-02
-7.860523892473652019e-01
-1.495356861110410884e+00
-1.608330012346557147e+00
-1.219108116724501034e+00
-5.684907808252068762e-01
1.569759316284249084e-01
4.697487959961499371e-01
1.736614807930812743e-01
-4.522028999884397660e-01
-7.441968542849140000e-01
1.928826985618491358e-03
1.073315787279065514e+00
1.209189160702205390e+00
6.576267672640160322e-01
3.535596124826579922e-01
4.803699502077954375e-01
5.432452941163835591e-01
2.928590080541338958e-01
-4.197892695347037878e-02
-4.291141919966844909e-01
-7.642718285461010952e-01
-8.371232355127280478e-01
-8.597177303668288584e-01
-9.011504273138770671e-01
-7.386926999551122197e-01
-4.092652447578637442e-01
-8.905072479633083238e-02
2.532702892993539123e-01
4.912707364710676150e-01
2.767496155899175636e-01
-1.270668782604696678e-01
-2.217906477757557726e-01
-1.795175646659174784e-01
-8.471367180311675793e-02
4.529726544941298227e-02
4.843927483451930527e-02
7.649773622924836702e-02
-2.140918294689028167e-01
-1.200784201187450329e+00
-2.016707698373850999e+00
-1.886894170854683583e+00
-1.315747908448023251e+00
-8.494432756797656303e-01
-6.140902035849099549e-01
-6.456410267716234941e-01
-5.298651687354951623e-01
-1.878259850730709946e-01
6.114680389846473968e-02
3.277191144626932506e-01
6.874363204094203761e-01
1.041990042943876649e+00
1.305742067098933257e+00
1.190907546968820396e+00
5.471470739002023409e-01
-2.365096060335081796e-01
-8.474953269373399767e-01
-1.340179991793505110e+00
-1.795725707549465922e+00
-2.315958702592477270e+00
-2.649608701973869440e+00
-2.360475309573893732e+00
-1.632835387644124614e+00
-9.960648133718483788e-01
-6.792526085123641311e-01
-4.951117776108221458e-01
-3.991456551677107223e-01
-4.346508955820689302e-01
-6.068347539462011497e-02
7.973536834564284304e-01
1.141257295532955851e+00
5.616210691013030498e-01
-1.652019280745579133e-01
-1.707990576511984049e-01
3.597300045194458673e-01
7.396902630176163118e-01
9.512020801710863172e-01
1.238359252634541718e+00
1.437488982377245872e+00
1.365301348551140714e+00
1.284262467299286170e+00
1.196306667009985336e+00
7.342065160439774640e-01
1.177358837521274570e-01
-8.780664272462743170e-02
1.887442544758301810e-01
5.937065645271624170e-01
8.846124030811581829e-01
1.059735608215086389e+00
1.083546188320210213e+00
8.509809138718610333e-01
6.215944620311635305e-01
8.215185015927816137e-01
9.872573944277924785e-01
4.469972988015326609e-01
-2.722035965943950808e-01
-1.278935606092461708e-01
9.314520248368035604e-01
1.899458831943191317e+00
2.050141869209050061e+00
1.380599520583065454e+00
2.839211549179385674e-01
-7.185354503641309121e-01
-1.538982119894081624e+00
-2.097095978521911430e+00
-2.318949730519819230e+00
-2.416315219564371120e+00
-2.146200070031389906e+00
-1.373035042168916586e+00
-7.004078110128868495e-01
-4.919540396020089523e-01
-5.250126394858318779e-01
-6.599057290116597807e-01
-9.972188489664175481e-01
-1.302471200865026102e+00
-1.142378081963096426e+00
-7.596319992241306052e-01
-7.205809836076817465e-01
-8.377229483165551382e-01
-5.711979764656208713e-01
5.948970012765961851e-02
5.151904046651516467e-01
4.252063739513128882e-01
7.756897386107994979e-03
-2.183400192468134826e-01
1.511049642538257742e-01
9.582068078957441948e-01
1.343136863343008747e+00
8.519950945330976300e-01
1.549428223316326979e-02
-6.327902781518637276e-01
-1.002713248883263741e+00
-1.061104764186384219e+00
-7.606610988221882419e-01
-1.408891605191521235e-01
4.007524630246442898e-01
5.001283573319086351e-01
3.624240838982127344e-01
-1.326582776058429260e-02
-5.921485184596489981e-01
-7.688582502795123785e-01
-4.510695182159823458e-01
-2.366045662191282317e-01
-3.813114550848768491e-01
-5.736172410626558804e-01
-3.263723135629617023e-01
5.236053597128076387e-01
1.219810624757346140e+00
9.626189441741015429e-01
2.424502180010326413e-01
2.755811197647466473e-02
4.009569713717206496e-01
9.056886661972354258e-01
1.533867971145588260e+00
2.169637182454934532e+00
2.125272957091584036e+00
1.513563376325819387e+00
1.303359161640280206e+00
1.500076952722378953e+00
1.554147126417225078e+00
1.716959004744776029e+00
2.041829465643483665e+00
1.874454472266337879e+00
1.209434118888432330e+00
7.210842694752327420e-01
3.798619779958078424e-01
-3.771081565446295358e-01
-1.261275026665070520e+00
-1.608395962916962851e+00
-1.399796622621170217e+00
-7.179344404519748535e-01
3.035365157104696343e-01
1.029816256183212930e+00
9.346558930400999943e-01
3.163603550310423729e-01
3.958147675216296818e-02
4.471946325901259289e-01
9.113316361665111387e-01
8.426311548195062340e-01
9.460328969715343927e-02
-1.078384272690000367e+00
-1.816673845213633731e+00
-1.593258682054328190e+00
-7.677825509777472801e-01
1.555743557800021160e-01
9.492168421322589866e-01
1.524984942991799874e+00
1.594396338879873865e+00
8.033748046029489664e-01
-3.870125232323678999e-01
-9.624380462485240262e-01
-6.956863488392318606e-01
