3.294115667292314975e-01
5.627590855896346111e-01
3.838080847864028811e-01
1.194786108125386603e-01
3.804532730189792988e-01
8.643320956593293358e-01
1.012152618856019481e+00
9.715901129497255262e-01
8.262104492546115120e-01
5.305318258676499088e-01
2.309406292023120089e-01
4.104903325566342659e-02
4.430516331278585955e-03
1.559395813869073749e-02
-3.611520849266307009e-01
-1.057739353034162333e+00
-1.338335150441671395e+00
-1.064897902188485457e+00
-5.682219859974360077e-01
-9.450357232617265235e-02
1.519617969374055244e-01
2.863749465847332809e-01
4.015488018787180535e-01
5.004270527703625904e-01
7.201163409784232527e-01
7.930589555050380213e-01
6.749226828898288177e-01
8.400284618099680412e-01
1.121460784798063326e+00
1.056468841501270850e+00
6.797012200538428139e-01
2.340679097370763628e-01
-8.960817898612433163e-02
-4.523811064633335988e-02
2.682871686236441566e-01
3.597029606557341497e-01
3.502236727155348672e-02
-2.232104698875312931e-01
-4.059548766111005513e-02
4.450599274884071144e-01
9.440812838757656200e-01
1.041622168760654610e+00
5.735788194476520996e-01
-7.138649835994585746e-02
-6.627686416618903120e-01
-1.110421677802891915e+00
-9.914471493747540887e-01
-3.404246375248796697e-01
4.708147398152795482e-02
-3.219756772345842843e-02
2.622385548820336046e-02
3.657117798186677038e-01
7.478003778636381771e-01
1.079582832823293925e+00
1.369207422737334978e+00
1.539628164968874779e+00
1.280056511491471039e+00
5.632016647868440806e-01
2.117138603308272859e-01
7.020697265686098865e-01
1.148934750692693241e+00
7.411323201582858955e-01
4.387610406142912201e-01
1.344424808983719188e+00
2.477271495444194116e+00
2.574245471353017400e+00
1.678140693463382460e+00
2.903386772872106336e-01
-9.851268561318086148e-01
-1.454380295850605354e+00
-9.763066250087244491e-01
-6.013693596569262556e-02
7.811576468182601651e-01
1.205653005955660717e+00
1.043168793008701467e+00
2.409028668943619389e-01
-8.305677512161270259e-01
-1.375927659860147756e+00
-1.201810618920434504e+00
-9.188412009527227031e-01
-1.083504038190542307e+00
-1.509970037374600116e+00
-1.566899255013398218e+00
-1.094083370306488057e+00
-5.767299226853127569e-01
-7.954209834855446859e-01
-1.780317327966870922e+00
-2.458661538728508678e+00
-2.297013160247013630e+00
-1.735184915762041591e+00
-1.075403489853258288e+00
-3.217961998395029166e-01
4.563946809631037604e-01
8.307513108291655346e-01
4.626725987652063332e-01
1.947503864737853696e-01
6.737687628423832953e-01
8.416263495428822905e-01
3.277189082969530487e-01
2.698739635318226915e-01
1.053373786638903242e+00
1.809556137037752421e+00
1.494853985403298724e+00
7.104507159520040416e-02
-1.231221676022814737e+00
-1.498482864060338704e+00
-1.107384865590919309e+00
-6.683716578208994674e-01
-2.046097903158753117e-01
2.817911994468577652e-01
3.893469210155338645e-01
2.292328748217751788e-01
-2.461596953351703754e-02
-6.692880562919624188e-01
-1.307312008638467971e+00
-1.520789509963135444e+00
-1.573765301523115667e+00
-1.742386572875145978e+00
-1.958507511712257898e+00
-1.762808050872464616e+00
-8.155769335046523238e-01
6.287332768214330958e-01
1.683972651859424241e+00
1.666970323559773925e+00
1.062574004135329098e+00
6.197109082044960360e-01
7.009428438555365126e-01
1.220567603278413182e+00
1.252442758266551381e+00
2.465111599486003169e-01
-1.001392431940642647e+00
-1.509557192904997791e+00
-1.064853808436632576e+00
-2.213170940672124776e-01
3.891689344261149430e-01
5.510049313388707404e-01
2.920674306838601519e-01
-3.226497121572300952e-01
-1.294722872222515475e+00
-1.996286367216599578e+00
-1.372387835494425889e+00
4.412918721471253414e-01
1.700759223842517764e+00
1.251373277184557375e+00
9.289375122568264975e-02
-6.333982025732303178e-01
-9.049586034195395978e-01
-7.726811016731622850e-01
-3.764625129330550490e-01
-2.501023677935461653e-01
-5.727685265326513120e-01
-7.440275236822267990e-01
-2.723533944703424581e-01
4.579468266634328377e-01
9.509719621200578565e-01
1.336370080070635069e+00
1.679870735745754295e+00
1.850605207628584381e+00
1.985093822536004415e+00
2.092101060667517221e+00
1.787120155218146822e+00
8.910470051386654156e-01
4.047484964110113076e-02
-1.198084896337851257e-01
2.642199927017186978e-01
6.281836926198152149e-01
4.318430162773002623e-01
-5.003452015941083353e-01
-1.600099554617130382e+00
-2.025580380176238648e+00
-1.910828088332150898e+00
-1.856912397437608053e+00
-1.614186824420821287e+00
-1.044036021406127501e+00
-5.501966824819723989e-01
2.533828652742079954e-02
7.562740431781219685e-01
8.947639660539050688e-01
2.161091926001997288e-01
-3.876800897900798959e-01
-3.537765312573315502e-01
6.207626247004732062e-02
4.596970847934597759e-01
4.846875493948538671e-01
5.437586935640331687e-02
-4.188243492716627325e-01
-2.899401614238427127e-01
2.926784046661063399e-01
2.957143524806237767e-01
-3.509244950645761807e-01
-7.117788433243757984e-01
-5.084612211171833929e-01
-6.088807677587095013e-02
6.144734196618113764e-02
-5.659559399002618285e-01
-1.333638729965414438e+00
-1.425930119721423139e+00
-9.584208574302470751e-01
-3.495106857130018674e-01
3.959846694937001199e-02
9.226889915686309340e-01
1.388090589581395751e+00
4.937256160192604604e-01
-1.665793249488910721e+00
-2.800269516629478872e+00
-2.696277537588749329e+00
-1.563165158651587117e+00
-9.817071881185976956e-01
-1.045556183026561170e+00
-1.032811216813996902e+00
-6.318829571249662269e-01
-1.983774296820221827e-01
-1.674458175815388972e-01
-3.056777757657076489e-01
-3.332890080663790111e-01
-3.956175065306934968e-01
-1.251366371097311081e-01
3.313145239970376466e-01
1.132175120532919743e-01
-6.688678054377396043e-01
-1.126476909411907812e+00
-8.979919556182519580e-01
-4.993324631294562277e-01
-2.819368765870550186e-01
2.777314244625319478e-03
5.427914242084909135e-01
1.164815166884722863e+00
1.284836598930571006e+00
5.713243850024360970e-01
-2.732414034845107031e-01
-5.310655787930467220e-01
-4.986206765205129510e-01
-3.942616017570955700e-01
-1.588706338875187640e-01
-1.442062118084605771e-01
-3.277612727806971660e-01
-9.246639594015650110e-02
1.541467979724186754e-01
-3.571699780030330729e-01
-8.676737623923427289e-01
-5.048764275315203998e-01
3.375037507361485223e-01
7.698418945564172722e-01
5.220254077364376855e-01
1.119337427437181037e-01
2.001915474800896044e-01
9.773331283865550612e-01
1.719867609294017496e+00
1.584427225054389821e+00
8.733741707694392398e-01
2.899895291567206046e-01
1.055811660197828322e-01
3.543260514240836878e-01
6.936712258566040123e-01
7.266881597561609674e-01
4.938642321871566376e-01
3.881950137997166594e-01
8.468296921176307057e-01
1.561873900578546026e+00
1.622033603657671463e+00
1.009275916516477967e+00
5.182017958918536671e-01
2.871422933236467689e-01
-2.537955582602857141e-01
-1.159173391118810237e+00
-1.633952903573546722e+00
-1.166706023508474077e+00
-1.580012861363131738e-01
7.415140913873907724e-01
9.776821105956150504e-01
4.900983951811566652e-01
-1.223296132123883190e-01
-6.264468639478043555e-01
-6.776011332331821624e-01
2.407979324966488255e-01
1.294321647293892985e+00
1.303000453143412507e+00
2.629273695809627442e-01
-1.100877773836025364e+00
-1.872496424422488648e+00
-1.618392774622021912e+00
-7.287268085506821702e-01
1.903366092390347819e-01
8.157392875982020231e-01
1.067944532840391370e+00
1.048663676218689389e+00
9.992633551896981103e-01
6.871893786894253120e-01
-2.206325853332503917e-01
-1.113378441594534696e+00
-1.249322202333805976e+00
-8.878637012056838085e-01
-4.677719069120370166e-01
1.339887374392753905e-01
8.226099641776429827e-01
1.164716368564004512e+00
8.475224529117822980e-01
2.877848783090590223e-01
3.674014252329547703e-01
8.574503213126185575e-01
8.669438227211874182e-01
3.211785244332985290e-01
-5.644819310954873881e-01
-1.642199045450891459e+00
-1.984040232416881766e+00
-1.137937052075167710e+00
-3.567945484773706877e-01
-3.242731124112400720e-01
-4.765536612908549685e-01
-4.623415068130384276e-01
-2.291760207042385089e-01
1.525804635382142227e-01
4.246646898469376152e-01
6.593957960288925058e-02
-9.866627378965028283e-01
-1.668171922971237953e+00
-1.547188191439321292e+00
-1.511305474427608875e+00
-1.514405408188734592e+00
-6.217628865597920607e-01
7.594983682768865485e-01
1.210983393809117681e+00
6.926847808770377757e-01
4.855044976376873267e-01
9.207877015253985720e-01
1.187032681829887970e+00
8.384045047486842206e-01
2.326401747032215417e-01
-1.623567172513020185e-01
-1.894125433707726236e-01
-2.607601931705313958e-01
-7.572919328984840659e-01
-1.077671865378716731e+00
-6.360865907338505432e-01
2.018361593964741740e-01
1.207010064219826928e+00
2.479486195703044515e+00
2.815667857529561058e+00
2.815667857529561058e+00
2.815667857529561058e+00
1.808556478953614821e+00
8.552812134192244731e-01
4.094561650090197125e-01
4.226937114418771735e-02
-3.418063541923259119e-01
-4.312250497108549019e-01
-1.391978727177965447e-01
1.331209711421885433e-01
1.293044188730468891e-02
-4.423830088281647810e-01
-1.031748463486765077e+00
-1.530264906480375720e+00
-1.878996078070819031e+00
-2.077493079991215463e+00
-2.008322218941959392e+00
-1.581390828721876085e+00
-9.595836430531687888e-01
-5.767006277601293140e-01
-5.333433475554660852e-01
-6.003405153795623450e-01
-5.898516746007660405e-01
-5.062399398668508965e-01
-4.893438491566477477e-01
-3.646502198102473113e-01
2.201387963055091157e-01
1.382730149967547284e+00
2.311407927152316244e+00
1.999577918901715323e+00
1.230985961103621573e+00
1.248147124907146077e+00
1.517897571851978267e+00
1.345486874648988307e+00
7.802072510625003288e-01
-7.849205829676067503e-02
-6.564397102375769677e-01
-4.777678703330739962e-01
-1.116224476027274093e-01
-1.993220046585165994e-01
-4.436293498247982359e-01
-3.462951459012296729e-01
1.130608090459226112e-01
4.206460131622694609e-01
1.167901456636946944e-01
-5.095043199012107005e-01
-1.013269658109238192e+00
-9.082490677915161514e-01
7.585295845826535432e-02
1.121318535462595412e+00
1.469703071270309414e+00
1.105149324819776124e+00
8.057246228021969214e-02
-1.021923163143134472e+00
-1.072177414882823587e+00
-2.104489156775765368e-01
1.776932508663681132e-01
-1.911021807987777488e-01
-3.231249843554641066e-01
-4.430372510103192454e-03
1.917834518100829111e-01
1.570540637722492860e-01
5.228784866142993648e-01
1.069913051747357624e+00
1.211914409350158595e+00
9.548738566343794032e-01
5.897916211710110268e-01
3.922432492370269558e-02
-7.648347802737475165e-01
-1.336684223688682449e+00
-1.344224210317131574e+00
-1.344423317930213635e+00
-1.672564243016043672e+00
-2.032974161493473542e+00
-2.380156098916935470e+00
-2.584614048313499168e+00
-2.165905566639807933e+00
-1.098134739932908888e+00
4.356938114508230458e-02
4.730310426717780903e-01
-2.415625674925811137e-02
-8.741538498376451027e-01
-1.510526973143132112e+00
-1.744655962310861952e+00
-1.749900414547550742e+00
-1.751020828220706482e+00
-1.728264124992470840e+00
-1.563073199953227022e+00
-1.104243245291575137e+00
-2.472328068741224683e-01
6.708791673821817847e-01
1.069171668655697793e+00
7.567453015579490572e-01
2.030212400494669223e-01
-5.727854700073040789e-02
-3.048630571278270751e-01
-9.372240124227563252e-01
-1.245139577683292087e+00
-3.981674956027291823e-01
1.192196427385205704e+00
2.383855802213306063e+00
2.592231953700065983e+00
2.320998150467239007e+00
1.847101048549838476e+00
1.015584449872634076e+00
2.412344262605627399e-01
-1.018679232209160346e-01
-2.282413677405051022e-01
-4.335176594716639298e-01
-6.953311430091653200e-01
-5.562524660673070498e-01
6.353006784333725676e-02
4.386223605192325903e-01
2.825989493153819865e-01
-6.294454252495766677e-02
-1.065115307009531498e-02
6.577995489953144537e-01
1.031590935927847674e+00
4.035503396458743341e-01
-6.315965274198294122e-01
-1.243406487433709851e+00
-1.320310864360085157e+00
-1.117480966818566790e+00
-8.368032232266683357e-01
-4.850421348824211498e-01
4.704180253283402752e-02
3.983303866414500960e-01
3.078407376503541348e-01
2.097306662551708945e-01
2.973232934506077063e-01
3.952598038846218409e-01
5.923045786690506187e-01
7.513959222011187267e-01
7.242989233692711526e-01
6.807899086939473987e-01
3.182417401483803587e-01
-5.507730440474594147e-01
-1.060057819520516587e+00
-7.801616034836110769e-01
-3.911831384839738468e-01
-2.489968473068310817e-01
-1.851893608217572151e-01
-2.344907812518618739e-01
-3.426609736009151863e-01
-1.620876398800014939e-01
1.935278915836425306e-01
3.509996148837089547e-01
4.469819602739404374e-01
8.208741497284528510e-01
1.272337381814135915e+00
1.393794522692312965e+00
1.212918711524332949e+00
9.092005712884606572e-01
3.786243581425232652e-01
-5.609171771381750160e-01
-1.741175564263986564e+00
-2.518431125406265014e+00
-2.266410729531135537e+00
-1.258714655239477231e+00
-2.918581511369958137e-01
3.593808229450627389e-01
7.073527023693713112e-01
5.827292472048175576e-01
1.626083073931905987e-01
1.640613751711186841e-01
7.615292817892450605e-01
1.259922424768865845e+00
1.322917480006251756e+00
1.332773393831512720e+00
1.613799069627488203e+00
1.904781848682759016e+00
1.448081180442957416e+00
7.691855911676245827e-02
-1.431835104667947611e+00
-2.362655865529915022e+00
-2.187823210153420739e+00
-1.019251487563868297e+00
3.578405409911707830e-02
3.235802720722157910e-01
8.488379809766698203e-02
-3.831447408298325197e-01
-9.600100928012850199e-01
-1.321516353829876644e+00
-7.124403722841246012e-01
7.778410279547705031e-01
1.559584172870107865e+00
7.454350990457412340e-01
-4.003952543015781851e-01
-6.816919310621516459e-01
-5.217972137024956547e-01
-4.212972860570079470e-01
-3.322043835672940926e-01
-4.188725111619222008e-01
-6.030101128449467662e-01
-3.975659712078177255e-01
1.743994364863051330e-02
8.054959301700471974e-02
5.374189296660286663e-02
3.583416429343850296e-01
5.958675072540919881e-01
3.579834825436435386e-01
-1.968511867780123881e-01
-6.199255794219995508e-01
-7.629845184976778993e-01
-8.238096652836772726e-01
-7.253789006994834088e-01
-3.008994059270791444e-01
8.437453662772102791e-02
1.250194852263676604e-01
2.015026306389861299e-01
1.841843388588344510e-01
-1.447747388543237645e-01
-2.505091578973445837e-02
6.927114523519499745e-01
9.836144353982950728e-01
2.485652061898206977e-01
-7.496970632443105131e-01
-7.561118016378777229e-01
1.827834347512252433e-01
6.902766578949784959e-01
1.646964666307138281e-01
-4.361894550395684633e-01
-2.051947394772308253e-01
5.361724762319006743e-01
9.722198464917426453e-01
6.890789895332360970e-01
-3.728103372987406211e-02
-3.722801536475922601e-01
1.255501550594738391e-01
8.217559641487557354e-01
7.533224739587878194e-01
2.464420348770793301e-01
3.375662041327702756e-01
9.459852229309274607e-01
1.283465368497905823e+00
8.983574350753770199e-01
1.675497471624413370e-01
-4.521781062103906457e-02
5.624365393432056992e-01
1.424326565009837564e+00
1.926154678612734816e+00
1.945410231980548410e+00
1.519267543301862755e+00
8.885164913218798199e-01
4.846531657493209355e-01
5.273011203003854508e-01
6.230852874586458867e-01
1.059448787507440842e-01
-1.013804848661790547e+00
-1.780920314976564445e+00
-1.581632732213546388e+00
-1.064811770512188005e+00
-7.163305831396508117e-01
-9.581799367295983083e-02
8.221230930604809251e-01
1.353748860118233477e+00
1.207778932521244686e+00
7.723132222642471456e-01
5.593415351372141853e-01
7.082347766573949821e-01
9.268196256437669645e-01
7.331836882491956642e-01
3.932854712165776423e-01
9.127009697680706912e-01
1.444873830849925822e+00
1.591259220302538413e+00
1.282720346657353350e+00
1.032712857234656001e+00
9.498328095396524340e-01
7.147157215522023099e-01
5.542957143867268677e-01
8.520605962684854040e-01
1.196464011115588644e+00
9.668064532510125542e-01
4.134241799092590597e-01
4.349549197639453885e-02
-4.781332446620482068e-01
-1.564872602592960904e+00
-2.326469039523400895e+00
-1.784501000054953490e+00
-6.364673240877654070e-01
2.477059934642568129e-01
1.255720819426578982e+00
2.408505343283981137e+00
2.738503262695882512e+00
2.738503262695882512e+00
2.010264908562374941e+00
7.611441982981129728e-01
1.115216956990401770e-01
3.617402498363128660e-01
5.854781381847303789e-01
1.928591857372792887e-02
-7.309469647596016362e-01
-9.118015993925729923e-01
-7.168103088019612823e-01
-4.956446885643372990e-01
-2.134325218985249351e-01
1.356076590210851252e-01
5.119760779905809800e-01
7.172083695435527151e-01
5.781409525046217190e-01
4.911483473565019797e-01
5.258621322238695717e-01
2.529770196183211972e-01
-2.766839744550859681e-01
-6.510601202273055277e-01
-6.902549428319799674e-01
-4.949538780905446411e-01
-2.547652582317710412e-01
-5.889372816191837390e-02
5.000894006569366057e-02
-1.971767668041658483e-01
-9.067746477709817121e-01
-1.548605382257200791e+00
-1.411088756209500028e+00
-6.956091877867051076e-01
-2.639948862621775416e-01
-2.543907109076235518e-01
-5.028168324178092785e-01
-1.051249057933763664e+00
-1.418908978500030171e+00
-1.135027952135495344e+00
-4.988275884202026389e-01
-6.830756440483463920e-02
-1.327628559227220055e-02
-6.187162982154973540e-02
-1.095886214130885467e-01
-1.380975339743582830e-01
4.114902504716057285e-02
3.916058001031231250e-01
7.577988354481591804e-01
1.061520159880118275e+00
1.082799298256675424e+00
7.486922281122271317e-01
4.785501831764228942e-01
4.386877031480015399e-01
2.470400163488216672e-01
-1.209928273686071282e-01
-3.839102605040500271e-01
-3.160745840958274488e-01
2.520986070800478873e-01
8.446651748208978683e-01
5.147302728006593053e-01
-7.333038471255828306e-01
-1.649420314104331764e+00
-1.556654567238576758e+00
-1.124927912231295624e+00
-8.144688502715119460e-01
-3.750609859728497031e-01
-1.054787872701539314e-01
-5.529805288373081940e-01
-1.105364319360411240e+00
-8.324908192629701942e-01
9.440138169731374096e-02
8.174139763128969172e-01
9.904111326019023887e-01
1.064333789719853485e+00
1.208661992959115583e+00
1.075891356368722240e+00
5.755268207434444117e-01
-1.454194499948370869e-02
-6.159688305628381322e-01
-1.345161250262679298e+00
-1.831831208559211444e+00
-1.509730253560525037e+00
-6.890569187255850547e-01
-1.298430519232741942e-01
7.624444740157100553e-02
3.234905166431620294e-01
7.686275448092418916e-01
9.712933985451274177e-01
4.101400468591835935e-01
-5.579566338257128111e-01
-1.194344436564449774e+00
-1.440274268932013157e+00
-1.711083615253491841e+00
-1.937639927883437529e+00
-1.633931998187118761e+00
-7.501735696571150136e-01
4.240546723196932377e-01
1.410993490354424340e+00
1.574992088627563014e+00
1.028018434936586623e+00
4.689182410301163673e-01
9.335603528560758313e-02
-2.083989794495353376e-01
-4.933771478271700150e-01
-6.089015990520111332e-01
-3.086194862135087646e-01
1.550041479592859095e-01
2.504143991293812377e-01
-5.799529009445292260e-02
-3.040089715868145026e-01
-3.182575628097312204e-01
-1.593627743096606708e-01
2.375614853984391872e-01
6.552457143694999653e-01
7.394840167470070336e-01
3.840055144015900868e-01
-2.798600905157938579e-01
-5.231712663084957526e-01
1.435887249146209077e-01
1.245695795962480146e+00
2.178267014345790287e+00
2.579467198443055054e+00
2.265163457672613845e+00
1.518033623040394353e+00
6.811244354005833168e-01
-2.823439736000294964e-01
-1.001691633201568843e+00
-8.828822688946698083e-01
-2.680436589118674329e-01
1.254902980290937414e-02
-1.144360642562231578e-01
-3.278785850373783783e-01
-6.581954714284250496e-01
-8.996773342347827995e-01
-3.228061766486797213e-01
9.701150578773816147e-01
1.485476635652387856e+00
6.926882407982166701e-01
-4.208059023014295019e-01
-1.221823739431028066e+00
-1.431374342267846433e+00
-9.358602667378340678e-01
-3.754875572054275912e-01
-2.236876833870974357e-01
-3.757163850609086808e-02
3.071240571248192719e-01
2.345937329097326496e-01
-1.590214931626546535e-01
-2.008465617927061575e-01
1.807701695857476809e-01
4.491489599391735310e-01
5.309638388850446145e-02
-9.986528690504631323e-01
-2.050181511383821320e+00
-2.518019454212597985e+00
-2.268010880479202296e+00
-1.363055349260761551e+00
-5.079026878596329952e-01
-9.292943830156786822e-01
-2.369020290058650335e+00
-2.733897860769939125e+00
-1.417014378177914979e+00
-4.712982284919441101e-02
5.335427168177084845e-01
8.342415403432085208e-01
1.205711303370026188e+00
1.332830619189221411e+00
8.253343441475993192e-01
3.548948520346977276e-01
6.443783140697889600e-01
9.742901268236900947e-01
7.853149549254671014e-01
6.229159084633683063e-01
7.702016990472692060e-01
9.326789896196955310e-01
9.204347423214646051e-01
6.078239645994838458e-01
1.040842344234965133e-01
-1.308166422915251759e-01
-2.791435164205449682e-01
4.843303934891330376e-01
1.580749862490923086e+00
2.081223165640530226e+00
2.018466508677343896e+00
1.603993519031103432e+00
7.738803816375797728e-01
-2.908706771911174008e-02
-3.856338398810492119e-01
-4.887890889716377529e-01
-3.183700096465639784e-01
2.591324897129508864e-01
8.334276556882911358e-01
8.744740170435874038e-01
3.463768775991476478e-01
-2.870500434886708585e-01
-4.628030976139030916e-01
-2.976244962161667118e-01
-4.244507831991291003e-01
-7.540344674649513967e-01
-7.113084993610306883e-01
-1.985414529631350233e-01
1.718365179514425300e-01
-7.805935653629617055e-02
-5.150081239963463231e-01
-4.915472466445466315e-01
8.204486264267638052e-02
6.352854166380074163e-01
6.199193602127562874e-01
1.641681550580119664e-01
-2.064494578696797755e-01
-3.531759174090329800e-01
-6.531891745165629981e-01
-9.408962925361483709e-01
-7.061249549025142569e-01
-3.956742906544044591e-01
-5.004620948248617029e-01
-4.450449414385624913e-01
2.065482803883006424e-01
1.089737607965074684e+00
1.713171724426061804e+00
2.061769533584776326e+00
2.269426317772404111e+00
2.193128500855692664e+00
1.856053235516849975e+00
1.289030402464014458e+00
5.450091777297032536e-01
1.648122320169217447e-01
4.395637866077045097e-01
1.051853990089880453e+00
1.585075305395551526e+00
1.527435476932702763e+00
6.991843760506297745e-01
-3.866055863999385278e-01
-1.043447129214723157e+00
-9.972340082014901075e-01
-4.915995644090839223e-01
6.460560545480086014e-02
4.100877581718833653e-01
3.867802874171440974e-01
1.308097707984999802e-01
-1.380379533363801647e-01
-5.787191998739976695e-01
-1.330013231051701661e+00
-1.753235093988806836e+00
-1.179630479881333960e+00
-2.740360338221576875e-01
-1.008084180063801155e-01
-6.861542569881422526e-01
-1.057500844333471690e+00
-6.823292218513534735e-01
-2.054551055591600783e-01
-7.734990084770497487e-02
-2.505250093663299524e-02
9.035625564850933988e-02
1.523497417646838825e-01
4.553091656422594835e-01
9.012395286197401045e-01
5.230002607014038185e-01
-8.496847441971556725e-01
-2.162790299404124816e+00
-2.424373764930972897e+00
-1.483739150429983278e+00
1.044516643936749672e-01
1.315291897788119835e+00
1.375457333683119732e+00
5.013007790042857126e-01
-2.913688546447127381e-01
-2.018975331154275188e-01
3.051988609743500613e-01
1.638739539917231092e-01
-6.900068889739311428e-01
-1.415080521261685043e+00
-1.375269782303297106e+00
-6.219437008502544106e-01
3.546391178739224936e-02
1.093365617104570392e-01
2.797446283441770154e-01
8.045261457275444394e-01
8.880158844417058717e-01
2.547124679160409633e-01
-6.533843679332843601e-01
-1.554647626794805726e+00
-2.244825733409101520e+00
-2.516951024737708043e+00
-2.395864792835780577e+00
-1.836329410960076514e+00
-7.138502882026959151e-01
5.452037279599238895e-01
1.156013336054988683e+00
9.387646585383527809e-01
3.612331737669028375e-01
9.335091569648618429e-03
1.436138510642531729e-02
7.927671703843226780e-02
2.145144520580120617e-01
4.602833572850063559e-01
4.317091664332244894e-01
1.532975817048280731e-01
-2.363797623706089257e-01
-8.862802030681962151e-01
-1.250439910532692434e+00
-1.120999683284462867e+00
-9.417465515057316106e-01
-5.694688273023975622e-01
3.824045580982653875e-02
4.739847264519199133e-01
5.350673770805970397e-01
5.473441175754254484e-01
9.140142240010015184e-01
1.239058646819016785e+00
9.990006583547511587e-01
3.317309161750481294e-01
-5.514686014101698452e-01
-1.359508650373093541e+00
-1.355372897046361880e+00
-5.150451662761995619e-01
1.536182312613972034e-01
2.866162785269272817e-01
2.547153613414274154e-01
1.805424919161720820e-01
8.824157144012195753e-02
2.188878285913057886e-01
7.135770836374815129e-01
1.023094942063535351e+00
4.068481771293513960e-01
-7.708977926856425134e-01
-1.492109234379700888e+00
-1.342654212942756109e+00
-5.930237671891321893e-01
1.928150981649914275e-01
4.946498759973779746e-01
3.040703559736151473e-01
-3.426162716775782435e-01
-1.534501832460069437e+00
-2.417203647543896938e+00
-2.402390712291231800e+00
-2.140466247397585509e+00
-1.783806030776634577e+00
-1.239295460231617740e+00
-8.403768462101722792e-01
-3.906749125708828263e-01
4.296160334614386178e-01
1.143330435702814896e+00
1.096993192337141654e+00
4.015598003128510451e-01
-3.391271281648009506e-01
-6.871862724291395441e-01
-6.461397331023540636e-01
-6.076340647787917826e-01
-8.081444296590117871e-01
-9.581057315313622480e-01
-8.935196910222295008e-01
-8.121277813068079610e-01
-5.186236378713497963e-01
6.602933251404814741e-02
3.958197820620633633e-01
4.608724123074102175e-01
5.643417983720057096e-01
7.640315341423862261e-01
1.291865875416357889e+00
1.919798586462472256e+00
1.932701543559872226e+00
1.256786056763614656e+00
5.124682441121366505e-01
1.175993646221469568e-01
1.933593474146218794e-01
9.490875939586383980e-01
1.950877936093821763e+00
2.275005274839223990e+00
1.890890412016004829e+00
1.367438293639573255e+00
9.341788205648989818e-01
7.802019699413844656e-01
8.668897481190027676e-01
5.984837506707104682e-01
-8.204257571058680421e-02
-5.411672939474906352e-01
-6.161148288969585662e-01
-4.450141826149535684e-01
6.141561293636828012e-01
6.332753532118982065e-01
8.599516815224622635e-02
-4.142891074055899958e-01
-5.305009176684882810e-01
-2.219716573030040829e-01
1.196319705731054839e-01
6.415183365137526461e-02
2.068906362716344937e-03
4.164426685351814705e-01
1.164864606745870113e+00
1.713827166729662066e+00
1.621329956178901632e+00
9.309098388840687521e-01
4.565479118324249769e-02
-5.680720768858938952e-01
-3.906473680476398314e-01
7.461143321561787278e-01
1.864435087233127009e+00
1.908827659683972389e+00
1.119191244703524157e+00
1.386195312353008247e-01
-7.157119805968672477e-01
-9.400012038803273740e-01
-5.037987641337775546e-01
-3.399802161022538183e-01
-1.060552594943468652e+00
-1.816722155856713705e+00
-1.501025556241331271e+00
-2.644915409693006092e-01
9.245225100741287783e-01
1.403075267111241864e+00
1.262466556700768683e+00
8.553296694854564119e-01
5.822669057148112115e-01
4.289341420505173863e-01
8.882582382742551519e-02
-1.790512276762444566e-01
-3.479422778337621924e-01
-7.952488352643911629e-01
-1.149539829071329899e+00
-8.811374176509365608e-01
-4.223752024385744042e-01
-3.523675676101643561e-01
-5.650718267936253314e-01
-7.920653101333883228e-01
-7.926402399705660962e-01
-5.608018917994624930e-01
-6.861671765949571844e-01
-1.121360668911910219e+00
-1.066960836985640260e+00
-6.321479259438943510e-01
-2.613382126565855224e-01
-2.882708009568477059e-02
-2.441576419574171819e-01
-7.662873470352421501e-01
-8.453371149255531902e-01
-2.793971716010579254e-01
1.214298661070309232e-01
-2.833383068012992889e-01
-7.530250430429978881e-01
-5.956347098214995750e-01
-5.068996448318773274e-01
-9.612394761327009984e-01
-1.313808632353842265e+00
-1.113100606216060884e+00
-5.829108684559676234e-01
-2.174266271677040563e-01
-2.215484329624749782e-01
-2.894673204566802771e-01
7.441338706867623061e-03
7.939811955120561482e-01
1.523163124578841732e+00
1.613813265602584757e+00
1.399638864335444044e+00
1.234336456036912111e+00
7.848891257097815322e-01
2.242503376742323029e-01
2.226521591446671000e-01
5.770775097293211475e-01
4.227289781207363428e-01
-2.800709659825899034e-01
-8.292729841363978283e-01
-1.054715990573976248e+00
-1.518011934759854187e+00
-2.222232114102900891e+00
-2.217962829772575528e+00
-1.399162534199788865e+00
-9.001543181768414392e-01
-1.562669664335492259e+00
-2.598183612346634419e+00
-2.502705104700209571e+00
-1.176273022734215523e+00
1.710093479014567763e-01
4.241442164978125873e-01
-4.611924143820260724e-01
-1.457341980791291736e+00
-1.793294536668128325e+00
-1.550568443148596431e+00
-1.070425142113799133e+00
-6.245548748513969350e-01
-1.522372428710339065e-01
5.095492523775051463e-01
8.638072873226859683e-01
4.589643383163420909e-01
-3.185850059119083588e-01
-8.718020859939424883e-01
-8.617803377886658067e-01
-3.066361499941521185e-01
3.582627144897465588e-01
5.394372547034862464e-01
4.043699613324562847e-01
5.842629519455567744e-01
7.371685217389813971e-01
3.048713820254738693e-01
-3.112744995990187613e-01
-3.940083319419618868e-01
2.351022540155573992e-01
8.628744409467759002e-01
8.274602986034379493e-01
3.051679441839137974e-01
-3.407683738143533758e-01
-7.114580949428859213e-01
-5.137927454433575125e-01
-1.031258199707370538e-01
-3.930270896698698918e-02
-2.999091552369689828e-01
-3.543637345362603552e-01
1.434226926548209657e-01
8.439913106869374460e-01
1.254818409280203717e+00
1.181653601766060380e+00
6.194735206920307657e-01
-2.381096950205457974e-01
-1.195849999059315882e+00
-1.613115239770838372e+00
-1.062483489499865152e+00
-3.962582508992236741e-01
-1.728319094246344167e-01
-3.999841685707508643e-03
7.603265762593983124e-02
-2.047064134755413878e-01
-6.014328950927971817e-01
-7.629635188388947942e-01
-3.780206133782577638e-01
3.476821309910771429e-01
6.561637124766752649e-01
7.498031344903145490e-01
1.250837072210078116e+00
1.578496939898462736e+00
1.232395292641799367e+00
6.310971540868656193e-01
-1.013480980494894934e-01
-9.517914432405528702e-01
-1.455949241279286932e+00
-1.199111550929707448e+00
-7.316027942751769653e-02
1.308971458743693583e+00
1.928623785694815851e+00
1.637533921660856873e+00
1.368790989387518975e+00
1.635019964487089084e+00
1.633723906720143892e+00
8.505289710519561286e-01
-1.285052496882388151e-01
-7.782014357755369094e-01
-8.420543375955125143e-01
-3.216696142524040902e-01
3.337162789619125269e-01
6.660757824055963949e-01
7.449825998433018404e-01
7.609692405757813027e-01
6.675969569361739353e-01
6.100283421394269157e-01
5.852693678900849905e-01
2.029682425263073242e-01
-7.738458468910894839e-01
-1.864411274476244218e+00
-2.283952504583221188e+00
-1.792556949596485039e+00
-9.163386543431738529e-01
-2.497045709362619437e-01
2.385024283734799022e-01
5.959972033913857326e-01
3.749193441415448191e-01
-3.333935583658569901e-01
-4.623879083243083721e-01
2.815351044154557059e-01
1.197781074849532557e+00
1.869409307632216244e+00
2.116450734733748007e+00
1.750471106582438319e+00
9.494724864302815925e-01
4.771072659731038224e-01
8.419353212438096534e-01
1.654321580064714858e+00
2.353364214095563511e+00
2.527315752966766915e+00
1.944701785514240999e+00
9.116550937753237216e-01
-6.251146962133778684e-02
-3.131014868816935776e-02
3.263144890827699429e-01
5.643849802180783692e-01
1.298745248177143041e-01
-6.175685442356683152e-01
-1.025824897200079189e+00
-1.037182190807708349e+00
-6.739018583656372074e-01
2.576030126868011361e-01
1.165723857564348043e+00
1.141435919670847676e+00
2.720149764537785342e-01
-6.049703127484635790e-01
-1.184636062922925559e+00
-1.391752736240745136e+00
-5.207116274459399063e-01
1.056671357886882490e+00
1.682498664788235399e+00
1.083610241390843498e+00
4.175834157257214407e-01
1.297752374696522215e-01
-4.241182371317781669e-03
-1.281986671610538253e-01
-1.943569942775263959e-01
2.690980231475155748e-01
1.367076916594493596e+00
2.396868204964512916e+00
2.644132806226382915e+00
1.934954361349275898e+00
7.891782985811504059e-01
2.173787638934038605e-02
-8.953074595092334886e-02
1.745741352999905238e-01
2.377415345404348956e-01
-1.984964099775443358e-01
-8.114052202245134460e-01
-1.262632361653693414e+00
-1.207200846466136124e+00
-4.117170928727401646e-01
6.328138128534436246e-01
1.120863402181386581e+00
8.095810055329764054e-01
2.722959529106245835e-01
1.133932575780555868e-01
2.191460550269198060e-01
5.403829529766991380e-01
1.271490991484706568e+00
1.827585409193033916e+00
1.764104188019419261e+00
1.565604474113591715e+00
1.562566545668022222e+00
1.556711688150405282e+00
1.249982319300401601e+00
4.721064660769092036e-01
-3.090818333789872585e-01
-4.666193711439025615e-01
-1.881075346591075947e-01
2.433167702842829461e-01
6.713223427190168069e-01
7.749221524222092983e-01
6.576753985103727107e-01
5.240716993758758324e-01
2.428178052032370915e-01
5.699191490661162894e-03
2.285796029139454955e-01
6.622020309352256717e-01
7.487467476053506488e-01
3.994219393900768633e-01
-3.074796798959285593e-01
-1.131114821924126712e+00
-1.589747097235780338e+00
-1.477459618824862764e+00
-1.027488785380972436e+00
-4.676692960137753818e-01
2.346083882258580278e-01
8.918379058839904783e-01
1.178536242069404105e+00
1.027826561041493836e+00
7.308077389018898806e-01
5.441094660336536215e-01
2.469967221000259339e-01
-4.164867542722857641e-01
-1.174851827659779246e+00
-1.635177549454635004e+00
-1.800339106057230909e+00
-1.517374010019940433e+00
-5.193214016019594981e-01
6.876408541808310959e-01
1.188559572504264805e+00
9.185677617984748800e-01
5.210877578896930817e-01
2.153636147848078108e-01
-2.917290309980148932e-01
-9.499412868618797301e-01
-1.176371419034081933e+00
-7.823594969109993746e-01
-2.270446770094757816e-01
1.485136322831278333e-01
2.534887388652738438e-01
-2.269611572223097229e-01
-1.205841472977113416e+00
-1.966842137654483569e+00
-2.066875480489192007e+00
-1.745016026056938063e+00
-1.631519105899296607e+00
-1.703901747020757584e+00
-1.541757670638578936e+00
-1.294905188466462187e+00
-7.746251234991777812e-01
3.548155315262107035e-01
1.295024732692594771e+00
1.117466584983812350e+00
4.273229024820115463e-01
4.572051167587539156e-01
1.053728730426282345e+00
1.415064554281515008e+00
1.374218264054003935e+00
7.986408167905502120e-01
-2.117229700971123285e-01
-8.627904293287171900e-01
-7.756789127709745602e-01
-4.008982037233156381e-01
-2.439454696183409876e-01
-2.864590515529089609e-01
-1.563103316807486487e-01
1.414367012950535074e-01
-3.948878723459316176e-02
-9.091995502331604584e-01
-1.422406567976361114e+00
-9.440682002102004367e-01
-4.014760670280907995e-01
-5.874849905031783726e-01
-8.947870120213472500e-01
-3.599076979479984839e-01
9.695504215883673504e-01
1.943646510548349582e+00
1.805149812395751452e+00
1.257961125360141041e+00
1.070419227730725176e+00
9.189479876497755884e-01
7.052334506244994916e-01
9.204276547898767591e-01
1.230158836642577302e+00
9.242335480893305588e-01
3.848904130024100034e-01
3.513766101160168409e-01
7.737585934259356701e-01
1.258013398187616483e+00
1.304514096151921265e+00
6.731245180742677636e-01
3.387139091339686631e-02
-2.288366774796165293e-01
-7.059065143874869719e-01
-1.466362738783017816e+00
-1.816633641590239101e+00
-1.331525078827382469e+00
-3.802871427549463501e-01
1.484418737798924026e-01
-8.526127338747568896e-02
-6.944789614865499727e-01
-1.264695624383362693e+00
-1.168673491291083222e+00
-1.505037828476604722e-01
8.349741174956590850e-01
9.256272026979982526e-01
5.152891805319410601e-01
6.107584684134013120e-01
1.383630025359515292e+00
1.970085953562526804e+00
1.711444310972422223e+00
8.419259492816095758e-01
-1.158951110966672526e-01
-8.996275438518415157e-01
-1.336648832644636187e+00
-1.540764125276637531e+00
-1.723457777876735486e+00
-1.734419991450963927e+00
-1.433066089978284996e+00
-1.084706750614335524e+00
-1.019441442337211123e+00
-9.616335501876283054e-01
-3.497853299240634151e-01
4.813713934107498593e-01
4.687160496587683411e-01
-6.430214886078955416e-01
-1.805035187597116009e+00
-1.982800889891891405e+00
-1.193488460225330394e+00
-3.053845650520704003e-01
-7.139757883867192678e-02
-2.238320013231486494e-01
-6.289524326468950988e-02
1.513379672950082855e-01
-2.328540035397946573e-01
-9.014700441940153297e-01
-1.081042396894654534e+00
-6.542764869890331791e-01
-2.422101796404475468e-02
2.511081398917351382e-01
9.023453977634628975e-01
1.506120587794379739e+00
1.422151255845903295e+00
5.583266184317715597e-01
-4.819456012852751936e-01
-6.136660366893751384e-01
3.018595992649241166e-01
1.203327262732265979e+00
1.555458666560896708e+00
1.431360648618323683e+00
8.289921174597281173e-01
8.960798183685456109e-02
-2.250461907227963299e-01
-9.979918598338050062e-02
-1.621146303781832720e-01
-7.923147298735349064e-01
-1.758203332635051019e+00
-2.455547271655824204e+00
-2.294131403815192982e+00
-1.463228165565829020e+00
-5.407294079042276325e-01
2.966823113423818770e-01
1.031828263950877345e+00
1.351932804770875407e+00
1.053137226526548842e+00
5.384743480316629416e-01
2.985890508582007552e-01
1.943858573085791019e-01
-1.679592287213191870e-01
-8.294700413446173259e-01
-1.568924797142301708e+00
-1.905295238174576244e+00
-1.449740357405259195e+00
-5.612247466599274981e-01
1.208675641886494817e-01
4.198637716782115392e-01
6.402406933937866418e-01
1.064772689281291207e+00
1.462054099171809618e+00
1.646427324342782050e+00
1.698695131314194695e+00
1.381544779803685064e+00
5.332027940789160203e-01
-3.432319277292710247e-01
-7.051155717207729934e-01
-5.735731085119859518e-01
-1.706645211726082467e-01
2.471208016006012642e-01
3.796703252175150367e-01
2.506097161385158478e-01
2.872797938774542814e-01
6.035025264304273440e-01
6.078288101181172909e-01
-1.721359591278914525e-01
-1.281643468974165367e+00
-1.560976064493224902e+00
-6.693240198815857411e-01
2.277462419069756216e-01
2.033931276799929577e-01
-1.666432746260512743e-01
-5.808342863106791265e-02
3.207227388116905553e-01
5.197863982384643977e-01
5.792723010375891990e-01
5.495947448577876981e-01
5.398888949477472776e-01
8.051409114161049985e-01
1.460553401765286141e+00
2.335006940616935811e+00
2.722531504715997919e+00
2.482556330898541663e+00
1.573623311618173926e+00
6.528534969591708315e-01
1.844039472729916695e-01
2.775577782281954398e-01
5.099895598531419827e-01
5.176765419947803037e-01
2.274612272561162551e-01
-2.007230445400014773e-01
-2.579891706227686599e-01
7.891899904489804718e-02
5.226312310530539101e-02
-4.796952644720263725e-01
-8.062165529797529206e-01
-5.360666698554923393e-01
-1.658231440817733715e-01
-1.171358689920168339e-01
4.320863759216566485e-02
5.043593500161888121e-01
8.154880701949184241e-01
9.434841140786544011e-01
8.892264901560633650e-01
4.452019868687405180e-01
-1.999529185472807141e-02
-2.602489662438464690e-01
-4.395424001250471946e-01
-3.367799248702220694e-01
-1.971254413606678482e-02
-1.037824810384886248e-01
-3.387029591110919946e-01
-7.904324445258970044e-02
2.568139371845871710e-01
-8.881845343510001711e-02
-8.983892466440602798e-01
-1.601477808784198986e+00
-2.093269654027864135e+00
-2.271303068401839820e+00
-2.226078549791731920e+00
-2.255420226816617024e+00
-2.111183840994464767e+00
-1.290706982191149210e+00
-8.438709322333341756e-02
3.776836994548792292e-01
-3.872397577064818353e-01
-1.176924582259559093e+00
-8.429656981730843102e-01
3.543472980077665146e-02
3.709529574811312180e-01
7.469336045201067920e-02
-1.270604090207597403e-01
8.979240631550093610e-02
1.517344446188582663e-01
-3.371667776192096566e-01
-9.307282491836865734e-01
-1.232170472591059607e+00
-1.240025931749943133e+00
-8.812077905607534900e-01
-3.862319015953640799e-01
-4.007924460376213194e-01
-9.147085679798304669e-01
-1.168759277540947217e+00
-6.498450767743307877e-01
2.944291160969019217e-01
6.977478379859944901e-01
3.248654548947715881e-01
-1.915702582044290780e-01
-5.799646600022476672e-01
-9.547303169953066382e-01
-1.177684478334554141e+00
-9.331389447384371705e-01
-2.241850492011406015e-01
3.201905858416694839e-01
1.712411036392492980e-01
-1.561622859146783449e-01
-5.525274846518479777e-02
3.042631555920538022e-01
6.836480992966190717e-01
8.920205283562293586e-01
7.311614606093241875e-01
5.147994444712702400e-01
5.189764196442919753e-01
6.654314476411246071e-01
1.004535040693750991e+00
1.270636053490012074e+00
1.003816495282579657e+00
3.221467624935713814e-01
-3.169652562535707485e-01
-6.197656133418824043e-01
-5.673628696696247919e-01
-2.710224302587332934e-01
2.212644725295410952e-01
9.875551015999570748e-01
1.797241143266140817e+00
1.759934047495550269e+00
5.706159558004062493e-01
-9.037187974941676138e-01
-2.027251781471308245e+00
-2.592415682711154634e+00
-2.179800172347553744e+00
-9.397341941862187298e-01
-4.906449319409381116e-02
-4.657105327962554053e-01
-1.461695498192993048e+00
-1.650732819366656834e+00
-1.081186286859859624e+00
-6.173197909284753315e-01
-5.657917231221377685e-01
-5.950985092040605995e-01
-4.241416612806774289e-01
-3.771107685650484931e-01
-5.440649387261242698e-01
-4.551038819648949296e-01
1.179638468778363564e-01
7.210532703473130356e-01
9.280409840911135744e-01
8.036008853884665237e-01
6.736886354770337260e-01
6.485688897687559296e-01
4.165090112689600610e-01
-1.566418520979526718e-01
-7.996660040246440504e-01
-8.060840946888706560e-01
2.025565266035754264e-01
1.491265082088740979e+00
2.046768999778989517e+00
1.891397656895887458e+00
1.804379584308478890e+00
1.707907617025675506e+00
1.046786144774605631e+00
2.849061083167412911e-01
