-8.203254747660982948e-01
-1.587695947961511589e+00
-2.077126601988251942e+00
-1.762137682793285531e+00
-7.426197724690581925e-01
3.947434913781056598e-01
1.404052270931586133e+00
1.978665917459312640e+00
1.912274801326375062e+00
1.624709364252977961e+00
1.338063379719250934e+00
6.833079825714603039e-01
-2.046257057867439944e-01
-4.629877113072276562e-01
2.376791204772253918e-01
1.109045014849170174e+00
1.287167734565442645e+00
8.542090617436672861e-01
2.428629005871623947e-01
-2.791632450231502638e-01
-4.259222231379222734e-01
-2.685720097692991248e-01
-2.488268745830706299e-02
3.653209151711729330e-01
7.491747084638670229e-01
5.618387450923642001e-01
-3.437653473394398085e-01
-1.086689933681705078e+00
-9.178600772343831204e-01
-5.369095497345995893e-01
-9.614311694613809633e-01
-1.834530193393919761e+00
-2.249682873595554966e+00
-2.353616303404176158e+00
-2.448350835520366697e+00
-2.009017664920832669e+00
-7.066726716944171649e-01
6.002695717015956722e-01
9.665473342615685803e-01
4.978243132447864316e-01
-1.844825273588450165e-01
-5.847118719878428017e-01
-6.789024712178686194e-01
-6.694748752829539074e-01
-5.784177092991342750e-01
-2.561201868342383170e-01
4.382100082039011579e-01
1.102835991900078083e+00
1.228675702279660387e+00
8.850567703729995683e-01
3.886553220452044766e-01
1.046902662113893684e-01
4.390065381167684855e-01
1.304150030909578817e+00
1.952287790368737008e+00
1.935861640657077665e+00
1.436538666979401579e+00
6.867637734158745788e-01
-2.278996716925332233e-01
-1.033339948726162527e+00
-1.367591238650827101e+00
-1.187749529884592592e+00
-6.653803757965673915e-01
-9.187315004013897612e-02
1.830479626088803713e-01
-1.737848234746975935e-03
-6.751153636619854348e-01
-1.575773072722767010e+00
-2.028162219955576884e+00
-1.712091903659242575e+00
-8.717927340374831413e-01
-3.556284145843646716e-02
3.779921955682695178e-01
3.777864123037334987e-01
-3.675599674007799800e-02
-5.372137585892781120e-01
-3.701785085031620848e-01
2.656888390079537587e-01
4.924627471751866215e-01
1.384254820813141940e-01
-5.773861087654810209e-01
-1.355499899654236895e+00
-1.340419552803562731e+00
-2.504892764397720906e-01
7.579987824121128259e-01
9.295785667992197965e-01
7.569956347420839782e-01
6.265890587079301355e-01
6.273287928690733928e-01
7.396669577101323556e-01
5.594522301439891487e-01
-2.231393913056153588e-01
-1.079156343476444624e+00
-1.334714866477257678e+00
-1.244494404727821912e+00
-1.219731981768399587e+00
-8.577846140875040604e-01
1.295463812440145746e-01
1.170652998615169471e+00
1.611633494554653767e+00
1.401219283812812577e+00
8.512789110401253190e-01
5.913083817517488239e-01
1.169479637242045289e+00
2.087030789331095537e+00
2.421914393982302460e+00
1.937065038458520849e+00
1.151142799500541658e+00
8.738554690880533382e-01
1.304287689064181910e+00
1.688516268756402150e+00
1.565645699959831161e+00
1.263529190453909212e+00
8.650103113820996059e-01
1.540835579207119055e-01
-5.469121861320483946e-01
-6.904783954706430471e-01
-6.162250365689964093e-01
-6.998392674169375827e-01
-3.620399545243759287e-01
4.872499680556481305e-01
1.303191512612390301e+00
1.886074711608305643e+00
2.134335021030769663e+00
1.851863908833159877e+00
8.836851150219008355e-01
-3.249989198030982518e-01
-9.402285508344876419e-01
-8.936999388137534250e-01
-1.015702930550278715e+00
-1.603224037171374183e+00
-1.860724717142260065e+00
-1.488786913427434744e+00
-9.183287851113609568e-01
-4.873040078705994649e-01
-5.035861347182181147e-01
-6.960630078995325709e-01
-3.305241282102300837e-01
3.575442750222749266e-01
5.566837794568254560e-01
1.931144082616683411e-01
-8.813505403557653217e-02
2.130494617839472915e-01
5.463430692166995062e-01
8.073792627853809689e-02
-9.014497432443807634e-01
-1.416026414997758165e+00
-9.940719432465330296e-01
-9.873631318890005448e-02
3.695565158872972655e-01
2.045998495581990984e-01
-1.228889088250684491e-01
-5.855285827222143080e-01
-1.213337973470822062e+00
-1.676652156943331473e+00
-1.727072432635001320e+00
-1.371816822099068078e+00
-9.059288088269324968e-01
-6.129775482232526773e-01
-5.981416093144382717e-01
-7.630028352254151214e-01
-7.375780180524256213e-01
-5.216286284048212707e-01
-5.786980537684138781e-01
-6.951748361084196803e-01
-1.667714323330993509e-01
7.096329507039845774e-01
1.017609000765179461e+00
8.977081693603293777e-01
7.991494767897954210e-01
5.823685906991409311e-01
4.534627033892191239e-01
5.488916885435443094e-01
5.506701267791114240e-01
6.182534193550464074e-01
8.643993171978784362e-01
7.970974867966623689e-01
3.559285627292643195e-01
-2.464884731852602998e-02
-6.360733362125292611e-02
1.520050073883555675e-01
2.703690167319366400e-01
2.597896756947326580e-01
3.387291562568194858e-01
4.271810213333722683e-01
2.981909650893888597e-01
-3.708535990070794403e-02
-4.788516770610363182e-01
-8.622326281603807097e-01
-7.018545168492789088e-01
3.291689022586914010e-02
3.546517622848207596e-01
3.542334089772115197e-02
1.123291490661450370e-01
7.549470795917991861e-01
9.393709160101665345e-01
2.741099020679948484e-01
-3.206610094966918512e-01
-1.856256264951436363e-01
9.266396659494234578e-02
-1.174756069345122667e+00
-1.797450852704508995e+00
-1.724773656240276676e+00
-1.060463538861289523e+00
8.651289504163532651e-02
1.616405702848727532e+00
2.788905954059217596e+00
2.788905954059217596e+00
2.788905954059217596e+00
2.422519018339066132e+00
1.289402897796467995e+00
1.394676589971501415e-02
-1.285372784437854188e+00
-1.807004615426792249e+00
-1.144847097486785259e+00
-3.858722251153255400e-01
-5.916743933673650480e-01
-1.418192259013487222e+00
-1.941621969958134297e+00
-1.881324463080420006e+00
-1.483564352741301828e+00
-7.045923764745152251e-01
5.267696299164633666e-01
1.371367846255461931e+00
1.125189787685970666e+00
6.197770628747808486e-01
4.103137206472093901e-01
-1.913354429893086850e-01
-8.866753912044422758e-01
-6.509547532182580198e-01
2.311773796121684432e-01
8.183156895174338308e-01
5.731317913383808804e-01
-2.262095373905803064e-01
-6.567052085753427582e-01
-2.902438459105045609e-01
4.290542296017781781e-02
-2.985709821288698440e-01
-6.514880587952643909e-01
-1.793518392698454644e-01
8.802118435091951243e-01
1.472106762538861746e+00
1.220714234792341646e+00
8.900468666909366888e-01
1.029174478751742949e+00
1.136318543858738428e+00
6.366435840623954068e-01
-2.277495387647942293e-01
-6.935865017754589967e-01
-6.906083733746130049e-01
-7.162888711035294564e-01
-7.743931658902715176e-01
-6.662450793267962190e-01
-2.060445616865423657e-01
4.747791498401967569e-01
8.746933989193109715e-01
8.605852372413902440e-01
6.833066828882103927e-01
3.791614113676798903e-01
-1.269151637205156169e-01
-6.030152080688049310e-01
-7.663369505509721735e-01
-6.154653272145580445e-01
-5.168479803517820326e-01
-7.580674996288933043e-01
-1.122891812903929587e+00
-1.336584837151911342e+00
-1.333579349762153310e+00
-9.837822075708066993e-01
-2.271353309233224427e-01
5.491913468969968903e-01
9.318362594178417613e-01
6.479454512449663861e-01
-3.342764377860250047e-01
-1.106019367781361895e+00
-1.021622487467587437e+00
-7.664912724905651453e-01
-7.700081786879895418e-01
-8.324204008561975066e-01
-1.027421702226773759e+00
-1.301523678637737325e+00
-1.536645890450980101e+00
-1.835164331699021378e+00
-1.985356772121779967e+00
-1.727363259887743085e+00
-1.205884086357196905e+00
-6.386921794664790486e-01
-3.529970116881785414e-01
-7.585404995937582440e-01
-1.351702805532779994e+00
-9.675245027899372907e-01
1.371107345207878969e-01
7.386989032572891523e-01
7.351193412571932484e-01
6.386500655153166672e-01
4.735151323930144041e-01
1.920213082699251395e-01
-6.154844158368933012e-03
-1.052930182003111864e-01
-9.140526528758778635e-02
1.596770397104958217e-01
4.053494363768856967e-01
2.194358822424596622e-01
-1.505649757886672914e-02
2.646544217267723376e-01
6.506937521169066097e-01
7.253675304608722119e-01
5.042834054917323394e-01
2.694819627843590970e-01
3.908496440488921642e-01
8.203222065843418509e-01
1.409763549042716280e+00
1.885273599781029485e+00
1.861640373522924552e+00
1.558999327386157763e+00
1.414273463484915450e+00
1.472628624072234160e+00
1.472628120055284873e+00
9.759352328969286283e-01
1.621408134511548860e-01
-2.195138268584250762e-01
-1.047462559029566226e-01
3.322176180182767058e-01
8.624548713372187647e-01
6.995396869022459940e-01
-2.461685962929232585e-01
-1.092229170747016198e+00
-1.181531221790772967e+00
-5.406731591723413777e-01
-2.674970612952053822e-02
-2.689231723672485530e-01
-8.434816260402340227e-01
-9.428089820295616486e-01
-1.965570693848442962e-01
7.774066526404408428e-01
1.110147648951661292e+00
4.460545915279623963e-01
-7.396911021029165534e-01
-1.253429371154761940e+00
-6.932646304366513190e-01
1.081454996217451753e-01
6.112030504645995510e-01
8.450173928540949397e-01
9.586825655050632555e-01
1.342972826953424681e+00
1.929378325524237381e+00
1.999401670284398191e+00
1.240037289274076304e+00
3.739965292290807763e-01
2.725712422996001694e-01
7.761720803815975733e-01
1.136018410482550589e+00
1.049151904453948125e+00
6.951856718391261625e-01
1.886046194712731605e-01
-9.768331906326968572e-02
4.200100484286060087e-01
1.127670340205971344e+00
9.838490756058579922e-01
2.654340998826273390e-01
-4.144897531673328861e-01
-1.032589806914633535e+00
-1.537273434270753691e+00
-1.401682425848903124e+00
-6.777688436611306599e-01
-7.537855474260998778e-02
2.767882118497771438e-01
-9.240852947628001163e-03
-1.323732644722687812e+00
-2.452939551090989045e+00
-2.147053310518479474e+00
-1.187189718875831801e+00
-6.967335938591288080e-01
-4.344052762527939038e-01
-2.396353962008678784e-01
-4.022921264522241191e-01
-3.985249699714095151e-01
1.097151996706699911e-01
6.636070761987408195e-01
1.022737896868874952e+00
1.000198218073307332e+00
3.597050006897598573e-01
-2.744295619185395663e-01
-3.339532038469964492e-01
-2.572078645898602245e-01
-1.782663826441457100e-01
5.442196106024498048e-02
1.044428955376679735e-01
-1.919838204317355634e-01
-4.348866620998465549e-01
-3.843771622081681993e-01
-4.425598441998585542e-01
-6.809747789611966251e-01
-5.375919143461581617e-01
6.784267695071503901e-02
7.140324602715171221e-01
1.205445481570452726e+00
1.470978813327187940e+00
1.234455260997725290e+00
5.753831678808156713e-01
-7.133320012648456387e-01
-1.262069985103348113e+00
-1.072639566175827674e+00
-7.954722264752918381e-02
6.478137371712839876e-01
2.441208733970582911e-01
-9.536118722798253566e-02
6.838085858645954751e-01
1.664349456936393246e+00
2.045036686110349944e+00
1.712565501758131381e+00
5.275034209550455433e-01
-1.195970209429304321e+00
-2.597760869832126396e+00
-2.730182030057557885e+00
-2.355189311422743792e+00
-1.185017891138615997e+00
-4.264747606649879619e-01
-6.295713900720621981e-01
-1.344286862238147418e+00
-1.739900448771231734e+00
-1.489671971455220900e+00
-9.785094897506437794e-01
-7.054287171592505956e-01
-4.498443248079622703e-01
1.518335449674661775e-01
7.461302339509796600e-01
7.855921746356421265e-01
4.956606350596306498e-01
5.948381042112078632e-01
7.474940651201246178e-01
1.767299276253683216e-01
-5.427688053291309656e-01
-5.439260654892001945e-01
-1.976882274907673098e-01
-2.818535022086952058e-01
-7.659262434213160997e-01
-1.231676169526510822e+00
-1.420583887468158668e+00
-1.241485022883489053e+00
-7.526901677117063816e-01
-8.493988440640797000e-02
5.667479039977439959e-01
8.697452149909363772e-01
6.940520728704628883e-01
2.873672706984002345e-01
-1.112066722331595536e-01
-2.706280851407653620e-01
-1.201213404334195989e-01
-1.536295437105098804e-01
-5.838678658867221261e-01
-6.673989652453578003e-01
3.148958591338858054e-02
7.272913188816986230e-01
1.031917430885642029e+00
1.228099320400054539e+00
6.868864736434356910e-01
-7.094542809445626430e-01
-1.616353330134319144e+00
-1.461965073371481516e+00
-9.355580298558916486e-01
-6.264112157772937506e-01
-4.584228586927068805e-01
9.672597548125622113e-02
1.182312682505915813e+00
1.973473422604950622e+00
1.859420049684476606e+00
1.166256120896452586e+00
2.284955878647813854e-01
-7.009491915243903915e-01
-1.453348618270143389e+00
-2.001578008797796571e+00
-2.142380113702197608e+00
-1.827459989257734563e+00
-1.360768264263001903e+00
-1.160017019270194405e+00
-1.566728984027465410e+00
-2.082001689832620350e+00
-1.698223642059056182e+00
-5.445133793744052486e-01
4.239910852977559208e-01
8.365164101355321291e-01
8.105704621901174134e-01
3.971924687993024228e-01
-1.105814469013437634e-01
-3.810474912197209241e-01
-4.901049734162171156e-01
-3.176062390590013718e-01
3.521407353943343255e-01
1.134219290956504311e+00
1.474040606298182121e+00
1.426364483361513669e+00
1.397663636721247160e+00
1.450493294853496984e+00
1.344930495519230051e+00
1.083781835871070909e+00
8.034436673594445022e-01
4.012388790319261767e-01
-1.813398859497439841e-01
-8.943106738097252872e-01
-1.479086658630193174e+00
-1.461353795089630925e+00
-1.093487229802309502e+00
-1.032124615631279108e+00
-1.345663315471711918e+00
-1.441424719643830787e+00
-6.130205346964291424e-01
6.960124862602542484e-01
1.165707307575726936e+00
7.398759596448656328e-01
2.198767369755228740e-01
-1.845324735492723522e-01
-3.138205354845559070e-01
8.844308143319792176e-03
2.952061443463845913e-01
-3.238176701715846095e-02
-6.054892772202514761e-01
-6.139605839826001166e-01
-1.161688751607430209e-01
8.638459277782294110e-02
1.888155583992529724e-02
3.856507580490462495e-01
1.016717001836845435e+00
1.308556608125427179e+00
1.238349719455539732e+00
1.012551688498143143e+00
6.048520424701480103e-01
1.723139849369916821e-01
1.561342492989783171e-01
6.071399385410718441e-01
1.019170211238404455e+00
9.274343323246502235e-01
3.170065399609269252e-01
-5.511169306493822750e-01
-1.010335617182359647e+00
-5.176432351178583691e-01
3.695810141455915243e-01
9.637098247297364306e-01
1.253333712841907088e+00
1.241605908532357638e+00
8.437940978457346697e-01
4.682219800412293909e-01
8.250179580760236275e-01
1.509981148323318534e+00
1.426443945043217809e+00
9.023935103179954176e-01
7.461102311492676664e-01
8.256228483026868403e-01
7.260782789548515526e-01
1.837096983777015621e-02
-1.295651404008944185e+00
-2.233220059059909168e+00
-1.933802125826243223e+00
-8.406219858840029424e-01
-2.454560172212119640e-01
-4.633613401701054957e-01
-6.076694053763438408e-01
-3.600157648601947646e-01
-1.522737914773381884e-01
-2.584050939256081758e-01
-7.407186581142198856e-01
-1.269190445367445852e+00
-9.638334237947784322e-01
1.114501470666871552e-01
7.776006346647097445e-01
5.379103929167344811e-01
3.106623339473073980e-02
-2.460301350879003923e-01
-4.578086895121931121e-01
-5.301220752008080073e-01
-2.106545941371790187e-01
2.859754016928808817e-01
7.622012227751736591e-01
1.216225573300106610e+00
1.388467314875494685e+00
1.150486877789450579e+00
9.966440647490165672e-01
1.280423165421324283e+00
1.619918285430861804e+00
1.588335639676863531e+00
1.040406559602009118e+00
2.101241187231445984e-01
-2.950573671273594711e-01
-2.579554755491867413e-01
-1.015376813352917990e-01
2.772785008463979906e-01
1.023135409888647818e+00
1.340851973615935666e+00
9.245065643531997779e-01
4.201550435345770551e-01
1.344285639567886215e-01
-2.638287173427316668e-01
-7.915830796890225285e-01
-8.340173601979725682e-01
-2.350692412016437416e-01
5.160287089709677533e-01
9.798566161468760249e-01
1.080867711566258604e+00
1.013325184810748070e+00
7.268209480291280000e-01
-7.477205128285324687e-01
-6.629218647824419719e-01
3.829904475453499990e-01
1.630287912857115051e+00
2.080961968994234468e+00
1.346889446909367516e+00
-6.514461966548440279e-03
-1.107697351831438581e+00
-1.446263130604004798e+00
-9.756372146422009894e-01
-2.073987726391820774e-01
2.236211258454489093e-01
3.358115376853770817e-01
6.894278997653816576e-01
1.356066730539070120e+00
1.755090174138657089e+00
1.348659937184744306e+00
3.596399846454562677e-01
-3.656284230279378544e-01
-5.203903141658565712e-01
-2.768217062053719424e-01
2.551174835230886062e-01
6.096631123329860902e-01
6.043578079968057182e-01
6.880837477087726750e-01
9.624590958480992997e-01
1.392724049114169915e+00
1.863494968046631728e+00
1.955569922791384974e+00
1.546844850568771745e+00
1.044710382566549578e+00
9.097670572430031077e-01
1.144325608327812605e+00
1.137073092834447241e+00
4.682159831409005712e-01
-4.158448639382643086e-01
-8.795289579095630916e-01
-1.048574585869993303e+00
-1.369238256243223040e+00
-1.547381052669330792e+00
-1.395239550712002119e+00
-1.117465077071876589e+00
-4.537544571791323200e-01
4.456354521222866127e-01
1.054459019129247999e+00
1.066837969011065645e+00
4.372469324222381659e-01
-1.461224781944582829e-01
-1.178280161186584241e-01
1.942582681367877595e-01
3.282823646246386118e-01
1.538727706911864890e-01
5.171222579377586330e-03
4.713961595183120412e-01
1.395844286212648111e+00
1.830456636834646433e+00
1.100332966382066680e+00
-2.621743787171489370e-01
-9.162724315491270755e-01
-2.173538930792200119e-01
9.870801364619674612e-01
1.650159862180630821e+00
1.974096706578408744e+00
2.278139985672250400e+00
2.010838533194287514e+00
1.129176002072657781e+00
6.518678581482739709e-01
9.003551361749259074e-01
9.047512035325849800e-01
3.571937163414696248e-01
-1.036896262668607072e-01
-4.431706955919360036e-01
-9.300049092857740618e-01
-1.426566901797317710e+00
-1.723480229256792784e+00
-1.735626426005954182e+00
-1.594153893760812180e+00
-1.521692090100608130e+00
-1.327034171205991209e+00
-9.117924791016334130e-01
-6.612542064034893086e-01
-5.067242742171739200e-01
-2.053210155058683983e-01
2.108619091803617257e-02
-1.102531433736434197e-01
-5.245568514861190801e-01
-8.465506884900053652e-01
-9.790172651404122073e-01
-1.210167942135430108e+00
-1.502283924348350119e+00
-1.614573599337266074e+00
-1.421591531017022181e+00
-8.328312244190213542e-01
-1.839735238755439151e-01
1.633035169491674765e-01
3.762189338508639680e-01
4.455673172505534851e-01
3.085326913915714675e-01
2.986328986883898459e-02
-3.837056578775908111e-01
-4.332660790015894214e-01
2.747356602066425291e-01
1.111997538713505707e+00
1.353556480564761966e+00
1.213994140836763602e+00
1.046453204063512166e+00
4.225224099962069380e-01
-7.769716519463957249e-01
-1.532635393192361528e+00
-1.233123026934980215e+00
-5.456709663076683148e-01
-4.021199038704008077e-01
-1.035000678918870376e+00
-1.686339225054529711e+00
-1.361492031418156223e+00
-2.319679601288403281e-01
5.753640304720202270e-01
5.014555147025940851e-01
3.918084133442154698e-02
-4.233104590195375105e-01
-1.238975176722859395e+00
-2.223626225135128642e+00
-2.349954735106399184e+00
-1.368186465862487156e+00
-4.259582254872807394e-01
-4.260114294482620356e-01
-1.014796361710436523e+00
-1.275447659564582503e+00
-8.038089944059374492e-01
-2.184565883951033322e-02
5.259608898539398503e-01
7.379126262380895085e-01
9.284526935402775960e-01
1.247342552754217015e+00
1.311775487283865393e+00
1.046423039128895338e+00
8.170464554470429075e-01
6.812853383231360915e-01
6.471977703312590258e-01
5.894111490683667798e-01
2.117172126206570970e-01
-3.823271082242760133e-01
-8.004246584205820803e-01
-8.584362592111172141e-01
-6.315669462346715779e-01
-2.472746511906298850e-01
-3.194945819344276183e-02
-1.542099869973004474e-02
2.244419195274054424e-01
6.015267227473169998e-01
7.421988047341182559e-01
6.142179122830587756e-01
3.775768107183483657e-01
3.765211422375414618e-01
6.860990793382480968e-01
9.220625598568684689e-01
9.442256776112490924e-01
8.852102700063848584e-01
8.859972396559441243e-01
9.503380830503437293e-01
1.074915718011395516e+00
1.319408843783749896e+00
1.367992187225381517e+00
7.225438108481855304e-01
-2.406563308425664904e-01
-8.934673922539543289e-01
-1.324490025184190234e+00
-1.299985829490264644e+00
-4.863071550724076819e-01
3.076174914476204614e-01
3.023875510538902578e-01
-2.423477201574923967e-01
-9.979058315227348208e-01
-1.690360355933660408e+00
-1.896194562615711288e+00
-1.695884651217648864e+00
-1.168653449411499956e+00
-5.446457528561968187e-02
1.055301885372683879e+00
1.088583900573211638e+00
3.917258745980134460e-01
5.603825270400203395e-02
-2.753405433121589030e-02
-4.939796206944401247e-01
-1.263298038528875455e+00
-1.714393448425054256e+00
-1.597212190290256295e+00
-1.106084406122983754e+00
-5.930201082123712775e-01
-5.601409930773666446e-01
-9.513528969000656366e-01
-9.754704576359131130e-01
-2.261098011368893324e-01
6.361878964294438443e-01
9.101723295226026300e-01
7.747423666605109949e-01
6.722426168421973269e-01
6.575902609407281441e-01
4.612581198887633627e-01
1.242204849859688265e-01
3.294115667292314975e-01
5.627590855896346111e-01
3.838080847864028811e-01
1.194786108125386603e-01
3.804532730189792988e-01
8.643320956593293358e-01
1.012152618856019481e+00
9.715901129497255262e-01
8.262104492546115120e-01
5.305318258676499088e-01
2.309406292023120089e-01
4.104903325566342659e-02
4.430516331278585955e-03
1.559395813869073749e-02
-3.611520849266307009e-01
-1.057739353034162333e+00
-1.338335150441671395e+00
-1.064897902188485457e+00
-5.682219859974360077e-01
-9.450357232617265235e-02
1.519617969374055244e-01
2.863749465847332809e-01
4.015488018787180535e-01
5.004270527703625904e-01
7.201163409784232527e-01
7.930589555050380213e-01
6.749226828898288177e-01
8.400284618099680412e-01
1.121460784798063326e+00
1.056468841501270850e+00
6.797012200538428139e-01
2.340679097370763628e-01
-8.960817898612433163e-02
-4.523811064633335988e-02
2.682871686236441566e-01
3.597029606557341497e-01
3.502236727155348672e-02
-2.232104698875312931e-01
-4.059548766111005513e-02
4.450599274884071144e-01
9.440812838757656200e-01
1.041622168760654610e+00
5.735788194476520996e-01
-7.138649835994585746e-02
-6.627686416618903120e-01
-1.110421677802891915e+00
-9.914471493747540887e-01
-3.404246375248796697e-01
4.708147398152795482e-02
-3.219756772345842843e-02
2.622385548820336046e-02
3.657117798186677038e-01
7.478003778636381771e-01
1.079582832823293925e+00
1.369207422737334978e+00
1.539628164968874779e+00
1.280056511491471039e+00
5.632016647868440806e-01
2.117138603308272859e-01
7.020697265686098865e-01
1.148934750692693241e+00
7.411323201582858955e-01
4.387610406142912201e-01
1.344424808983719188e+00
2.477271495444194116e+00
2.574245471353017400e+00
1.678140693463382460e+00
2.903386772872106336e-01
-9.851268561318086148e-01
-1.454380295850605354e+00
-9.763066250087244491e-01
-6.013693596569262556e-02
7.811576468182601651e-01
1.205653005955660717e+00
1.043168793008701467e+00
2.409028668943619389e-01
-8.305677512161270259e-01
-1.375927659860147756e+00
-1.201810618920434504e+00
-9.188412009527227031e-01
-1.083504038190542307e+00
-1.509970037374600116e+00
-1.566899255013398218e+00
-1.094083370306488057e+00
-5.767299226853127569e-01
-7.954209834855446859e-01
-1.780317327966870922e+00
-2.458661538728508678e+00
-2.297013160247013630e+00
-1.735184915762041591e+00
-1.075403489853258288e+00
-3.217961998395029166e-01
4.563946809631037604e-01
8.307513108291655346e-01
4.626725987652063332e-01
1.947503864737853696e-01
6.737687628423832953e-01
8.416263495428822905e-01
3.277189082969530487e-01
2.698739635318226915e-01
1.053373786638903242e+00
1.809556137037752421e+00
1.494853985403298724e+00
7.104507159520040416e-02
-1.231221676022814737e+00
-1.498482864060338704e+00
-1.107384865590919309e+00
-6.683716578208994674e-01
-2.046097903158753117e-01
2.817911994468577652e-01
3.893469210155338645e-01
2.292328748217751788e-01
-2.461596953351703754e-02
-6.692880562919624188e-01
-1.307312008638467971e+00
-1.520789509963135444e+00
-1.573765301523115667e+00
-1.742386572875145978e+00
-1.958507511712257898e+00
-1.762808050872464616e+00
-8.155769335046523238e-01
6.287332768214330958e-01
1.683972651859424241e+00
1.666970323559773925e+00
1.062574004135329098e+00
6.197109082044960360e-01
7.009428438555365126e-01
1.220567603278413182e+00
1.252442758266551381e+00
2.465111599486003169e-01
-1.001392431940642647e+00
-1.509557192904997791e+00
-1.064853808436632576e+00
-2.213170940672124776e-01
3.891689344261149430e-01
5.510049313388707404e-01
2.920674306838601519e-01
-3.226497121572300952e-01
-1.294722872222515475e+00
-1.996286367216599578e+00
-1.372387835494425889e+00
4.412918721471253414e-01
1.700759223842517764e+00
1.251373277184557375e+00
9.289375122568264975e-02
-6.333982025732303178e-01
-9.049586034195395978e-01
-7.726811016731622850e-01
-3.764625129330550490e-01
-2.501023677935461653e-01
-5.727685265326513120e-01
-7.440275236822267990e-01
-2.723533944703424581e-01
4.579468266634328377e-01
9.509719621200578565e-01
1.336370080070635069e+00
1.679870735745754295e+00
1.850605207628584381e+00
1.985093822536004415e+00
2.092101060667517221e+00
1.787120155218146822e+00
8.910470051386654156e-01
4.047484964110113076e-02
-1.198084896337851257e-01
2.642199927017186978e-01
6.281836926198152149e-01
4.318430162773002623e-01
-5.003452015941083353e-01
-1.600099554617130382e+00
-2.025580380176238648e+00
-1.910828088332150898e+00
-1.856912397437608053e+00
-1.614186824420821287e+00
-1.044036021406127501e+00
-5.501966824819723989e-01
2.533828652742079954e-02
7.562740431781219685e-01
8.947639660539050688e-01
2.161091926001997288e-01
-3.876800897900798959e-01
-3.537765312573315502e-01
6.207626247004732062e-02
4.596970847934597759e-01
4.846875493948538671e-01
5.437586935640331687e-02
-4.188243492716627325e-01
-2.899401614238427127e-01
2.926784046661063399e-01
2.957143524806237767e-01
-3.509244950645761807e-01
-7.117788433243757984e-01
-5.084612211171833929e-01
-6.088807677587095013e-02
6.144734196618113764e-02
-5.659559399002618285e-01
-1.333638729965414438e+00
-1.425930119721423139e+00
-9.584208574302470751e-01
-3.495106857130018674e-01
3.959846694937001199e-02
9.226889915686309340e-01
1.388090589581395751e+00
4.937256160192604604e-01
-1.665793249488910721e+00
-2.800269516629478872e+00
-2.696277537588749329e+00
-1.563165158651587117e+00
-9.817071881185976956e-01
-1.045556183026561170e+00
-1.032811216813996902e+00
-6.318829571249662269e-01
-1.983774296820221827e-01
-1.674458175815388972e-01
-3.056777757657076489e-01
-3.332890080663790111e-01
-3.956175065306934968e-01
-1.251366371097311081e-01
3.313145239970376466e-01
1.132175120532919743e-01
-6.688678054377396043e-01
-1.126476909411907812e+00
-8.979919556182519580e-01
-4.993324631294562277e-01
-2.819368765870550186e-01
2.777314244625319478e-03
5.427914242084909135e-01
1.164815166884722863e+00
1.284836598930571006e+00
5.713243850024360970e-01
-2.732414034845107031e-01
-5.310655787930467220e-01
-4.986206765205129510e-01
-3.942616017570955700e-01
-1.588706338875187640e-01
-1.442062118084605771e-01
-3.277612727806971660e-01
-9.246639594015650110e-02
1.541467979724186754e-01
-3.571699780030330729e-01
-8.676737623923427289e-01
-5.048764275315203998e-01
3.375037507361485223e-01
7.698418945564172722e-01
5.220254077364376855e-01
1.119337427437181037e-01
2.001915474800896044e-01
9.773331283865550612e-01
1.719867609294017496e+00
1.584427225054389821e+00
8.733741707694392398e-01
2.899895291567206046e-01
1.055811660197828322e-01
3.543260514240836878e-01
6.936712258566040123e-01
7.266881597561609674e-01
4.938642321871566376e-01
3.881950137997166594e-01
8.468296921176307057e-01
1.561873900578546026e+00
1.622033603657671463e+00
1.009275916516477967e+00
5.182017958918536671e-01
2.871422933236467689e-01
-2.537955582602857141e-01
-1.159173391118810237e+00
-1.633952903573546722e+00
-1.166706023508474077e+00
-1.580012861363131738e-01
7.415140913873907724e-01
9.776821105956150504e-01
4.900983951811566652e-01
-1.223296132123883190e-01
-6.264468639478043555e-01
-6.776011332331821624e-01
2.407979324966488255e-01
1.294321647293892985e+00
1.303000453143412507e+00
2.629273695809627442e-01
-1.100877773836025364e+00
-1.872496424422488648e+00
-1.618392774622021912e+00
-7.287268085506821702e-01
1.903366092390347819e-01
8.157392875982020231e-01
1.067944532840391370e+00
1.048663676218689389e+00
9.992633551896981103e-01
6.871893786894253120e-01
-2.206325853332503917e-01
-1.113378441594534696e+00
-1.249322202333805976e+00
-8.878637012056838085e-01
-4.677719069120370166e-01
1.339887374392753905e-01
8.226099641776429827e-01
1.164716368564004512e+00
8.475224529117822980e-01
2.877848783090590223e-01
3.674014252329547703e-01
8.574503213126185575e-01
8.669438227211874182e-01
3.211785244332985290e-01
-5.644819310954873881e-01
-1.642199045450891459e+00
-1.984040232416881766e+00
-1.137937052075167710e+00
-3.567945484773706877e-01
-3.242731124112400720e-01
-4.765536612908549685e-01
-4.623415068130384276e-01
-2.291760207042385089e-01
1.525804635382142227e-01
4.246646898469376152e-01
6.593957960288925058e-02
-9.866627378965028283e-01
-1.668171922971237953e+00
-1.547188191439321292e+00
-1.511305474427608875e+00
-1.514405408188734592e+00
-6.217628865597920607e-01
7.594983682768865485e-01
1.210983393809117681e+00
6.926847808770377757e-01
4.855044976376873267e-01
9.207877015253985720e-01
1.187032681829887970e+00
8.384045047486842206e-01
2.326401747032215417e-01
-1.623567172513020185e-01
-1.894125433707726236e-01
-2.607601931705313958e-01
-7.572919328984840659e-01
-1.077671865378716731e+00
-6.360865907338505432e-01
2.018361593964741740e-01
1.207010064219826928e+00
2.479486195703044515e+00
2.815667857529561058e+00
2.815667857529561058e+00
2.815667857529561058e+00
1.808556478953614821e+00
8.552812134192244731e-01
4.094561650090197125e-01
4.226937114418771735e-02
-3.418063541923259119e-01
-4.312250497108549019e-01
-1.391978727177965447e-01
1.331209711421885433e-01
1.293044188730468891e-02
-4.423830088281647810e-01
-1.031748463486765077e+00
-1.530264906480375720e+00
-1.878996078070819031e+00
-2.077493079991215463e+00
-2.008322218941959392e+00
-1.581390828721876085e+00
-9.595836430531687888e-01
-5.767006277601293140e-01
-5.333433475554660852e-01
-6.003405153795623450e-01
-5.898516746007660405e-01
-5.062399398668508965e-01
-4.893438491566477477e-01
-3.646502198102473113e-01
2.201387963055091157e-01
1.382730149967547284e+00
2.311407927152316244e+00
1.999577918901715323e+00
1.230985961103621573e+00
1.248147124907146077e+00
1.517897571851978267e+00
1.345486874648988307e+00
7.802072510625003288e-01
-7.849205829676067503e-02
-6.564397102375769677e-01
-4.777678703330739962e-01
-1.116224476027274093e-01
-1.993220046585165994e-01
-4.436293498247982359e-01
-3.462951459012296729e-01
1.130608090459226112e-01
4.206460131622694609e-01
1.167901456636946944e-01
-5.095043199012107005e-01
-1.013269658109238192e+00
-9.082490677915161514e-01
7.585295845826535432e-02
1.121318535462595412e+00
1.469703071270309414e+00
1.105149324819776124e+00
8.057246228021969214e-02
-1.021923163143134472e+00
-1.072177414882823587e+00
-2.104489156775765368e-01
1.776932508663681132e-01
-1.911021807987777488e-01
-3.231249843554641066e-01
-4.430372510103192454e-03
1.917834518100829111e-01
1.570540637722492860e-01
5.228784866142993648e-01
1.069913051747357624e+00
1.211914409350158595e+00
9.548738566343794032e-01
5.897916211710110268e-01
3.922432492370269558e-02
-7.648347802737475165e-01
-1.336684223688682449e+00
-1.344224210317131574e+00
-1.344423317930213635e+00
-1.672564243016043672e+00
-2.032974161493473542e+00
-2.380156098916935470e+00
-2.584614048313499168e+00
-2.165905566639807933e+00
-1.098134739932908888e+00
4.356938114508230458e-02
4.730310426717780903e-01
-2.415625674925811137e-02
-8.741538498376451027e-01
-1.510526973143132112e+00
-1.744655962310861952e+00
-1.749900414547550742e+00
-1.751020828220706482e+00
-1.728264124992470840e+00
-1.563073199953227022e+00
-1.104243245291575137e+00
-2.472328068741224683e-01
6.708791673821817847e-01
1.069171668655697793e+00
7.567453015579490572e-01
2.030212400494669223e-01
-5.727854700073040789e-02
-3.048630571278270751e-01
-9.372240124227563252e-01
-1.245139577683292087e+00
-3.981674956027291823e-01
1.192196427385205704e+00
2.383855802213306063e+00
2.592231953700065983e+00
2.320998150467239007e+00
1.847101048549838476e+00
1.015584449872634076e+00
2.412344262605627399e-01
-1.018679232209160346e-01
-2.282413677405051022e-01
-4.335176594716639298e-01
-6.953311430091653200e-01
-5.562524660673070498e-01
6.353006784333725676e-02
4.386223605192325903e-01
2.825989493153819865e-01
-6.294454252495766677e-02
-1.065115307009531498e-02
6.577995489953144537e-01
1.031590935927847674e+00
4.035503396458743341e-01
-6.315965274198294122e-01
-1.243406487433709851e+00
-1.320310864360085157e+00
-1.117480966818566790e+00
-8.368032232266683357e-01
-4.850421348824211498e-01
4.704180253283402752e-02
3.983303866414500960e-01
3.078407376503541348e-01
2.097306662551708945e-01
2.973232934506077063e-01
3.952598038846218409e-01
5.923045786690506187e-01
7.513959222011187267e-01
7.242989233692711526e-01
6.807899086939473987e-01
3.182417401483803587e-01
-5.507730440474594147e-01
-1.060057819520516587e+00
-7.801616034836110769e-01
-3.911831384839738468e-01
-2.489968473068310817e-01
-1.851893608217572151e-01
-2.344907812518618739e-01
-3.426609736009151863e-01
-1.620876398800014939e-01
1.935278915836425306e-01
3.509996148837089547e-01
4.469819602739404374e-01
8.208741497284528510e-01
1.272337381814135915e+00
1.393794522692312965e+00
1.212918711524332949e+00
9.092005712884606572e-01
3.786243581425232652e-01
-5.609171771381750160e-01
-1.741175564263986564e+00
-2.518431125406265014e+00
-2.266410729531135537e+00
-1.258714655239477231e+00
-2.918581511369958137e-01
3.593808229450627389e-01
7.073527023693713112e-01
5.827292472048175576e-01
1.626083073931905987e-01
1.640613751711186841e-01
7.615292817892450605e-01
1.259922424768865845e+00
1.322917480006251756e+00
1.332773393831512720e+00
1.613799069627488203e+00
1.904781848682759016e+00
1.448081180442957416e+00
7.691855911676245827e-02
-1.431835104667947611e+00
-2.362655865529915022e+00
-2.187823210153420739e+00
-1.019251487563868297e+00
3.578405409911707830e-02
3.235802720722157910e-01
8.488379809766698203e-02
-3.831447408298325197e-01
-9.600100928012850199e-01
-1.321516353829876644e+00
-7.124403722841246012e-01
7.778410279547705031e-01
1.559584172870107865e+00
7.454350990457412340e-01
-4.003952543015781851e-01
-6.816919310621516459e-01
-5.217972137024956547e-01
-4.212972860570079470e-01
-3.322043835672940926e-01
-4.188725111619222008e-01
-6.030101128449467662e-01
-3.975659712078177255e-01
1.743994364863051330e-02
8.054959301700471974e-02
5.374189296660286663e-02
3.583416429343850296e-01
5.958675072540919881e-01
3.579834825436435386e-01
-1.968511867780123881e-01
-6.199255794219995508e-01
-7.629845184976778993e-01
-8.238096652836772726e-01
-7.253789006994834088e-01
-3.008994059270791444e-01
8.437453662772102791e-02
1.250194852263676604e-01
2.015026306389861299e-01
1.841843388588344510e-01
-1.447747388543237645e-01
-2.505091578973445837e-02
6.927114523519499745e-01
9.836144353982950728e-01
2.485652061898206977e-01
-7.496970632443105131e-01
-7.561118016378777229e-01
1.827834347512252433e-01
6.902766578949784959e-01
1.646964666307138281e-01
-4.361894550395684633e-01
-2.051947394772308253e-01
5.361724762319006743e-01
9.722198464917426453e-01
6.890789895332360970e-01
-3.728103372987406211e-02
-3.722801536475922601e-01
1.255501550594738391e-01
8.217559641487557354e-01
7.533224739587878194e-01
2.464420348770793301e-01
3.375662041327702756e-01
9.459852229309274607e-01
1.283465368497905823e+00
8.983574350753770199e-01
1.675497471624413370e-01
-4.521781062103906457e-02
5.624365393432056992e-01
1.424326565009837564e+00
1.926154678612734816e+00
1.945410231980548410e+00
1.519267543301862755e+00
8.885164913218798199e-01
4.846531657493209355e-01
5.273011203003854508e-01
6.230852874586458867e-01
1.059448787507440842e-01
-1.013804848661790547e+00
-1.780920314976564445e+00
-1.581632732213546388e+00
-1.064811770512188005e+00
-7.163305831396508117e-01
-9.581799367295983083e-02
8.221230930604809251e-01
1.353748860118233477e+00
1.207778932521244686e+00
7.723132222642471456e-01
5.593415351372141853e-01
7.082347766573949821e-01
9.268196256437669645e-01
7.331836882491956642e-01
3.932854712165776423e-01
9.127009697680706912e-01
1.444873830849925822e+00
1.591259220302538413e+00
1.282720346657353350e+00
1.032712857234656001e+00
9.498328095396524340e-01
7.147157215522023099e-01
5.542957143867268677e-01
8.520605962684854040e-01
1.196464011115588644e+00
9.668064532510125542e-01
4.134241799092590597e-01
4.349549197639453885e-02
-4.781332446620482068e-01
-1.564872602592960904e+00
-2.326469039523400895e+00
-1.784501000054953490e+00
-6.364673240877654070e-01
2.477059934642568129e-01
1.255720819426578982e+00
2.408505343283981137e+00
2.738503262695882512e+00
2.738503262695882512e+00
2.010264908562374941e+00
7.611441982981129728e-01
1.115216956990401770e-01
3.617402498363128660e-01
5.854781381847303789e-01
1.928591857372792887e-02
-7.309469647596016362e-01
-9.118015993925729923e-01
-7.168103088019612823e-01
-4.956446885643372990e-01
-2.134325218985249351e-01
1.356076590210851252e-01
5.119760779905809800e-01
7.172083695435527151e-01
5.781409525046217190e-01
4.911483473565019797e-01
5.258621322238695717e-01
2.529770196183211972e-01
-2.766839744550859681e-01
-6.510601202273055277e-01
-6.902549428319799674e-01
-4.949538780905446411e-01
-2.547652582317710412e-01
-5.889372816191837390e-02
5.000894006569366057e-02
-1.971767668041658483e-01
-9.067746477709817121e-01
-1.548605382257200791e+00
-1.411088756209500028e+00
-6.956091877867051076e-01
-2.639948862621775416e-01
-2.543907109076235518e-01
-5.028168324178092785e-01
-1.051249057933763664e+00
-1.418908978500030171e+00
-1.135027952135495344e+00
-4.988275884202026389e-01
-6.830756440483463920e-02
-1.327628559227220055e-02
-6.187162982154973540e-02
-1.095886214130885467e-01
-1.380975339743582830e-01
4.114902504716057285e-02
3.916058001031231250e-01
7.577988354481591804e-01
1.061520159880118275e+00
1.082799298256675424e+00
7.486922281122271317e-01
4.785501831764228942e-01
4.386877031480015399e-01
2.470400163488216672e-01
-1.209928273686071282e-01
-3.839102605040500271e-01
-3.160745840958274488e-01
2.520986070800478873e-01
8.446651748208978683e-01
5.147302728006593053e-01
-7.333038471255828306e-01
-1.649420314104331764e+00
-1.556654567238576758e+00
-1.124927912231295624e+00
-8.144688502715119460e-01
-3.750609859728497031e-01
-1.054787872701539314e-01
-5.529805288373081940e-01
-1.105364319360411240e+00
-8.324908192629701942e-01
9.440138169731374096e-02
8.174139763128969172e-01
9.904111326019023887e-01
1.064333789719853485e+00
1.208661992959115583e+00
1.075891356368722240e+00
5.755268207434444117e-01
-1.454194499948370869e-02
-6.159688305628381322e-01
-1.345161250262679298e+00
-1.831831208559211444e+00
-1.509730253560525037e+00
-6.890569187255850547e-01
-1.298430519232741942e-01
7.624444740157100553e-02
3.234905166431620294e-01
7.686275448092418916e-01
9.712933985451274177e-01
4.101400468591835935e-01
-5.579566338257128111e-01
-1.194344436564449774e+00
-1.440274268932013157e+00
-1.711083615253491841e+00
-1.937639927883437529e+00
-1.633931998187118761e+00
-7.501735696571150136e-01
4.240546723196932377e-01
1.410993490354424340e+00
1.574992088627563014e+00
1.028018434936586623e+00
4.689182410301163673e-01
9.335603528560758313e-02
-2.083989794495353376e-01
-4.933771478271700150e-01
-6.089015990520111332e-01
-3.086194862135087646e-01
1.550041479592859095e-01
2.504143991293812377e-01
-5.799529009445292260e-02
-3.040089715868145026e-01
-3.182575628097312204e-01
-1.593627743096606708e-01
2.375614853984391872e-01
6.552457143694999653e-01
7.394840167470070336e-01
3.840055144015900868e-01
-2.798600905157938579e-01
-5.231712663084957526e-01
1.435887249146209077e-01
1.245695795962480146e+00
2.178267014345790287e+00
2.579467198443055054e+00
2.265163457672613845e+00
1.518033623040394353e+00
6.811244354005833168e-01
-2.823439736000294964e-01
-1.001691633201568843e+00
-8.828822688946698083e-01
-2.680436589118674329e-01
1.254902980290937414e-02
-1.144360642562231578e-01
-3.278785850373783783e-01
-6.581954714284250496e-01
-8.996773342347827995e-01
-3.228061766486797213e-01
9.701150578773816147e-01
1.485476635652387856e+00
6.926882407982166701e-01
-4.208059023014295019e-01
-1.221823739431028066e+00
-1.431374342267846433e+00
-9.358602667378340678e-01
-3.754875572054275912e-01
-2.236876833870974357e-01
-3.757163850609086808e-02
3.071240571248192719e-01
2.345937329097326496e-01
-1.590214931626546535e-01
-2.008465617927061575e-01
1.807701695857476809e-01
4.491489599391735310e-01
5.309638388850446145e-02
-9.986528690504631323e-01
-2.050181511383821320e+00
-2.518019454212597985e+00
-2.268010880479202296e+00
-1.363055349260761551e+00
-5.079026878596329952e-01
-9.292943830156786822e-01
-2.369020290058650335e+00
-2.733897860769939125e+00
-1.417014378177914979e+00
-4.712982284919441101e-02
5.335427168177084845e-01
8.342415403432085208e-01
1.205711303370026188e+00
1.332830619189221411e+00
8.253343441475993192e-01
3.548948520346977276e-01
6.443783140697889600e-01
9.742901268236900947e-01
7.853149549254671014e-01
6.229159084633683063e-01
7.702016990472692060e-01
9.326789896196955310e-01
9.204347423214646051e-01
6.078239645994838458e-01
1.040842344234965133e-01
-1.308166422915251759e-01
