-8.611905687442489299e-02
-3.823339811731887861e-01
-5.804770708929202216e-01
4.098869165101511752e-02
1.292978166267679141e+00
1.854367656923106455e+00
1.015377674584640344e+00
-2.207701651995934433e-01
-5.732089681129652892e-01
1.200664959025718043e-01
1.150395178475081215e+00
1.864623844362330640e+00
2.106725523430900804e+00
1.769773382138729811e+00
1.145536534699329589e+00
8.350994948801119255e-01
8.349187356983035491e-01
1.011068404542246668e+00
1.353618290372043509e+00
1.447228616634268050e+00
9.964697385801614127e-01
2.993553407390978083e-01
-3.119139420553542763e-01
-7.174761775896909555e-01
-6.838450600597704154e-01
-2.076229140832926701e-01
5.979048007186153063e-02
-1.740151254226949551e-01
-4.706155522125465840e-01
-5.509028509350060165e-01
-4.516781493867317310e-01
-4.910197731357073270e-01
-6.377746354060473966e-01
-5.520018638991861515e-01
-4.446032790560025538e-01
-5.226577918977308723e-01
-4.584832059924134340e-01
1.038743142744784492e-01
1.046307623294910893e+00
1.734343715399192298e+00
1.514479927605949960e+00
5.408211790849943856e-01
-1.888785386102810882e-01
-1.372820894656420210e-01
2.104812109094797434e-01
3.789825226115495216e-01
5.606892715250361148e-01
6.231826878490820398e-01
2.710454888487484268e-02
-9.107101469298369834e-01
-1.518308473142875314e+00
-1.498666523626984493e+00
-9.852019947451764459e-01
-6.307559682413405033e-01
-8.195353216172006627e-01
-1.007291122335134403e+00
-7.410288884619053995e-01
-5.740827699627418790e-01
-9.171968383054679430e-01
-1.165401438278293123e+00
-8.332902894811116123e-01
-1.847284942778955885e-01
1.190435925645883380e-01
-1.625980129180673583e-01
-5.275798174000153606e-01
-6.843306985488334382e-01
-9.656931113265041500e-01
-1.609033276551942171e+00
-2.110766805409318714e+00
-1.811582367359284573e+00
-6.692939534174887628e-01
5.808703660662294377e-01
1.108524583248857720e+00
9.291516026157380370e-01
5.841859036630675517e-01
3.512898988545678503e-01
3.703363927161572589e-01
4.792715463683933086e-01
4.380980800829977206e-01
4.677844491618911582e-01
4.151059281746046215e-01
3.094059290466543571e-02
-1.935518720598043141e-01
-9.032973646288669500e-02
-4.028276309148660222e-02
-1.709430450801260049e-01
-3.131322582682327105e-01
-4.452952787885239294e-02
5.052057302791116422e-01
4.336722014979648154e-01
-6.316974854519201432e-02
-2.687379555511703808e-02
4.636834504039273885e-01
6.534719077804059806e-01
2.673556035808533626e-01
-1.812086641019670097e-01
-5.582286365795000593e-01
-9.497791813836740094e-01
-8.943159072625631589e-01
-5.940589084823650889e-01
-6.115158463922908405e-01
-3.604231709145226392e-01
3.291544904629278845e-01
3.196594524457405107e-01
-6.665105317213001479e-01
-1.750182642302247293e+00
-2.166691138214125179e+00
-1.855648938762575195e+00
-1.380951971212067253e+00
-1.051548184354890836e+00
-5.434156769149210975e-01
2.688527814696771157e-01
8.729866383534558016e-01
1.200710137571940894e+00
1.965663423543589472e+00
2.745005761888592577e+00
2.745005761888592577e+00
1.698804380283947424e+00
-3.958283676403571982e-02
-1.284611527596585701e+00
-1.946209890890250982e+00
-1.848337457246469695e+00
-8.302492486200628852e-01
3.732757220121771802e-01
7.134729245018109900e-01
2.698684319606940996e-01
-1.163261719788107190e-01
-4.081484831462641738e-01
-1.195096674707711637e+00
-2.062856580546064578e+00
-1.892346621962396558e+00
-7.493039299206216697e-01
3.616895932540377667e-01
9.751721196349297793e-01
1.123232771929067786e+00
9.715098073877411755e-01
8.299327430643209658e-01
9.774437584060189366e-01
1.328149950802096413e+00
1.316831411249592021e+00
7.338937599808760259e-01
1.713376287580010149e-01
4.549125114090809413e-02
2.207331332610785457e-01
6.053206561468775782e-01
9.236934362486505234e-01
8.295291372251577533e-01
5.439709893215778358e-01
4.209081170541429939e-01
5.201335044672638075e-01
5.062476077493711646e-01
-1.588461971848825205e-01
-1.356770974069192448e+00
-2.030136267950899409e+00
-1.473504076926770878e+00
-1.754141356717736373e-03
1.282390874096894562e+00
1.051956338342963093e+00
-4.780713574189152104e-01
-1.565882306997944173e+00
-1.701401806532001348e+00
-1.679685991712712267e+00
-1.386238189042914737e+00
-5.192272994449602663e-01
3.117250933093108078e-01
5.947202471766589449e-01
4.110611207543620749e-01
-5.251861059247264762e-02
-7.741703481036528167e-01
-1.413149024396589626e+00
-1.409868305341960726e+00
-9.031669211392997498e-01
-3.149652891594740267e-01
1.826308079707468224e-01
5.377137574194993386e-01
6.917993220018918699e-01
6.605801171275261785e-01
7.771282591629146141e-01
1.064309234989232467e+00
1.099644376776709231e+00
9.015744954711741865e-01
6.872897213669467709e-01
5.728586315639723203e-01
6.595715959269637940e-01
6.833303323863098022e-01
4.867731471273998856e-01
3.310032228589523395e-01
4.400339549342245915e-01
8.038439452139315433e-01
1.198909806801238265e+00
1.417674905875305980e+00
1.295263788272609240e+00
9.614456460309559471e-01
6.648997268900052049e-01
2.125939358447131722e-01
-4.729197871098766992e-01
-1.116312344464464701e+00
-1.749845291924533308e+00
-2.382641051609324379e+00
-2.034855115317164564e+00
1.274895256124324971e+00
1.451712146125138547e+00
7.806781050795094101e-01
3.805487590401465114e-01
6.825830375922944393e-01
1.144351127431814774e+00
1.099214020751547505e+00
6.860675597893171052e-01
4.949193777223563906e-01
7.023928765019661347e-01
1.072551274667603582e+00
1.199194872837443304e+00
8.389940204710628624e-01
1.495400339030907855e-01
-1.143630929019703868e-01
6.658207368641638757e-01
1.604446729527362114e+00
1.645827359497340936e+00
1.248677426756297226e+00
1.059686546638626270e+00
8.140716935954713795e-01
1.772641474341132284e-01
-1.715429015103100974e-01
4.904691967367666439e-01
1.417466549886520433e+00
1.658188482981957312e+00
1.519036784234882864e+00
1.562930641763857320e+00
1.426434606390286852e+00
7.075909061382348320e-01
4.010211478696291271e-02
1.201791966726801532e-02
2.061723434154148493e-01
2.550077652668509831e-01
2.675659814984302498e-01
4.781149910688704124e-02
-4.192566964894819947e-01
-4.899411554957006643e-01
1.426177997005412534e-01
1.118719550944650809e+00
1.798617537932256427e+00
1.524290750748233059e+00
2.541650195491506059e-01
-1.159630031878608136e+00
-1.825723199485507431e+00
-1.316739961061695441e+00
1.365339771103072364e-01
1.370790510131980833e+00
1.782954563961472561e+00
1.667117683438276821e+00
1.031673946483008697e+00
1.692435690407786963e-01
-3.893390980687380654e-01
-7.444798661355154223e-01
-1.160192755992050406e+00
-1.247974598507697763e+00
-6.783410336164247267e-01
2.481445540548011044e-02
3.074684584318720382e-01
1.248985623329604278e-01
-3.088980028683557255e-01
-5.841731990425405030e-01
-4.025035427524815690e-01
-1.776184483637451017e-01
-3.692199478906564303e-01
-4.464691204584468887e-01
2.244267371443077475e-01
1.244905448832516859e+00
1.740364627570413436e+00
1.454768960799365907e+00
1.018333078793296709e+00
9.104146061176023874e-01
5.317127544472584066e-01
-4.593855711070256032e-01
-1.334450103298656876e+00
-1.684280436092264965e+00
-1.739979065288311810e+00
-1.677710685783966760e+00
-1.408461625019252761e+00
-8.485260758908153012e-01
-1.793080689522357218e-01
3.265517809339105182e-01
6.024343816777680827e-01
8.071950824785140144e-01
9.926528679121463528e-01
9.738364720546273112e-01
6.863281963453040646e-01
1.464847668664986668e-01
-3.716316551600725715e-01
-5.421161678210970614e-01
-7.017606932408375631e-01
-9.066807025573040413e-01
-6.452532629705686196e-01
1.131858981186348832e-02
6.054061831772957758e-01
8.231802029663606302e-01
4.592612240972768212e-01
-9.001386405540320879e-02
-2.314703564311617612e-01
-1.481693085310881175e-01
-1.739408289632282389e-01
-2.211106318146330574e-01
-4.499293002981621936e-01
-1.156167198955609043e+00
-2.005217693547166835e+00
-2.476773625946898427e+00
-2.416310745893507139e+00
-1.809237121305306673e+00
-8.089818280842572262e-01
1.562236479143942480e-01
7.211740842685075981e-01
1.031872902413336623e+00
1.299871955709203775e+00
1.247078963171815769e+00
7.912910420306379367e-01
3.889076121808678344e-01
3.349248123292241086e-01
3.500593164233262722e-01
1.095004258838572775e-01
-1.479620886919850720e-01
1.290568234386401114e-01
8.469137862674379624e-01
1.194414657487423259e+00
7.673075153195919595e-01
1.577736041395965683e-01
-1.208084198376604551e-01
-5.514559829994424289e-01
-1.381609039815056672e+00
-1.728053684768957821e+00
-1.230824877807019213e+00
-7.742150879976568145e-01
-8.229280962403449085e-01
-1.104561744362695386e+00
-1.231508033131797575e+00
-8.036911774282393672e-01
1.825830677748926933e-01
1.030375926854602664e+00
1.088204829904311888e+00
4.431872636262117471e-01
-3.672632850020937645e-01
-9.715661735458321902e-01
-1.055929184903702245e+00
-2.751147534619592938e-01
8.130731148066012715e-01
1.083344517574857058e+00
7.448951552743079407e-01
6.670695462982592083e-01
7.501939323706662277e-01
7.759088193212311246e-01
6.382139051035613520e-01
1.601181545253569094e-01
-1.855885698501065217e-01
-7.881850251262541296e-02
5.157631503840241771e-02
5.968321997230422588e-02
6.654569635805149784e-03
-3.835927306273717585e-01
-8.541718353789340412e-01
-7.235135520165322243e-01
-1.001314178920263420e-01
2.601420421041765185e-01
-8.481511108105015129e-02
-6.197045989763100282e-01
-7.341341281799751428e-01
-5.278332600786433959e-01
-2.568041394225054064e-01
-4.876696776565479091e-02
8.816203535006866820e-02
1.873598693702342166e-01
4.281489059369388284e-01
1.139066041333340440e+00
1.957787107183129205e+00
2.181115914746404982e+00
1.924480539709974902e+00
1.423846176673626562e+00
6.530813362888852058e-01
-1.983714767538476698e-01
-7.710093525300292239e-01
-8.299827189279356254e-01
-7.894826993784004321e-01
-9.405850276029873447e-01
-1.029847925635809069e+00
-1.179158361735455074e+00
-1.292361802596324827e+00
-9.806859923574703375e-01
-6.469625758751991196e-01
-9.810876144657030284e-01
-1.814770699860712488e+00
-2.362669028041062713e+00
-2.205975283830690081e+00
-1.525382919170268803e+00
-9.209632922367293473e-01
-7.935502054467370447e-01
-9.288717722976732594e-01
-1.083372169482626379e+00
-1.298199129468988966e+00
-1.576026224001180420e+00
-1.720015508875524235e+00
-1.545545766536502885e+00
-9.888404428058402695e-01
4.721636778049834171e-02
3.164125104311904524e-01
2.147332024511670323e-01
-5.643490511104608531e-01
-1.334570806437085144e+00
-1.656510907893059104e+00
-1.866085921388868973e+00
-2.377218367033474333e+00
-2.519797977976697023e+00
-1.420544987041900908e+00
1.303986132190425862e-01
1.066681792184101640e+00
1.350954365032153159e+00
1.100289569914354226e+00
4.677418364289839259e-01
-1.176437089086545124e-01
-3.582952986900486136e-01
-5.146063645195415592e-01
-8.613012733187955794e-01
-1.213741315563948042e+00
-1.090600120862937450e+00
-5.557002373906707454e-02
1.173996110662619108e+00
1.269503244404054598e+00
3.571572228776215274e-01
-4.620411553480692213e-01
-7.655457048294658229e-01
-6.677613756588965943e-01
-1.557948414764176448e-01
5.143187620993004971e-01
8.573234910421175803e-01
1.170942368719434912e+00
1.599050697534063481e+00
1.428118946076916140e+00
8.519536539832470723e-01
6.410188832885571619e-01
7.721832117623292913e-01
1.185707655657822768e+00
1.831036972241685490e+00
2.219360111551056836e+00
1.952379915693586154e+00
1.003880978366256782e+00
-2.307557768393289979e-02
-5.539778012625605763e-01
-1.006288270536438434e+00
-1.731676839183848848e+00
-2.128876930364750564e+00
-1.681295818996860980e+00
-1.014942387805488178e+00
-9.716533537114009356e-01
-1.312076679141719104e+00
-1.179743062540008491e+00
-4.227909665351977098e-01
1.916711028866255051e-01
1.113846363405228586e-02
-5.318447778476742549e-01
-3.948431403473147139e-01
3.159156260671541760e-01
6.432763142600020911e-01
6.165499295501671861e-01
6.519225571599127633e-01
6.992017960394234510e-01
7.336128272175920229e-01
6.690777033311080535e-01
3.323620268277472922e-01
-1.302233972653085714e-01
-4.223471477702196442e-01
-6.064798527121787464e-01
-1.025526194152939219e+00
-1.546715804545080841e+00
-1.581849413736840182e+00
-8.471699342239050745e-01
-3.641642688157235158e-02
-9.810950096478399107e-02
-7.561311525895317853e-01
-1.117385506398887340e+00
-1.074751936008640385e+00
-7.609135318268908099e-01
8.549747707272851993e-02
9.460895868143887055e-01
9.195874031166739737e-01
2.924954960249631086e-01
-1.562578091318205242e-01
-4.288988631875608609e-02
4.529951307436629881e-01
6.725978579690637948e-01
1.184866731589838962e-01
-8.868877618382057237e-01
-1.332501675014588827e+00
-9.428188545598648052e-01
-4.312659133220163032e-01
-1.203374306673290900e-01
4.894383767501048199e-01
1.302061618284618527e+00
1.300360123201208751e+00
3.836845960300971914e-01
-4.014586792290246731e-01
-7.921598070810803582e-01
-1.171059234849282982e+00
-1.277375402323999598e+00
-8.798163536872321000e-01
-4.093664332078994494e-01
-3.808411542936231964e-01
-6.784840680530018764e-01
-7.456915771640020285e-01
-3.560580615851708375e-01
3.092316625749579884e-01
9.650253303679345862e-01
1.550262233119982680e+00
1.915183359208132874e+00
1.723023327139598937e+00
1.317614993189162531e+00
1.339347993506840639e+00
1.712243724938549372e+00
1.773052574273706883e+00
1.087366022937131360e+00
6.108812224005551184e-02
-5.724915873566179814e-01
-5.092676071283241956e-01
9.160352374168977130e-02
7.259800871819491741e-01
8.108307077490524151e-01
2.282493225614756482e-01
-4.506395808824248950e-01
-4.798494181901387656e-01
7.587303508861618917e-02
3.659150000105413358e-01
-1.759973749337923055e-02
-6.127630701498537613e-01
-7.893852580416926834e-01
-4.402133881118026060e-01
-1.854574690518751845e-01
-5.877495674253955249e-01
-1.633946309953527409e+00
-2.554726191544546499e+00
-2.571074599061264010e+00
-1.691512159738845389e+00
-3.117233273746318756e-01
7.342988619540429251e-01
7.055602226062819282e-01
-3.439385330584632944e-02
-8.643726824218213034e-01
-1.675403218628779278e+00
-2.177233042366188531e+00
-1.857495781593276218e+00
-8.162388344818390928e-01
-6.476227218008376307e-03
8.104100555558912955e-02
-1.118410231001259192e-01
-1.184462843154136941e-01
1.772976593396026479e-01
7.387553596743923201e-01
1.593716042072150563e+00
2.355569931511338755e+00
2.387292012210552983e+00
1.676162544909094665e+00
7.121906656618773868e-01
-3.206648602853032996e-03
-2.510691746778977995e-01
-7.781553087695319837e-02
2.946997370819145479e-01
5.479746608407223274e-01
6.694417733761439671e-01
8.474866617994265550e-01
1.116423504654100007e+00
1.422022016901031805e+00
1.512856189670424234e+00
1.061808028818362892e+00
4.322147583159695605e-01
3.063183332709538687e-01
4.646169797685386071e-01
1.816590091880272151e-01
-4.452421211453981842e-01
-5.963736137553606875e-01
-8.914294438022170308e-02
4.360321755624514961e-01
8.090233105467229402e-01
1.187726390205747995e+00
1.226734520809166007e+00
8.613233224026470847e-01
3.256808068967614322e-01
-2.573483719547661197e-01
-3.215058983342413135e-01
2.402045670992086490e-01
6.841809338643145555e-01
6.786918794230519802e-01
5.528122374022024221e-01
5.418437353947120894e-01
5.387845309480236988e-01
5.086421387326234278e-01
3.234063272038614767e-01
-1.525897356765750223e-01
-6.173398998317166653e-01
-6.541864002298979353e-01
-4.729508672180621209e-01
-6.398543070764840524e-01
-9.039467323415079081e-01
-7.456057697243210214e-01
-5.719849592624055568e-01
-5.019491218613095773e-01
1.817089979289339538e-03
4.535058748741385148e-01
6.631063270273266363e-01
6.300663527161626254e-02
-6.303847365231232125e-01
-4.475606085442553894e-01
1.820151618829314866e-01
4.306404173675896230e-01
4.619369037512567333e-01
5.356248923485655844e-01
5.093376980136340437e-01
2.872930092799388380e-01
9.520598273813418722e-02
3.226374908032833555e-01
8.086075155354496280e-01
1.291592995419339251e+00
1.917798332816272211e+00
2.406247150885455710e+00
2.189241124379829984e+00
1.487419914987755387e+00
1.239684279483696860e+00
1.579298269893733231e+00
1.395546748541689697e+00
3.090883379309697920e-01
-7.648310039673207328e-01
-1.312302849877761801e+00
-1.322203733992629360e+00
-9.952425476800799142e-01
-7.519256916024152915e-01
-5.697155224780290350e-01
-3.478118882117133270e-01
-4.849310004581550704e-01
-1.217619031331860668e+00
-1.813112468911856290e+00
-1.319441471070491811e+00
-1.906257094624028980e-01
4.329337040217141608e-01
4.292139558644799124e-01
2.893523023860483101e-01
1.806264312256521121e-01
-1.034809897585686200e-01
-3.138960772041497482e-01
1.039560661176373163e-01
6.742008381049837684e-01
7.026527318451880610e-01
4.828106215440794990e-01
1.675913433695514487e-01
-3.905428777815027064e-01
-6.259724869886439391e-01
-4.042647656817087709e-01
-1.678980409905211080e-01
2.331890069728551895e-01
8.381657039582459667e-01
1.256594370338348421e+00
1.048299296533124370e+00
3.860330557642568938e-01
2.667597089835704871e-02
2.618552199796241320e-01
7.666349993298050558e-01
9.600885361356766845e-01
4.143846178640517297e-01
-1.396519990205007666e-01
3.094053031471152848e-01
1.039019465449954716e+00
8.936868702809546150e-01
1.584113226842144284e-01
-1.003931397120601809e-01
7.988657770900211563e-01
2.115992304877922781e+00
2.178759900012136264e+00
9.173670380447273009e-01
-4.348427353589535277e-02
-5.052653921879605298e-02
1.576614547457427240e-01
-1.664687664245291243e-01
-9.639676261824432490e-01
-1.319440632049576401e+00
-7.757617463401241809e-01
-1.438231285465352005e-01
1.455481567424746214e-01
7.490384125224687217e-01
1.551330457086063985e+00
1.608795842354204364e+00
8.328254249607556225e-01
-2.167997101966489815e-01
-8.425840262542863002e-01
-7.217225110040086378e-01
-2.764828053350258941e-01
-6.087263086170248416e-02
-2.270265271012181785e-01
-3.388781557082017892e-01
-2.213155154620813081e-01
-2.344895321901103169e-01
-5.377660074028141057e-01
-1.054719025490812756e+00
-1.525442072003004412e+00
-1.640718258365906790e+00
-1.386155049692869401e+00
-6.500261696604322514e-01
2.377412677424317333e-01
2.660402096129111937e-01
-6.261241514732960312e-01
-1.335877335512267283e+00
-1.222440462247988080e+00
-5.652739652162298567e-01
1.565268717651132069e-01
6.203593927008481668e-01
7.511344919559468369e-01
6.630585136844269201e-01
3.597508324774749688e-01
2.324091428157266381e-01
7.601819057770168309e-01
1.430265085620078924e+00
1.096401760468974640e+00
-4.452251944313524445e-01
-1.899171328001125092e+00
-2.122897579123907974e+00
-1.085088053134201980e+00
5.061063509336226618e-01
1.552752567046819410e+00
1.508097294021186752e+00
8.730500638471839769e-01
2.529356955121462441e-02
-1.042364080008506111e+00
-1.687804030340307015e+00
-1.342379984834486839e+00
-6.859666604431942094e-01
-6.845325541016914483e-01
-1.210723787029184040e+00
-1.698361914469874057e+00
-2.220091221131113457e+00
-2.721755653601828584e+00
-2.728606401348382615e+00
-2.728606401348382615e+00
-2.608990142176206284e+00
-1.607233072195221713e+00
-1.012511308135231047e-01
8.294609465834035245e-01
7.797277737246186557e-01
2.567537015909386877e-01
-1.995726712564232230e-01
-2.424040006960014593e-01
6.639159799177962035e-03
7.079842187386981012e-02
-6.181655334157739462e-02
-1.907586560766936223e-01
-3.777380185224343823e-01
-4.617690812415156110e-01
-1.665372892946205274e-01
6.447802607883927617e-02
-1.980623574270668485e-01
-4.669456463801262003e-01
-1.733766725360208483e-01
5.251264090289976538e-01
1.083955477487529517e+00
1.059615191604942774e+00
3.071792956276844788e-01
-6.723506228607354362e-01
-1.112888760627989804e+00
-7.070246547782423896e-01
2.450775509690508724e-01
7.788289869665713239e-01
2.180670282325945786e-01
-5.578927763091927616e-01
-3.849788432399644522e-01
5.195688833700375930e-01
1.293320881742141770e+00
1.566489130584555411e+00
1.274968162618614675e+00
5.653691868996448822e-01
4.033641536653187476e-02
-1.453180135827917274e-01
-5.572334355579430243e-01
-1.293380523050365882e+00
-1.640682200757708875e+00
-1.188591767677021904e+00
-4.203736098047305414e-01
1.346903674354074099e-01
4.005178109211867121e-01
3.679503124249711710e-01
1.563546707938590630e-01
1.856271556413173485e-01
4.190122122841281604e-01
3.361709124102151280e-01
-1.371382190998223505e-01
-5.784737469187920533e-01
-7.117534905670257483e-01
-2.543954488053398189e-01
6.520246749189007041e-01
1.276056750098584214e+00
1.674743136442832236e+00
2.198657110275401116e+00
2.352631340494820034e+00
1.731607872793180292e+00
8.767349796305015097e-01
2.803450048125502025e-01
-3.083105883533029390e-01
-1.040525015148092036e+00
-1.561973503551834508e+00
-1.315362296290486288e+00
7.004752429794506297e-01
9.966975710778926967e-01
1.117616705694428170e+00
8.860842635230270492e-01
2.409379748551774281e-01
-9.602333190797364415e-02
3.062560277272072806e-01
9.142139877891233279e-01
1.266226982526867051e+00
1.407958990902494989e+00
1.428088758897082977e+00
1.363222199310385907e+00
1.136607889065486265e+00
7.559164042237304093e-01
3.715073010041187174e-01
-7.715209588996192747e-03
-3.757047422103433898e-01
-3.852370679769999695e-01
8.305290607159525329e-02
6.320892974450593726e-01
1.049853721031841047e+00
1.305009735457422382e+00
1.128381274282142632e+00
4.503583702852939630e-01
-1.818060030662631554e-01
-3.272360297895816061e-01
-2.789047343433740944e-01
-5.187723606810661081e-02
5.867078258435871607e-01
9.616788189085433425e-01
7.006606630101777089e-01
4.968098101116869558e-01
5.506174115272752800e-01
5.419915199699651964e-01
2.951727122739969955e-01
-7.007994276859311200e-02
1.041097691362065647e-01
8.809145108249026856e-01
1.255654341832760590e+00
7.669156302556277005e-01
2.808152571151075749e-01
3.340295727395098946e-01
2.298954529523133949e-01
-2.147699836233581960e-01
-1.896739308099637811e-01
3.294030602444482647e-01
4.340619596741024933e-01
-4.910938129915797812e-01
-1.881051000935154205e+00
-2.217061683410507467e+00
-1.477970367952833097e+00
-8.953960473677378129e-01
-2.628520898244997017e-01
1.040769818569158733e+00
2.143571186145524443e+00
2.003484948083261497e+00
9.244319789790719222e-01
-1.300424595429784391e-01
-3.114535882766034658e-01
3.365085789969031183e-01
8.720893430498882770e-01
6.396514809378279764e-01
-1.004657338412318218e-01
-6.539045878604728967e-01
-7.156805173586869850e-01
-4.873498159280172937e-01
-4.169582750277823213e-01
-4.884192946437507787e-01
-3.879227443891481997e-01
-3.701547217394952627e-01
-5.313394636029258322e-01
-5.915399358420965203e-01
-6.925957946647995911e-01
-1.016278564045482113e+00
-1.148050836211438330e+00
-7.294982219281663793e-01
3.400104179907410124e-02
7.886289414446266965e-01
9.601492272004785722e-01
3.885864667006707074e-01
-1.946373189137513837e-01
-2.930740207009647769e-01
-8.743082665775123163e-02
3.136016872938335483e-03
5.644146266218593583e-02
6.095746519279547915e-01
1.332321519194458848e+00
1.454420042895943288e+00
8.830631357081621946e-01
1.999317535726049810e-01
1.729549850941012115e-02
2.837209642018304612e-01
5.466477191706279326e-01
5.366110203417879809e-01
2.581903837614366037e-01
1.279203813412429364e-02
-7.617977392512367829e-02
-4.121755036606151168e-01
-8.599224265097100695e-01
-4.687174739024912440e-01
1.019553824382032348e+00
2.633510153919732755e+00
2.743305967996334083e+00
2.291482834843576288e+00
6.972325280712202700e-01
-5.513651786836717417e-01
-1.093837178583053404e+00
-1.183684390018537425e+00
-1.058592904880748087e+00
-7.918134847322665371e-01
-5.432962228066572363e-01
-2.995296835435249383e-01
-8.532832314317095879e-02
-2.019230689903090403e-01
-5.357745405512545078e-01
-7.476272634436372799e-01
-7.004906716859363724e-01
-4.640547865541850836e-01
-3.767784377948774077e-01
-6.127432935044798690e-01
-9.098922547861831855e-01
-9.624405202575033735e-01
-1.078509612060470024e+00
-1.330107386983021112e+00
-1.222155933107475834e+00
-9.506015812006299859e-01
-9.665016097966678821e-01
-1.076423068199822142e+00
-9.071826321445870533e-01
-1.460098138954241120e-01
9.899652070908548929e-01
1.520465823019514939e+00
1.321814428146498965e+00
1.114587120286151256e+00
1.095652634902087419e+00
1.212975323803574534e+00
1.473416724781790421e+00
1.748237253416196291e+00
1.908965540618641432e+00
1.888375870343006246e+00
1.564286562094882704e+00
6.886767252511076798e-01
-5.563621711655142299e-01
-1.138332753987238100e+00
-6.834683418359217555e-01
-3.392509061482193444e-01
-6.967364153022221895e-01
-8.777813131679954584e-01
-8.044269105808288245e-01
-1.295016747919457201e+00
-1.940460163803732208e+00
-1.677927253652560236e+00
-4.689759433391512689e-01
6.410556329708393397e-01
6.031483879597925313e-01
-4.267821084397173670e-01
-1.347730445421597034e+00
-1.548336809996874841e+00
-1.372201737142700662e+00
-1.389911741125367639e+00
-1.781106028146933307e+00
-2.507895032646787037e+00
-2.740243037461034703e+00
-2.010597038201209052e+00
-2.761820952362861181e-01
1.069446509720247462e+00
1.504993728141249543e+00
1.358140111316386234e+00
7.296897224181272401e-01
-9.772201136522858100e-02
-3.349533677760112016e-01
-1.680884354116450319e-01
-4.832304810165276021e-01
-9.295692997244873190e-01
-6.535304194943926115e-01
6.005022683605146933e-02
6.959114980208634949e-01
1.135380963958507516e+00
8.595083563692768047e-01
-2.725042828852802801e-01
-1.259640532615561304e+00
-1.505088937114801739e+00
-1.523493285628032101e+00
-1.823963569121135109e+00
-2.125002689856560156e+00
-1.719643121905103378e+00
-5.891199862510566598e-01
5.094475627447067057e-01
1.031650659608193132e+00
8.677869483132414352e-01
2.238430687764034477e-01
-4.426922414914272741e-01
-6.212948418556676344e-01
-1.395440667024070991e-01
2.985231107695522912e-01
3.600696562749374635e-02
-4.648743175625490442e-01
-4.013585214951501112e-01
1.928748135926921514e-01
4.539724296110210777e-01
-3.918103111298829044e-01
-2.228885832009831203e-01
4.929823365590627060e-01
1.038659411354063478e+00
1.027340457418451036e+00
8.441421496829853988e-01
1.084839020275139454e+00
1.475922650029425132e+00
1.361870441857734759e+00
1.042212026001817282e+00
6.555264122120839643e-01
-1.461932721506796484e-01
-9.451636661336469958e-01
-1.422745852590790339e+00
-1.829486790911846850e+00
-1.896300933964982782e+00
-1.497815238619491840e+00
-9.597484944714159694e-01
-4.472572076734431246e-01
-1.804970279242150699e-01
-1.724601778055414036e-01
-2.944893201054497034e-01
-5.094648744916050465e-01
-5.707693299215442773e-01
-3.986329676214499518e-01
-1.360626510332449135e-01
3.291272936452107056e-01
8.829437851731434250e-01
8.589262420787858732e-01
1.075248001901303874e-01
-4.015166000634130539e-01
-2.381157859612145072e-02
6.140342537172392978e-01
4.581380897984023148e-01
-7.867524704887980391e-01
-2.100474341504078524e+00
-2.258357981861058850e+00
-1.432115138535067222e+00
-5.902660686094693965e-01
2.023223360544020022e-02
8.532785803520542833e-01
1.812609106874321530e+00
1.943425135176807927e+00
1.197446494751116974e+00
5.934909615298683550e-01
2.990314444706270169e-01
-1.769381459844187043e-01
-5.129585229956107328e-01
-1.824369602984488303e-01
5.249851266756501156e-01
1.071151174476122181e+00
1.108677350513541215e+00
3.390177752608022343e-01
-7.697369330670175147e-01
-1.398532792176164330e+00
-1.529324467644083585e+00
-1.354936260658616387e+00
-1.121430119435916417e+00
-1.365529809725778421e+00
-1.833936481107122818e+00
-1.512307327146300562e+00
-5.359196801859030801e-01
-9.241349820931513137e-02
-3.520278945951042515e-01
-6.004038359029418848e-01
-7.758913938086258177e-01
-1.134785676629546325e+00
-1.378523613984220741e+00
-8.320509240063292955e-01
5.909569487845476310e-01
2.089827503984281964e+00
2.688278825443194187e+00
1.942515620101506579e+00
3.903735584027889227e-01
-9.340002643657833170e-01
-1.346198548555735730e+00
-9.851325068366414417e-01
-7.942448716225245509e-01
-1.058253258830673227e+00
-1.081522853106890558e+00
-7.044192862661221577e-01
-4.696309641311071509e-02
9.304646925457461526e-01
1.779132352407816420e+00
2.083994592280636660e+00
1.944540791859678430e+00
1.532767281563418793e+00
9.193490419279370940e-01
2.063053593794218765e-01
-2.108440766929968457e-01
-2.928220741085425516e-01
-5.469822409506361893e-01
-8.524808583476967128e-01
-5.679182719623045994e-01
3.385590069099693178e-01
1.118645998024707877e+00
1.326853537838015740e+00
1.499404614513264011e+00
1.672050685627588740e+00
1.064767660384654313e+00
8.408349375240724288e-02
1.495699229574881106e-01
1.377403271939280360e+00
2.508715312357554073e+00
2.719968467748581809e+00
2.059766090859026288e+00
7.891479007222511610e-01
-2.556515830859203576e-03
3.976908553764081367e-01
1.223451172042178792e+00
1.431943762412722254e+00
1.155649110907037258e+00
7.122416332591932076e-01
9.585635518335373917e-02
-4.641472539325497970e-01
-6.283040311223435648e-01
-3.897688659607950190e-01
-1.463514252715329422e-01
-1.504582653035451412e-01
-8.366724204813204280e-02
3.047335552154210592e-01
4.561977208679815488e-01
-9.310390808478178487e-03
-4.842539704356250696e-01
-3.967018143253382423e-01
-9.199093223110142714e-02
-3.974541847008103979e-01
-1.305339212556654083e+00
-1.987638929893548623e+00
-2.012467740938132188e+00
-1.529639388325803040e+00
-7.320639964494498608e-01
-1.020927082318806023e-01
5.498292898577768206e-02
2.061950944682630626e-01
4.312475218067858274e-01
2.067497794761036789e-01
-2.145709365691530479e-01
-3.201303967757772595e-01
-1.431133646510179269e-01
3.072722971631351441e-01
6.093822043114019982e-01
1.761613890793734538e-01
-3.709683067171542503e-01
-2.003329180269720622e-01
1.140039068006761525e-01
-2.643174167933598495e-01
-1.010324113568759286e+00
-1.310914868145732548e+00
-9.792276420837416895e-01
-4.011000671981980181e-01
1.840326015680286698e-01
6.010578014050059759e-01
7.080542724763727591e-01
5.787194637236807715e-01
2.517727171896796956e-01
-4.896996647543139236e-02
9.503642468615086658e-02
5.445906033852182526e-01
6.392626218178664166e-01
2.933017244789631328e-01
-1.884726864845731042e-01
-8.155154893398360860e-01
-1.427694464929424534e+00
-1.550055227346451847e+00
-1.094825972203220976e+00
-6.972495681873219775e-01
-6.823379833669412919e-01
-3.584480356132573875e-01
3.726133243333310530e-01
7.092504946649387243e-01
1.815939363344399593e-01
-1.073488562753838638e+00
-1.927010734730588926e+00
-1.260364925775757872e+00
1.428896297567323892e-01
7.937626930569169348e-01
5.481925747579443620e-01
-8.967191512636456252e-02
-8.203261103638685992e-01
-1.036983293988790189e+00
-5.850621600131349354e-01
-1.699566747265284228e-01
2.141010567492989680e-01
9.671288425036913550e-01
1.622891029601037038e+00
1.563084663178293532e+00
1.062908865323844321e+00
7.742565908687221166e-01
7.098450628479432423e-01
5.680463792719917526e-01
2.827139861766536089e-01
3.515754216197317789e-02
1.687211333041039318e-01
5.458008582195782443e-01
6.250730994948547892e-01
1.650079943644350566e-01
-6.537471386827776731e-01
-1.339433351734818256e+00
-1.231835975284577112e+00
4.305238232488685091e-01
4.570903865401054200e-01
1.835461397107963077e-01
1.634750833940784853e-01
6.194416055178693092e-01
1.101941587886036578e+00
1.266440962983269580e+00
7.556735242103671535e-01
-4.414604070473254205e-01
-1.145672220456562584e+00
-9.429447801585865152e-01
-8.869325869361404102e-01
-1.304606711688022003e+00
-1.250120522430105963e+00
-2.644475642289966788e-01
6.469380375149959006e-01
4.030298157060370756e-01
-7.106169389885930165e-01
-1.475261985520759600e+00
-1.335439104042602354e+00
-7.889147239993145044e-01
-4.252977018827373001e-01
-4.727710736782722023e-01
-8.150113135496691585e-01
-9.793469447015235030e-01
-7.200367915388158346e-01
-4.850729644339726310e-01
-6.365606220930997150e-01
-9.354861588840424069e-01
-9.429582643235336903e-01
-3.043662407211088494e-01
5.326565457025541628e-01
5.736095334159919679e-01
-1.132919935964003810e-01
-7.888649500519689939e-01
-1.086736967194879888e+00
-7.886045076270761234e-01
-1.023811239095357289e-01
3.505527388393362420e-01
8.393197783665153067e-02
-7.122675031315777172e-01
-1.183880761880747645e+00
-9.115925502138649827e-01
-3.926646953582774158e-01
-1.824079546204323832e-01
-2.478822261099803692e-01
-3.516749558230760631e-01
-5.588422100138051851e-01
-1.016712156244510057e+00
-1.045058427891282671e+00
1.487520725855864534e-01
1.771986794183038061e+00
2.391877086453114476e+00
1.877205023524967320e+00
1.172322506818945342e+00
8.493363926797877772e-01
4.871951274104819318e-01
-3.527066403418773616e-02
-8.425310509175744367e-02
4.171697792798219617e-01
9.616106482024151525e-01
1.234607363581826434e+00
1.147610030339590859e+00
1.064279213796305967e+00
1.748922250484625796e+00
2.704899735875851530e+00
2.202469251839201281e+00
8.432564462525421467e-02
-1.955824869173309999e+00
-2.718983011100450931e+00
-2.225225476851461437e+00
-1.014017518792327266e+00
-2.201970667388663816e-01
-2.693910128750401367e-01
-6.261941005544044980e-01
-1.007227766379015010e+00
-1.408020655851004221e+00
-1.545399145873267210e+00
-1.210776187889540223e+00
-9.318503739469782277e-01
-1.039737126424779889e+00
-1.209950540160239951e+00
-1.615033742143301643e+00
-2.276007136653000362e+00
-2.347322344521756143e+00
-1.598576840486110040e+00
-6.043759735108834574e-01
1.478403414278798567e-01
5.763851587175721214e-01
1.072477864428084349e+00
1.460465163987849868e+00
1.281520062080059530e+00
1.095777581514663312e+00
1.148164187844161965e+00
8.118069685095943289e-01
2.107393874995413252e-01
-4.778343308970628422e-02
-5.557208755723119786e-02
-8.727653661279012598e-02
-2.234810828208498301e-01
-5.271060764886530414e-01
-5.521345734935729777e-01
3.580451968103134236e-02
6.780988051802031569e-01
9.825925769885093253e-01
9.919807228578918501e-01
4.939983640556340205e-01
-4.276613615864167106e-01
-1.101189731395392890e+00
-9.453771235319916588e-01
-1.250708058210849849e-01
6.729518654089543528e-01
1.074363059786205055e+00
1.290321921597756383e+00
1.718880342769335323e+00
2.126351481764078510e+00
1.685976353047966558e+00
4.009510309082165991e-01
-5.675835705621664617e-01
-4.131290101017049410e-01
3.547248432070831958e-01
1.175115817412175856e+00
1.955550821667261685e+00
1.897768150907624740e+00
5.666015741117004234e-01
-9.110141775729608815e-01
-1.463182540847735247e+00
-1.343745511877709964e+00
-1.147151847986700002e+00
-7.154361751925845114e-01
6.901799105644783328e-02
6.452583465545577157e-01
6.222611558575732449e-01
3.967254576373649422e-01
3.702438295117816969e-01
-4.902996333937616885e-02
-1.231215033275600668e+00
-2.272397512355662563e+00
-2.520801574806793344e+00
-2.101207866141153513e+00
-1.239262900647481569e+00
-3.410334712232117038e-01
1.017356202153652522e-01
2.566882202527982493e-01
5.647961289602561052e-01
8.810531165146777699e-01
8.387745916896685028e-01
5.747756257472753649e-01
5.378606764575125654e-01
5.926169588232345076e-01
2.580008594245450371e-01
-1.970412035321093824e-01
-2.644577323777112521e-01
-9.982039029080688654e-04
8.464578737343324277e-02
-4.505060832488817502e-01
-8.918715616495562770e-01
-3.953455164269155109e-01
4.365409577186498691e-01
6.862305917631297270e-01
4.918696567710750811e-01
3.542991965649344155e-01
3.278529772039318058e-01
3.893399220358096380e-01
8.589992795196800257e-01
1.615814368764557418e+00
1.852819854850971781e+00
1.424681975877460038e+00
9.388037667089254024e-01
8.049713045071172912e-01
7.700646151554366714e-01
4.720079261773213464e-01
2.556797596204079745e-02
-2.927186466372933005e-01
-2.163411243608343582e-01
2.329007026586165860e-02
-1.749024777742146097e-01
-7.135898813347866243e-01
-7.661663024841386394e-01
-1.959170914746422854e-01
9.911335708774726694e-03
-3.140845548839144019e-01
-1.587428784391907710e-01
5.895099499242804075e-01
9.247063445367896817e-01
4.595856509364393827e-01
-1.495479654042181084e-01
-4.672549114248383817e-01
-4.473478630581790294e-01
2.424408205784579339e-03
3.658040073970304507e-01
1.063363720639988741e-01
-1.339162117138861241e-01
2.885355550541695568e-01
9.406612995019617562e-01
1.345084629541866361e+00
1.430648776646832321e+00
1.040170289111893354e+00
1.783750137064800401e-01
-3.605746473288841125e-01
-7.462972789743642643e-01
-1.887561352775287693e+00
-2.758457195509597337e+00
-2.758457195509597337e+00
-1.775913969440380269e+00
-1.709234644971296124e-01
1.173103385530914311e+00
1.805025372873208189e+00
1.641852779027533016e+00
1.230805942614833448e+00
1.041287211171269877e+00
1.005936064411921516e+00
7.681245885459132561e-01
1.776210301013085302e-01
-3.659219105845083475e-01
-4.317917352753259386e-01
-1.750331748039614665e-01
-1.715230634670018017e-01
-2.499441048749040106e-01
2.288901836968117443e-01
8.971732196297299566e-01
1.239656359377829142e+00
1.278767445549373383e+00
1.006786774392328665e+00
3.171337041593039752e-01
-6.674618364781028657e-01
-1.183945714844202080e+00
-1.033192479950875819e+00
-1.211204113249711112e+00
-1.790984322702649401e+00
-1.480495345935880946e+00
-2.296720955108604301e-01
2.707657528616945197e-01
-4.238394257081861682e-01
-9.077668987114440036e-01
-4.528015722035397261e-01
1.653381568743964580e-01
3.712768757576448975e-01
4.956568709644580406e-01
7.140023119591508705e-01
8.812986857483472436e-01
8.278581330191320253e-01
3.485935516560063618e-01
-1.749477614340151921e-01
-1.974746047974273166e-01
-3.666445389419318301e-01
-8.842501210594452266e-01
-7.336046490627488037e-01
-9.060431649767779205e-02
8.456706749862780148e-02
4.431034650300683109e-02
3.963986619573814374e-01
6.925630211632560762e-01
2.150675790705340873e-01
-6.532601671183823067e-01
-1.125590021871813562e+00
-1.186142520202130957e+00
-1.176707242792682795e+00
-1.190860552476265211e+00
-1.141055934904030789e+00
-6.833137009734698841e-01
2.236594056971335231e-01
8.378912421773558883e-01
6.995099453627166008e-01
3.642566040317179454e-01
5.066588175199029376e-01
8.146271209129541946e-01
5.662253124363455514e-01
-9.384780495083926144e-02
-2.174996617632319051e-01
7.648214781602932222e-01
2.197917546391920940e+00
2.761580444072933016e+00
2.761580444072933016e+00
2.649129777344795933e+00
1.707328499213507378e+00
7.972909661884574062e-01
3.738744756552490889e-02
-7.003203081927068530e-01
-8.459507381282629357e-01
-1.087691682004432447e-01
7.814009542625126592e-01
1.115800768062702009e+00
1.120148623709682267e+00
1.356765618462365097e+00
1.610700605455951173e+00
1.127424844474523846e+00
-2.127492790748839180e-01
-1.264661898107993121e+00
-9.257536149208369647e-01
4.175712175140874338e-01
1.659828032981817580e+00
2.360496228490271520e+00
2.424891344496394652e+00
1.824480967448027124e+00
9.856962625546673573e-01
1.934039347348191495e-01
-5.913863612389469449e-01
-1.052155606292236589e+00
-1.062964424056271451e+00
-1.091026807824913458e+00
-1.230323534713396727e+00
-1.390833433704514732e+00
-1.800128612970575803e+00
-2.281023124538456681e+00
-2.219948332064331620e+00
-1.352598471397881585e+00
-8.229620974462358018e-02
8.797176661601622261e-01
1.188273930272786050e+00
1.055339899553630056e+00
7.826584085534554758e-01
4.934702485086995272e-01
3.069492898909703671e-01
3.064775201759122880e-01
3.074270773713020377e-01
1.087425172640379828e-01
-1.217683948725020449e-01
-9.422627886828804922e-02
-4.389539448893256535e-02
-6.676624849733280020e-02
3.646732833758281056e-01
8.987835581763753412e-01
5.223737393540945906e-01
-5.102683643576235717e-01
-9.501850265546954999e-01
-4.367302943782794267e-01
-8.205245619282550487e-03
-3.600150698786653281e-01
-7.611766731469332692e-01
-6.884351488918383222e-01
-5.166798904813109106e-01
-2.789191692000658196e-01
9.560745246971810718e-02
8.292435640837836353e-02
-3.844993393588445607e-01
-8.064215605230276029e-01
-1.179155828036990483e+00
-1.452417650850277520e+00
-1.281727666162758794e+00
-8.109475726935162498e-01
-4.620901484350790067e-01
-2.227583719376086402e-01
5.122051593783671919e-02
3.203166180379655725e-01
4.513006952696242968e-01
1.041946715835527226e-01
-8.673192004749776807e-01
-1.883794808937308440e+00
-2.190898219403544900e+00
-1.871728533754278390e+00
-1.435774580052095351e+00
-9.917758312082531891e-01
-3.666928774661202817e-01
3.573801019347340180e-01
5.856584600906595828e-01
2.439828828676336991e-01
4.547524452925689326e-02
3.100636208699398266e-01
6.414886828564613230e-01
5.649580477989831762e-01
3.599035718539619899e-02
-5.710853827625058665e-01
-6.944045443731373668e-01
-9.035356240221946444e-02
7.555400857059689779e-01
1.174277613863473624e+00
9.442843945780626802e-01
2.008186561278685889e-01
-7.153621325560294286e-01
-1.160199094907847117e+00
-9.024502403318392929e-01
-3.967078848064630736e-01
1.065409805553775707e-01
5.518207647543761363e-01
9.455199145894039869e-01
1.192736452542616954e+00
1.050058665567907168e+00
8.957728626201101330e-01
9.719712154301777263e-01
8.148721986135167850e-01
2.486276150495262682e-01
-3.389941805134153996e-01
-5.546236689775503326e-01
-5.022202663674362189e-01
-4.127059058947816217e-01
-2.099426991146025046e-01
1.379006141578870692e-01
3.813650336123894369e-01
3.894011559206381201e-01
3.285896707911330483e-01
3.301957471992009729e-01
4.491599983359584325e-01
5.619108178328097170e-01
2.160374635770331009e-01
-6.058166736082098991e-01
-9.274080455032071013e-01
-3.155671833108066315e-01
3.315560026842553354e-01
3.722543284660491669e-01
