9.322967025235740293e-03
-3.301244357058408241e-01
-3.947260839994469195e-01
6.761052440561818311e-02
7.305476779407957810e-01
1.030396642806940877e+00
8.076565801296134994e-01
5.698746389358445574e-01
4.303761746772660213e-01
-2.773784106103963643e-01
-1.618402936988898144e+00
-2.540164016170656236e+00
-2.167072289220103531e+00
-1.162455542538229247e+00
-7.130256942392928510e-01
-6.840365072881154918e-01
-1.816193368892970728e-01
7.471505980407394665e-01
1.425075355738342209e+00
1.652972520228740860e+00
1.552019607877490381e+00
9.674237501592996002e-01
-3.924614090032454428e-01
-1.674465639117377336e+00
-1.583192778440947412e+00
-3.976019372291839105e-01
5.962853684561648659e-01
8.923285137201045769e-01
8.370176996134457426e-01
8.839553307776633062e-01
1.089935242467571008e+00
1.183394209092519356e+00
1.125943132942476943e+00
1.068510721332397884e+00
1.020245264710262223e+00
7.807915955472132241e-01
5.063674901515503590e-01
4.877430115651247289e-01
3.311360129799456598e-01
-1.187199981544868194e-01
-4.691312825798356623e-01
-5.100068256315732906e-01
-4.117673868806495108e-01
-5.116217028119462995e-01
-6.913672986778882645e-01
-5.542161234253503155e-01
-1.397694674171354456e-01
-9.990611623388298557e-02
-6.219794333736993197e-01
-1.062162181268788252e+00
-1.081326395510264105e+00
-8.651069201340012560e-01
-4.771508280146067871e-01
-2.824271349799970313e-02
7.887718638326287821e-03
-4.785738111700947872e-01
-9.511897183848637694e-01
-9.281548171663516200e-01
-2.924897035464621986e-01
6.677203924615339181e-01
1.184701048691782388e+00
8.670214806564107146e-01
4.636194079445085103e-01
4.161046582850614350e-01
1.756642853566340312e-01
-1.614511013442541665e-01
-1.427243768843900196e-01
-5.678957960629168328e-02
-7.195968123553179996e-02
-6.653870538930138634e-02
-1.905186309914428111e-01
-4.899886262333853493e-01
-6.063377276346112454e-01
-1.980541284387013212e-01
4.778686772076176648e-01
9.476700175759927847e-01
1.206279008327879820e+00
1.086378560150312200e+00
4.106708751552777259e-01
-3.302677159039071886e-01
-9.752756035113876454e-01
-1.465365308792912158e+00
-1.434780145827924791e+00
-1.006091089428540863e+00
-3.934616781187845747e-01
6.983809919619025086e-01
1.884508971848314118e+00
1.934550862283560546e+00
7.822606271662595478e-01
-2.763118540176426330e-01
-3.624912939509395970e-01
9.689517387440301985e-03
1.114402800371576824e-01
1.661796743678557176e-01
6.302880069989352796e-01
1.119273538718158489e+00
7.942536812303857552e-01
-2.075622197605475616e-01
-9.261310734126558808e-01
-1.207413428071203887e+00
-1.397676485781401912e+00
-1.066353130426219487e+00
4.790500936264508597e-02
9.124662444280532414e-01
7.591084075307650281e-01
2.095854155033200494e-01
-3.042848328927143520e-01
-9.602848191489562479e-01
-1.419959654094432144e+00
-1.122643252431202665e+00
-3.959355195764068247e-01
-1.873774023961790047e-01
-7.783396946610786626e-01
-1.531761650306545208e+00
-1.865319840430715859e+00
-1.720037281418248742e+00
-1.125949355510368788e+00
-3.808589377185037650e-01
1.196036398729546368e-01
2.030465101806731287e-01
-2.870369904934464977e-01
-8.314452438969833770e-01
-5.748727437212042268e-01
3.316885010641325016e-01
1.200437193778606915e+00
1.556408475362930144e+00
1.424988428789718320e+00
1.260045871702222708e+00
1.182161455863780297e+00
9.729752492841761136e-01
6.580654349512267132e-01
3.457206163236619112e-01
4.600217865505412326e-03
-1.033644619018299349e-01
3.742557415987077807e-01
9.732892789663448729e-01
9.789463456919821338e-01
6.436738664643648633e-01
6.703879003651490587e-01
1.214360895053731015e+00
2.011190671066850122e+00
2.454181587499856487e+00
2.196115767449701384e+00
1.421085466036382305e+00
1.972193900676517397e-01
-9.523999730587813239e-01
-1.113894968548703401e+00
-5.123776044441815669e-01
-1.125325494713082797e-01
-3.771625915955825192e-01
-9.578558563632033618e-01
-8.532285843282212401e-01
1.510123957749066603e-01
1.123899729285674276e+00
1.694927321346205273e+00
2.097197495075012519e+00
2.122116952510280985e+00
1.710112853873833938e+00
1.543142660416267020e+00
2.028592924765430183e+00
2.478775076475529637e+00
1.822024414916352031e+00
2.362159463359514711e-01
-9.243278791201656741e-01
-1.110427091835189062e+00
-8.768172419629549630e-01
-7.113614328837248868e-01
-8.856129646187822502e-01
-1.368185559904033344e+00
-1.629393954602145200e+00
-1.554971748298312306e+00
-1.466058180909151298e+00
-1.356318848767925633e+00
-1.221826277785504899e+00
-9.316765967200363319e-01
-6.379887231048121388e-01
-9.539868605612685792e-01
-1.248358536891623460e+00
-3.904921512645960213e-01
8.192648632413402909e-01
7.955418598293382271e-01
-1.196579533550567037e-01
-6.518695665527526328e-01
-5.211295963995674629e-01
5.098340490304890948e-02
5.932800688240038589e-01
5.924178085775521074e-01
2.543998065813565246e-01
5.571625631666983491e-02
-1.844940982741999705e-02
-3.866764590380993294e-01
-1.186521888110183109e+00
-1.572619589147072450e+00
-8.272048034410874884e-01
3.031531374024094005e-01
5.615361273207650772e-01
-1.986667604004036247e-01
-1.048858298470087380e+00
-1.423016406160257041e+00
-1.059765685046806016e+00
-5.228784866142993648e-01
-1.069913051747357624e+00
-1.211914409350158595e+00
-9.548738566343794032e-01
-5.897916211710110268e-01
-3.922432492370269558e-02
7.648347802737475165e-01
1.336684223688682449e+00
1.344224210317131574e+00
1.344423317930213635e+00
1.672564243016043672e+00
2.032974161493473542e+00
2.380156098916935470e+00
2.584614048313499168e+00
2.165905566639807933e+00
1.098134739932908888e+00
-4.356938114508230458e-02
-4.730310426717780903e-01
2.415625674925811137e-02
8.741538498376451027e-01
1.510526973143132112e+00
1.744655962310861952e+00
1.749900414547550742e+00
1.751020828220706482e+00
1.728264124992470840e+00
1.563073199953227022e+00
1.104243245291575137e+00
2.472328068741224683e-01
-6.708791673821817847e-01
-1.069171668655697793e+00
-7.567453015579490572e-01
-2.030212400494669223e-01
5.727854700073040789e-02
3.048630571278270751e-01
9.372240124227563252e-01
1.245139577683292087e+00
3.981674956027291823e-01
-1.192196427385205704e+00
-2.383855802213306063e+00
-2.592231953700065983e+00
-2.320998150467239007e+00
-1.847101048549838476e+00
-1.015584449872634076e+00
-2.412344262605627399e-01
1.018679232209160346e-01
2.282413677405051022e-01
4.335176594716639298e-01
6.953311430091653200e-01
5.562524660673070498e-01
-6.353006784333725676e-02
-4.386223605192325903e-01
-2.825989493153819865e-01
6.294454252495766677e-02
1.065115307009531498e-02
-6.577995489953144537e-01
-1.031590935927847674e+00
-4.035503396458743341e-01
6.315965274198294122e-01
1.243406487433709851e+00
1.320310864360085157e+00
1.117480966818566790e+00
8.368032232266683357e-01
4.850421348824211498e-01
-4.704180253283402752e-02
-3.983303866414500960e-01
-3.078407376503541348e-01
-2.097306662551708945e-01
-2.973232934506077063e-01
-3.952598038846218409e-01
-5.923045786690506187e-01
-7.513959222011187267e-01
-7.242989233692711526e-01
-6.807899086939473987e-01
-3.182417401483803587e-01
5.507730440474594147e-01
1.060057819520516587e+00
7.801616034836110769e-01
3.911831384839738468e-01
2.489968473068310817e-01
1.851893608217572151e-01
2.344907812518618739e-01
3.426609736009151863e-01
1.620876398800014939e-01
-1.935278915836425306e-01
-3.509996148837089547e-01
-4.469819602739404374e-01
-8.208741497284528510e-01
-1.272337381814135915e+00
-1.393794522692312965e+00
-1.212918711524332949e+00
-9.092005712884606572e-01
-3.786243581425232652e-01
5.609171771381750160e-01
1.741175564263986564e+00
2.518431125406265014e+00
2.266410729531135537e+00
1.258714655239477231e+00
2.918581511369958137e-01
-3.593808229450627389e-01
-7.073527023693713112e-01
-5.827292472048175576e-01
-1.626083073931905987e-01
-1.640613751711186841e-01
-7.615292817892450605e-01
-1.259922424768865845e+00
-1.322917480006251756e+00
-1.332773393831512720e+00
-1.613799069627488203e+00
-1.904781848682759016e+00
-1.448081180442957416e+00
-7.691855911676245827e-02
1.431835104667947611e+00
2.362655865529915022e+00
2.187823210153420739e+00
1.019251487563868297e+00
-3.578405409911707830e-02
-3.235802720722157910e-01
-8.488379809766698203e-02
3.831447408298325197e-01
9.600100928012850199e-01
1.321516353829876644e+00
7.124403722841246012e-01
-7.778410279547705031e-01
-1.559584172870107865e+00
-7.454350990457412340e-01
4.003952543015781851e-01
6.816919310621516459e-01
5.217972137024956547e-01
4.212972860570079470e-01
3.322043835672940926e-01
4.188725111619222008e-01
6.030101128449467662e-01
3.975659712078177255e-01
-1.743994364863051330e-02
-8.054959301700471974e-02
-5.374189296660286663e-02
-3.583416429343850296e-01
-5.958675072540919881e-01
-3.579834825436435386e-01
1.968511867780123881e-01
6.199255794219995508e-01
7.629845184976778993e-01
8.238096652836772726e-01
7.253789006994834088e-01
3.008994059270791444e-01
-8.437453662772102791e-02
-1.250194852263676604e-01
-2.015026306389861299e-01
-1.841843388588344510e-01
1.447747388543237645e-01
2.505091578973445837e-02
-6.927114523519499745e-01
-9.836144353982950728e-01
-2.485652061898206977e-01
7.496970632443105131e-01
7.561118016378777229e-01
-1.827834347512252433e-01
-6.902766578949784959e-01
-1.646964666307138281e-01
4.361894550395684633e-01
2.051947394772308253e-01
-5.361724762319006743e-01
-9.722198464917426453e-01
-6.890789895332360970e-01
3.728103372987406211e-02
3.722801536475922601e-01
-1.255501550594738391e-01
-8.217559641487557354e-01
-7.533224739587878194e-01
-2.464420348770793301e-01
-3.375662041327702756e-01
-9.459852229309274607e-01
-1.283465368497905823e+00
-8.983574350753770199e-01
-1.675497471624413370e-01
4.521781062103906457e-02
-5.624365393432056992e-01
-1.424326565009837564e+00
-1.926154678612734816e+00
-1.945410231980548410e+00
-1.519267543301862755e+00
-8.885164913218798199e-01
-4.846531657493209355e-01
-5.273011203003854508e-01
-6.230852874586458867e-01
-1.059448787507440842e-01
1.013804848661790547e+00
1.780920314976564445e+00
1.581632732213546388e+00
1.064811770512188005e+00
7.163305831396508117e-01
9.581799367295983083e-02
-8.221230930604809251e-01
-1.353748860118233477e+00
-1.207778932521244686e+00
-7.723132222642471456e-01
-5.593415351372141853e-01
-7.082347766573949821e-01
-9.268196256437669645e-01
-7.331836882491956642e-01
7.004752429794506297e-01
9.966975710778926967e-01
1.117616705694428170e+00
8.860842635230270492e-01
2.409379748551774281e-01
-9.602333190797364415e-02
3.062560277272072806e-01
9.142139877891233279e-01
1.266226982526867051e+00
1.407958990902494989e+00
1.428088758897082977e+00
1.363222199310385907e+00
1.136607889065486265e+00
7.559164042237304093e-01
3.715073010041187174e-01
-7.715209588996192747e-03
-3.757047422103433898e-01
-3.852370679769999695e-01
8.305290607159525329e-02
6.320892974450593726e-01
1.049853721031841047e+00
1.305009735457422382e+00
1.128381274282142632e+00
4.503583702852939630e-01
-1.818060030662631554e-01
-3.272360297895816061e-01
-2.789047343433740944e-01
-5.187723606810661081e-02
5.867078258435871607e-01
9.616788189085433425e-01
7.006606630101777089e-01
4.968098101116869558e-01
5.506174115272752800e-01
5.419915199699651964e-01
2.951727122739969955e-01
-7.007994276859311200e-02
1.041097691362065647e-01
8.809145108249026856e-01
1.255654341832760590e+00
7.669156302556277005e-01
2.808152571151075749e-01
3.340295727395098946e-01
2.298954529523133949e-01
-2.147699836233581960e-01
-1.896739308099637811e-01
3.294030602444482647e-01
4.340619596741024933e-01
-4.910938129915797812e-01
-1.881051000935154205e+00
-2.217061683410507467e+00
-1.477970367952833097e+00
-8.953960473677378129e-01
-2.628520898244997017e-01
1.040769818569158733e+00
2.143571186145524443e+00
2.003484948083261497e+00
9.244319789790719222e-01
-1.300424595429784391e-01
-3.114535882766034658e-01
3.365085789969031183e-01
8.720893430498882770e-01
6.396514809378279764e-01
-1.004657338412318218e-01
-6.539045878604728967e-01
-7.156805173586869850e-01
-4.873498159280172937e-01
-4.169582750277823213e-01
-4.884192946437507787e-01
-3.879227443891481997e-01
-3.701547217394952627e-01
-5.313394636029258322e-01
-5.915399358420965203e-01
-6.925957946647995911e-01
-1.016278564045482113e+00
-1.148050836211438330e+00
-7.294982219281663793e-01
3.400104179907410124e-02
7.886289414446266965e-01
9.601492272004785722e-01
3.885864667006707074e-01
-1.946373189137513837e-01
-2.930740207009647769e-01
-8.743082665775123163e-02
3.136016872938335483e-03
5.644146266218593583e-02
6.095746519279547915e-01
1.332321519194458848e+00
1.454420042895943288e+00
8.830631357081621946e-01
1.999317535726049810e-01
1.729549850941012115e-02
2.837209642018304612e-01
5.466477191706279326e-01
5.366110203417879809e-01
2.581903837614366037e-01
1.279203813412429364e-02
-7.617977392512367829e-02
-4.121755036606151168e-01
-8.599224265097100695e-01
-4.687174739024912440e-01
1.019553824382032348e+00
2.633510153919732755e+00
2.743305967996334083e+00
2.291482834843576288e+00
6.972325280712202700e-01
-5.513651786836717417e-01
-1.093837178583053404e+00
-1.183684390018537425e+00
-1.058592904880748087e+00
-7.918134847322665371e-01
-5.432962228066572363e-01
-2.995296835435249383e-01
-8.532832314317095879e-02
-2.019230689903090403e-01
-5.357745405512545078e-01
-7.476272634436372799e-01
-7.004906716859363724e-01
-4.640547865541850836e-01
-3.767784377948774077e-01
-6.127432935044798690e-01
-9.098922547861831855e-01
-9.624405202575033735e-01
-1.078509612060470024e+00
-1.330107386983021112e+00
-1.222155933107475834e+00
-9.506015812006299859e-01
-9.665016097966678821e-01
-1.076423068199822142e+00
-9.071826321445870533e-01
-1.460098138954241120e-01
9.899652070908548929e-01
1.520465823019514939e+00
1.321814428146498965e+00
1.114587120286151256e+00
1.095652634902087419e+00
1.212975323803574534e+00
1.473416724781790421e+00
1.748237253416196291e+00
1.908965540618641432e+00
1.888375870343006246e+00
1.564286562094882704e+00
6.886767252511076798e-01
-5.563621711655142299e-01
-1.138332753987238100e+00
-6.834683418359217555e-01
-3.392509061482193444e-01
-6.967364153022221895e-01
-8.777813131679954584e-01
-8.044269105808288245e-01
-1.295016747919457201e+00
-1.940460163803732208e+00
-1.677927253652560236e+00
-4.689759433391512689e-01
6.410556329708393397e-01
6.031483879597925313e-01
-4.267821084397173670e-01
-1.347730445421597034e+00
-1.548336809996874841e+00
-1.372201737142700662e+00
-1.389911741125367639e+00
-1.781106028146933307e+00
-2.507895032646787037e+00
-2.740243037461034703e+00
-2.010597038201209052e+00
-2.761820952362861181e-01
1.069446509720247462e+00
1.504993728141249543e+00
1.358140111316386234e+00
7.296897224181272401e-01
-9.772201136522858100e-02
-3.349533677760112016e-01
-1.680884354116450319e-01
-4.832304810165276021e-01
-9.295692997244873190e-01
-6.535304194943926115e-01
6.005022683605146933e-02
6.959114980208634949e-01
1.135380963958507516e+00
8.595083563692768047e-01
-2.725042828852802801e-01
-1.259640532615561304e+00
-1.505088937114801739e+00
-1.523493285628032101e+00
-1.823963569121135109e+00
-2.125002689856560156e+00
-1.719643121905103378e+00
-5.891199862510566598e-01
5.094475627447067057e-01
1.031650659608193132e+00
8.677869483132414352e-01
2.238430687764034477e-01
-4.426922414914272741e-01
-6.212948418556676344e-01
-1.395440667024070991e-01
2.985231107695522912e-01
3.600696562749374635e-02
-4.648743175625490442e-01
-4.013585214951501112e-01
1.928748135926921514e-01
4.539724296110210777e-01
-3.918103111298829044e-01
-2.228885832009831203e-01
4.929823365590627060e-01
1.038659411354063478e+00
1.027340457418451036e+00
8.441421496829853988e-01
1.084839020275139454e+00
1.475922650029425132e+00
1.361870441857734759e+00
1.042212026001817282e+00
6.555264122120839643e-01
-1.461932721506796484e-01
-9.451636661336469958e-01
-1.422745852590790339e+00
-1.829486790911846850e+00
-1.896300933964982782e+00
-1.497815238619491840e+00
-9.597484944714159694e-01
-4.472572076734431246e-01
-1.804970279242150699e-01
-1.724601778055414036e-01
-2.944893201054497034e-01
-5.094648744916050465e-01
-5.707693299215442773e-01
-3.986329676214499518e-01
-1.360626510332449135e-01
3.291272936452107056e-01
8.829437851731434250e-01
8.589262420787858732e-01
1.075248001901303874e-01
-4.015166000634130539e-01
-2.381157859612145072e-02
6.140342537172392978e-01
4.581380897984023148e-01
-7.867524704887980391e-01
-2.100474341504078524e+00
-2.258357981861058850e+00
-1.432115138535067222e+00
-5.902660686094693965e-01
2.023223360544020022e-02
8.532785803520542833e-01
1.812609106874321530e+00
1.943425135176807927e+00
1.197446494751116974e+00
5.934909615298683550e-01
2.990314444706270169e-01
-1.769381459844187043e-01
-5.129585229956107328e-01
-1.824369602984488303e-01
5.249851266756501156e-01
1.071151174476122181e+00
1.108677350513541215e+00
3.390177752608022343e-01
-7.697369330670175147e-01
-1.398532792176164330e+00
-1.529324467644083585e+00
-1.354936260658616387e+00
-1.121430119435916417e+00
-1.365529809725778421e+00
-1.833936481107122818e+00
-1.512307327146300562e+00
-5.359196801859030801e-01
-9.241349820931513137e-02
-3.520278945951042515e-01
-6.004038359029418848e-01
-7.758913938086258177e-01
-1.134785676629546325e+00
-1.378523613984220741e+00
-8.320509240063292955e-01
5.909569487845476310e-01
2.089827503984281964e+00
2.688278825443194187e+00
1.942515620101506579e+00
3.903735584027889227e-01
-9.340002643657833170e-01
-1.346198548555735730e+00
-9.851325068366414417e-01
-7.942448716225245509e-01
-1.058253258830673227e+00
-1.081522853106890558e+00
-7.044192862661221577e-01
-4.696309641311071509e-02
9.304646925457461526e-01
1.779132352407816420e+00
2.083994592280636660e+00
1.944540791859678430e+00
1.532767281563418793e+00
9.193490419279370940e-01
2.063053593794218765e-01
-2.108440766929968457e-01
-2.928220741085425516e-01
-5.469822409506361893e-01
-8.524808583476967128e-01
-5.679182719623045994e-01
3.385590069099693178e-01
1.118645998024707877e+00
1.326853537838015740e+00
1.499404614513264011e+00
1.672050685627588740e+00
1.064767660384654313e+00
8.408349375240724288e-02
1.495699229574881106e-01
1.377403271939280360e+00
2.508715312357554073e+00
2.719968467748581809e+00
2.059766090859026288e+00
7.891479007222511610e-01
-2.556515830859203576e-03
3.976908553764081367e-01
1.223451172042178792e+00
1.431943762412722254e+00
1.155649110907037258e+00
7.122416332591932076e-01
9.585635518335373917e-02
-4.641472539325497970e-01
-6.283040311223435648e-01
-3.897688659607950190e-01
-1.463514252715329422e-01
-1.504582653035451412e-01
-8.366724204813204280e-02
3.047335552154210592e-01
4.561977208679815488e-01
-9.310390808478178487e-03
-4.842539704356250696e-01
-3.967018143253382423e-01
-9.199093223110142714e-02
-3.974541847008103979e-01
-1.305339212556654083e+00
-1.987638929893548623e+00
-2.012467740938132188e+00
-1.529639388325803040e+00
-7.320639964494498608e-01
-1.020927082318806023e-01
5.498292898577768206e-02
2.061950944682630626e-01
4.312475218067858274e-01
2.067497794761036789e-01
-2.145709365691530479e-01
-3.201303967757772595e-01
-1.431133646510179269e-01
3.072722971631351441e-01
6.093822043114019982e-01
1.761613890793734538e-01
-3.709683067171542503e-01
-2.003329180269720622e-01
1.140039068006761525e-01
-2.643174167933598495e-01
-1.010324113568759286e+00
-1.310914868145732548e+00
-9.792276420837416895e-01
-4.011000671981980181e-01
1.840326015680286698e-01
6.010578014050059759e-01
7.080542724763727591e-01
5.787194637236807715e-01
2.517727171896796956e-01
-4.896996647543139236e-02
9.503642468615086658e-02
5.445906033852182526e-01
6.392626218178664166e-01
2.933017244789631328e-01
-1.884726864845731042e-01
-8.155154893398360860e-01
-1.427694464929424534e+00
-1.550055227346451847e+00
-1.094825972203220976e+00
-6.972495681873219775e-01
-6.823379833669412919e-01
-3.584480356132573875e-01
3.726133243333310530e-01
7.092504946649387243e-01
1.815939363344399593e-01
-1.073488562753838638e+00
-1.927010734730588926e+00
-1.260364925775757872e+00
1.428896297567323892e-01
7.937626930569169348e-01
5.481925747579443620e-01
-8.967191512636456252e-02
-8.203261103638685992e-01
-1.036983293988790189e+00
-5.850621600131349354e-01
-1.699566747265284228e-01
2.141010567492989680e-01
9.671288425036913550e-01
1.622891029601037038e+00
1.563084663178293532e+00
1.062908865323844321e+00
7.742565908687221166e-01
7.098450628479432423e-01
5.680463792719917526e-01
2.827139861766536089e-01
3.515754216197317789e-02
1.687211333041039318e-01
5.458008582195782443e-01
6.250730994948547892e-01
1.650079943644350566e-01
-6.537471386827776731e-01
-1.339433351734818256e+00
-1.231835975284577112e+00
-1.817089979289339538e-03
-4.535058748741385148e-01
-6.631063270273266363e-01
-6.300663527161626254e-02
6.303847365231232125e-01
4.475606085442553894e-01
-1.820151618829314866e-01
-4.306404173675896230e-01
-4.619369037512567333e-01
-5.356248923485655844e-01
-5.093376980136340437e-01
-2.872930092799388380e-01
-9.520598273813418722e-02
-3.226374908032833555e-01
-8.086075155354496280e-01
-1.291592995419339251e+00
-1.917798332816272211e+00
-2.406247150885455710e+00
-2.189241124379829984e+00
-1.487419914987755387e+00
-1.239684279483696860e+00
-1.579298269893733231e+00
-1.395546748541689697e+00
-3.090883379309697920e-01
7.648310039673207328e-01
1.312302849877761801e+00
1.322203733992629360e+00
9.952425476800799142e-01
7.519256916024152915e-01
5.697155224780290350e-01
3.478118882117133270e-01
4.849310004581550704e-01
1.217619031331860668e+00
1.813112468911856290e+00
1.319441471070491811e+00
1.906257094624028980e-01
-4.329337040217141608e-01
-4.292139558644799124e-01
-2.893523023860483101e-01
-1.806264312256521121e-01
1.034809897585686200e-01
3.138960772041497482e-01
-1.039560661176373163e-01
-6.742008381049837684e-01
-7.026527318451880610e-01
-4.828106215440794990e-01
-1.675913433695514487e-01
3.905428777815027064e-01
6.259724869886439391e-01
4.042647656817087709e-01
1.678980409905211080e-01
-2.331890069728551895e-01
-8.381657039582459667e-01
-1.256594370338348421e+00
-1.048299296533124370e+00
-3.860330557642568938e-01
-2.667597089835704871e-02
-2.618552199796241320e-01
-7.666349993298050558e-01
-9.600885361356766845e-01
-4.143846178640517297e-01
1.396519990205007666e-01
-3.094053031471152848e-01
-1.039019465449954716e+00
-8.936868702809546150e-01
-1.584113226842144284e-01
1.003931397120601809e-01
-7.988657770900211563e-01
-2.115992304877922781e+00
-2.178759900012136264e+00
-9.173670380447273009e-01
4.348427353589535277e-02
5.052653921879605298e-02
-1.576614547457427240e-01
1.664687664245291243e-01
9.639676261824432490e-01
1.319440632049576401e+00
7.757617463401241809e-01
1.438231285465352005e-01
-1.455481567424746214e-01
-7.490384125224687217e-01
-1.551330457086063985e+00
-1.608795842354204364e+00
-8.328254249607556225e-01
2.167997101966489815e-01
8.425840262542863002e-01
7.217225110040086378e-01
2.764828053350258941e-01
6.087263086170248416e-02
2.270265271012181785e-01
3.388781557082017892e-01
2.213155154620813081e-01
2.344895321901103169e-01
5.377660074028141057e-01
1.054719025490812756e+00
1.525442072003004412e+00
1.640718258365906790e+00
1.386155049692869401e+00
6.500261696604322514e-01
-2.377412677424317333e-01
-2.660402096129111937e-01
6.261241514732960312e-01
1.335877335512267283e+00
1.222440462247988080e+00
5.652739652162298567e-01
-1.565268717651132069e-01
-6.203593927008481668e-01
-7.511344919559468369e-01
-6.630585136844269201e-01
-3.597508324774749688e-01
-2.324091428157266381e-01
-7.601819057770168309e-01
-1.430265085620078924e+00
-1.096401760468974640e+00
4.452251944313524445e-01
1.899171328001125092e+00
2.122897579123907974e+00
1.085088053134201980e+00
-5.061063509336226618e-01
-1.552752567046819410e+00
-1.508097294021186752e+00
-8.730500638471839769e-01
-2.529356955121462441e-02
1.042364080008506111e+00
1.687804030340307015e+00
1.342379984834486839e+00
6.859666604431942094e-01
6.845325541016914483e-01
1.210723787029184040e+00
1.698361914469874057e+00
2.220091221131113457e+00
2.721755653601828584e+00
2.728606401348382615e+00
2.728606401348382615e+00
2.608990142176206284e+00
1.607233072195221713e+00
1.012511308135231047e-01
-8.294609465834035245e-01
-7.797277737246186557e-01
-2.567537015909386877e-01
1.995726712564232230e-01
2.424040006960014593e-01
-6.639159799177962035e-03
-7.079842187386981012e-02
6.181655334157739462e-02
1.907586560766936223e-01
3.777380185224343823e-01
4.617690812415156110e-01
1.665372892946205274e-01
-6.447802607883927617e-02
1.980623574270668485e-01
4.669456463801262003e-01
1.733766725360208483e-01
-5.251264090289976538e-01
-1.083955477487529517e+00
-1.059615191604942774e+00
-3.071792956276844788e-01
6.723506228607354362e-01
1.112888760627989804e+00
7.070246547782423896e-01
-2.450775509690508724e-01
-7.788289869665713239e-01
-2.180670282325945786e-01
5.578927763091927616e-01
3.849788432399644522e-01
-5.195688833700375930e-01
-1.293320881742141770e+00
-1.566489130584555411e+00
-1.274968162618614675e+00
-5.653691868996448822e-01
-4.033641536653187476e-02
1.453180135827917274e-01
5.572334355579430243e-01
1.293380523050365882e+00
1.640682200757708875e+00
1.188591767677021904e+00
4.203736098047305414e-01
-1.346903674354074099e-01
-4.005178109211867121e-01
-3.679503124249711710e-01
-1.563546707938590630e-01
-1.856271556413173485e-01
-4.190122122841281604e-01
-3.361709124102151280e-01
1.371382190998223505e-01
5.784737469187920533e-01
7.117534905670257483e-01
2.543954488053398189e-01
-6.520246749189007041e-01
-1.276056750098584214e+00
-1.674743136442832236e+00
-2.198657110275401116e+00
-2.352631340494820034e+00
-1.731607872793180292e+00
-8.767349796305015097e-01
-2.803450048125502025e-01
3.083105883533029390e-01
1.040525015148092036e+00
1.561973503551834508e+00
1.315362296290486288e+00
6.251146962133778684e-02
3.131014868816935776e-02
-3.263144890827699429e-01
-5.643849802180783692e-01
-1.298745248177143041e-01
6.175685442356683152e-01
1.025824897200079189e+00
1.037182190807708349e+00
6.739018583656372074e-01
-2.576030126868011361e-01
-1.165723857564348043e+00
-1.141435919670847676e+00
-2.720149764537785342e-01
6.049703127484635790e-01
1.184636062922925559e+00
1.391752736240745136e+00
5.207116274459399063e-01
-1.056671357886882490e+00
-1.682498664788235399e+00
-1.083610241390843498e+00
-4.175834157257214407e-01
-1.297752374696522215e-01
4.241182371317781669e-03
1.281986671610538253e-01
1.943569942775263959e-01
-2.690980231475155748e-01
-1.367076916594493596e+00
-2.396868204964512916e+00
-2.644132806226382915e+00
-1.934954361349275898e+00
-7.891782985811504059e-01
-2.173787638934038605e-02
8.953074595092334886e-02
-1.745741352999905238e-01
-2.377415345404348956e-01
1.984964099775443358e-01
8.114052202245134460e-01
1.262632361653693414e+00
1.207200846466136124e+00
4.117170928727401646e-01
-6.328138128534436246e-01
-1.120863402181386581e+00
-8.095810055329764054e-01
-2.722959529106245835e-01
-1.133932575780555868e-01
-2.191460550269198060e-01
-5.403829529766991380e-01
-1.271490991484706568e+00
-1.827585409193033916e+00
-1.764104188019419261e+00
-1.565604474113591715e+00
-1.562566545668022222e+00
-1.556711688150405282e+00
-1.249982319300401601e+00
-4.721064660769092036e-01
3.090818333789872585e-01
4.666193711439025615e-01
1.881075346591075947e-01
-2.433167702842829461e-01
-6.713223427190168069e-01
-7.749221524222092983e-01
-6.576753985103727107e-01
-5.240716993758758324e-01
-2.428178052032370915e-01
-5.699191490661162894e-03
-2.285796029139454955e-01
-6.622020309352256717e-01
-7.487467476053506488e-01
-3.994219393900768633e-01
3.074796798959285593e-01
1.131114821924126712e+00
1.589747097235780338e+00
1.477459618824862764e+00
1.027488785380972436e+00
4.676692960137753818e-01
-2.346083882258580278e-01
-8.918379058839904783e-01
-1.178536242069404105e+00
-1.027826561041493836e+00
-7.308077389018898806e-01
-5.441094660336536215e-01
-2.469967221000259339e-01
4.164867542722857641e-01
1.174851827659779246e+00
1.635177549454635004e+00
1.800339106057230909e+00
1.517374010019940433e+00
5.193214016019594981e-01
-6.876408541808310959e-01
-1.188559572504264805e+00
-9.185677617984748800e-01
-5.210877578896930817e-01
-2.153636147848078108e-01
2.917290309980148932e-01
9.499412868618797301e-01
1.176371419034081933e+00
7.823594969109993746e-01
2.270446770094757816e-01
-1.485136322831278333e-01
-2.534887388652738438e-01
2.269611572223097229e-01
1.205841472977113416e+00
1.966842137654483569e+00
2.066875480489192007e+00
1.745016026056938063e+00
1.631519105899296607e+00
1.703901747020757584e+00
1.541757670638578936e+00
1.294905188466462187e+00
7.746251234991777812e-01
-3.548155315262107035e-01
-1.295024732692594771e+00
-1.117466584983812350e+00
-4.273229024820115463e-01
-4.572051167587539156e-01
-1.053728730426282345e+00
-1.415064554281515008e+00
-1.374218264054003935e+00
-7.986408167905502120e-01
2.117229700971123285e-01
8.627904293287171900e-01
7.756789127709745602e-01
4.008982037233156381e-01
2.439454696183409876e-01
2.864590515529089609e-01
1.563103316807486487e-01
-1.414367012950535074e-01
3.948878723459316176e-02
9.091995502331604584e-01
1.422406567976361114e+00
9.440682002102004367e-01
4.014760670280907995e-01
5.874849905031783726e-01
8.947870120213472500e-01
3.599076979479984839e-01
-9.695504215883673504e-01
-1.943646510548349582e+00
-1.805149812395751452e+00
-1.257961125360141041e+00
-1.070419227730725176e+00
-9.189479876497755884e-01
-7.052334506244994916e-01
-9.204276547898767591e-01
-1.230158836642577302e+00
-9.242335480893305588e-01
-3.848904130024100034e-01
-3.513766101160168409e-01
-7.737585934259356701e-01
-1.258013398187616483e+00
-1.304514096151921265e+00
-6.731245180742677636e-01
-3.387139091339686631e-02
2.288366774796165293e-01
7.059065143874869719e-01
1.466362738783017816e+00
1.816633641590239101e+00
1.331525078827382469e+00
3.802871427549463501e-01
-1.484418737798924026e-01
8.526127338747568896e-02
6.944789614865499727e-01
1.264695624383362693e+00
1.168673491291083222e+00
1.505037828476604722e-01
-8.349741174956590850e-01
-9.256272026979982526e-01
-5.152891805319410601e-01
-6.107584684134013120e-01
-1.383630025359515292e+00
-1.970085953562526804e+00
-1.711444310972422223e+00
-8.419259492816095758e-01
1.158951110966672526e-01
8.996275438518415157e-01
1.336648832644636187e+00
1.540764125276637531e+00
1.723457777876735486e+00
1.734419991450963927e+00
1.433066089978284996e+00
1.084706750614335524e+00
1.019441442337211123e+00
9.616335501876283054e-01
3.497853299240634151e-01
-4.813713934107498593e-01
-4.687160496587683411e-01
6.430214886078955416e-01
1.805035187597116009e+00
1.982800889891891405e+00
1.193488460225330394e+00
3.053845650520704003e-01
7.139757883867192678e-02
2.238320013231486494e-01
6.289524326468950988e-02
-1.513379672950082855e-01
2.328540035397946573e-01
9.014700441940153297e-01
1.081042396894654534e+00
6.542764869890331791e-01
2.422101796404475468e-02
-2.511081398917351382e-01
-6.172878885401575921e-01
-6.276015336009824752e-01
6.836640543861545460e-02
8.465771025597125243e-01
8.097722138421389326e-01
2.382783730960798263e-01
-1.016490498164359796e-01
4.226893531609673266e-02
7.628012139429726224e-01
1.725850717961423975e+00
2.220079689332817185e+00
1.945230569071688009e+00
1.169567161154471790e+00
4.355462012707513875e-01
1.066471948932086189e-01
5.962329878500606528e-02
6.328140057927024442e-02
6.928778673748545169e-02
1.647705608859552640e-01
3.066747285367434905e-01
6.214405140553978107e-02
-3.815888067123031080e-01
-1.222625778111838535e-01
8.478287273257840706e-01
1.683050635925230409e+00
2.044757661223504108e+00
2.197988416948977619e+00
1.988803457512676953e+00
1.009268652368058072e+00
-1.956481934470269135e-01
-8.011353034010159080e-01
-1.103201047588674211e+00
-1.388019256228950393e+00
-9.890228090229790103e-01
9.125788666610884503e-02
7.617487318418464382e-01
5.936454483745093880e-01
2.541674954846549483e-01
2.871993713778281943e-01
5.628027956894482431e-01
6.022997493317606699e-01
3.243804168101994678e-01
3.151368566836162954e-01
8.239220485199761912e-01
1.245096801828918576e+00
1.313095926090199983e+00
1.497075251276411167e+00
1.759199103205203452e+00
1.534100132711665010e+00
7.874315311430749587e-01
-2.267003366805474263e-01
-1.276093422457135418e+00
-1.866950659046669569e+00
-1.761839557801171186e+00
-1.282908882101746251e+00
-4.780267610620996255e-01
8.452722946919467573e-01
1.946021808916904794e+00
1.796879488029367034e+00
9.014535613259823110e-01
3.757852252197341758e-01
3.445753374410225889e-01
1.728117814513049078e-01
-7.104367751447998591e-01
-1.876251166586371921e+00
-2.297864739492636144e+00
-2.045261861789223090e+00
-1.706031254827955479e+00
-1.081101068243194074e+00
-1.065963195028169080e-01
5.236874468229663071e-01
3.949461948483483642e-01
-1.535776981365549465e-01
-4.950821668003477227e-01
-7.355566989774037223e-02
6.875848950678382643e-01
7.094170603464517999e-01
-6.986351925354092329e-02
-6.067693952844819272e-01
-4.071015541892378797e-01
-6.523636607542000754e-02
-2.225121009970132402e-03
-1.487080604029273889e-01
-4.832048596242380367e-01
-6.919384708317709576e-01
-2.600877672494901760e-01
5.970321473121036338e-01
1.072144562115668665e+00
9.695110360341140376e-01
6.116106687787092877e-01
1.171787829377776424e-01
-4.386190887643419134e-01
-9.092784227814927345e-01
-1.098452511466792902e+00
-9.445855842789139256e-01
-3.162690096928144068e-01
5.306361345339776214e-01
7.185145238191184003e-01
5.387136742196509120e-02
-7.003842201024895742e-01
-6.647886594099450264e-01
1.714135590123496700e-01
9.001693495596693184e-01
8.653137977863912811e-01
3.848834885224041713e-01
-1.675811503968759608e-01
-8.946430774623908011e-01
-1.262203999238229679e+00
-6.020989317132311447e-01
3.698869234004857898e-01
5.531921923775356964e-01
1.493436507890198162e-01
1.766975478785555720e-01
7.507140645616457997e-01
1.046861725125991072e+00
7.974091024588302323e-01
4.894144608468920521e-01
5.878248571399732336e-01
1.030411616031780220e+00
1.186108073895488113e+00
6.239148473280400342e-01
-5.068693111101900683e-01
-1.739798356476768282e+00
-2.230117459688964132e+00
-1.764353649539482483e+00
-1.015452258169194710e+00
-9.320004388157729358e-02
1.126355633532216016e+00
1.692978617654449458e+00
9.197793484076647319e-01
-1.884026374406616300e-01
-5.216025619362073540e-01
-2.153656399673882782e-01
2.225597102323529919e-01
4.047167544760476576e-01
1.613823621069555847e-01
1.988501313461472561e-02
1.323080500344467891e-01
-1.113237817783473138e-01
-7.011709126501733946e-01
-1.061524364393672926e+00
-8.961262370348530570e-01
-2.865729875434974150e-01
6.278071278141256206e-01
1.571934933196843076e+00
1.489606430565672213e+00
-1.084527734977327740e-01
-1.928881032096606551e+00
-2.719917513347330118e+00
-2.691054915409621273e+00
-2.072969142504474505e+00
-9.933981889431550139e-01
-9.801954767868580054e-02
4.487448687593239074e-03
-2.308023691929587118e-01
-2.052032781391865957e-01
2.077536482469646006e-01
6.514854888843950587e-01
3.827812770885039018e-01
-3.432866470765347233e-01
-4.275481830188359034e-01
2.658551878294101445e-01
8.724752299681748369e-01
9.091186114663629692e-01
1.049858005799458205e+00
1.738163676373326805e+00
1.919954470287571269e+00
1.125048890137763991e+00
3.554156083844223768e-01
6.580530983807494905e-02
-2.377255670411892660e-02
-1.146453640358178205e-01
-6.111240314096193504e-01
-1.652943924318263980e+00
-2.523121321601839995e+00
-2.515194602568694204e+00
-1.746515929062330441e+00
-1.036693443049392371e+00
-9.170566288384842668e-01
-9.762903882905281661e-01
-8.131637609708686210e-01
-6.994494571077487510e-01
-8.977155244471294315e-01
-1.219739111201427084e+00
-1.159425769719354182e+00
-5.218685368791948775e-01
1.500583457266132514e-01
3.475558596207027340e-01
1.923700845006067195e-01
4.427916799576418067e-02
6.280139538396375953e-02
3.342539795900500987e-02
-1.372666457887647129e-01
-1.869618143615427164e-01
9.576605712561782335e-03
2.527802729383322733e-01
3.410598527314510631e-01
5.420257731193407758e-02
-4.788620431316690240e-01
-5.961854500361161158e-01
8.951545116694050730e-01
1.406250199136381607e+00
1.348222920688344040e+00
1.058954905757802711e+00
7.542889876918036363e-01
4.508626838233544820e-01
9.186664875636105232e-02
-2.976012743725838239e-01
-7.048933299497048832e-01
-9.075876994925811125e-01
-5.652987167945046076e-01
-5.285093443549705033e-02
2.517794582779067300e-02
-1.656878311182939656e-01
-1.331000070964326876e-01
1.139211626822434972e-02
-1.529709291694465179e-01
-4.692384472096627901e-01
-3.809382664516265948e-01
1.782580535097224583e-01
6.624358868541124767e-01
4.447060148753297359e-01
-4.217592992890054626e-01
-1.146858160912773705e+00
-1.293922601710783660e+00
-1.358046634904965355e+00
-1.610335766509459310e+00
-1.659756161194269053e+00
-1.372658823278461560e+00
-9.751438057204964149e-01
-8.391429063791151499e-01
-1.029554258960229340e+00
-8.645446123506437264e-01
-4.717553551062202838e-02
4.822879838524435914e-01
2.418565726336267818e-01
-4.839367829697839574e-02
-5.294624395452607324e-02
-3.430369852715577789e-02
-4.527944016052135728e-02
-1.625818556701946194e-01
-4.365254158714798050e-01
-5.038056604425262819e-01
-1.970798059242010736e-01
2.197133446842951809e-01
2.863340409950284604e-01
-1.692852771456070105e-01
-5.605315412690710097e-01
-4.378175432185461013e-01
-3.508109057989996504e-01
-8.905883636885774113e-01
-1.414391297621624410e+00
-1.130306561118971542e+00
-3.858717721769747144e-01
1.412941497921688661e-01
1.243452474488898618e-01
-2.974832920432748939e-01
-4.768118246860098552e-01
-8.626970717094582797e-03
7.316252546330810347e-01
1.096139543721999621e+00
9.206306935771545463e-01
4.399978083682033470e-01
-1.589300918494163106e-01
-1.017877925131616124e+00
-2.220957834351998450e+00
-2.722888518441594741e+00
-2.188591743237622289e+00
-1.130880061943596360e+00
-3.446824913946261448e-01
2.839750503535419246e-01
7.523760230565527118e-01
8.347060614843070381e-01
5.967594240765198288e-01
5.676883231152929365e-01
1.028182935646443363e+00
1.637253542554205854e+00
1.993521834187299557e+00
1.747250758246720936e+00
1.053101483933528648e+00
7.908247588336503320e-01
8.996147764846285089e-01
4.501226259683379083e-01
-2.287700338332950278e-01
-3.021368508411865217e-01
-1.365095535107973754e-02
1.714402144287112129e-01
2.376516271496847410e-01
3.214678623520895728e-01
6.205265739837562133e-01
1.008944521370006120e+00
1.172905721396517054e+00
8.532630800597224008e-01
-1.846144026099002800e-01
-1.545202866612801706e+00
-2.233117264916510081e+00
-1.812386736912218188e+00
-8.846428539664215052e-01
-7.087819447042971455e-02
4.054258701622600602e-01
3.582769609344465533e-01
-2.101636336114960091e-01
-6.799226591726262869e-01
-5.296251061478727262e-01
-2.058599935311251905e-01
-1.646439575998503990e-01
-1.944682559307301106e-01
-8.699326795257139588e-02
-2.988991288967042248e-01
-1.119574214942987256e+00
-1.851575678286188076e+00
-1.799917909097172863e+00
-9.904886503991241486e-01
1.751941797433112236e-01
1.139983584271823558e+00
1.383422135823733079e+00
1.059162931238901706e+00
6.224955351114093149e-01
1.714069164630250761e-02
-6.429909019438462270e-01
-1.044199053297192537e+00
-1.273092687841740345e+00
-1.175147562464893491e+00
-2.949406116755780016e-01
1.034650605608055551e+00
2.063933724341410425e+00
2.536528705522430815e+00
2.423539711011367004e+00
1.777821618745169641e+00
1.037219542710164255e+00
5.770290988963447942e-01
6.062419197861264319e-02
-5.091649790641401552e-01
-3.947138631052941604e-01
1.312498415579559097e-01
-1.013777333220168414e-01
-1.173104388608336546e+00
-1.511394370269303122e+00
-1.426059405508142974e-01
1.237310194086923332e+00
1.057609593489123201e+00
5.236935075369645448e-02
-6.695084343186189502e-01
-8.259820016403285337e-01
-6.289327099068091620e-01
-2.987837882824983526e-01
8.142530509123103305e-03
6.219240223279252217e-02
3.089161611407932259e-02
1.131812070574390594e-01
-1.107149668731687159e-01
-9.515758258734140496e-01
-1.960405263887463168e+00
-2.405850445223135736e+00
-1.973046149004164640e+00
-9.656517281464708224e-01
-2.048521477067953567e-02
4.862264979702524692e-01
6.451056748090864268e-01
5.850455926696058739e-01
3.618972413145799538e-01
4.122800457208124492e-01
1.115763050396212153e+00
1.881826066815625254e+00
2.002517840878274225e+00
1.661871551700973448e+00
1.190355073536562447e+00
6.929223588331331340e-01
3.182513065450358059e-01
6.993801122331230746e-02
7.544518851725033615e-02
4.747317767445841108e-01
8.658866627053847242e-01
5.997360680832870550e-01
-3.249744554829014920e-01
-1.347248438148846095e+00
-2.134806787786095672e+00
-2.223235048167915284e+00
-1.377662333480708767e+00
-4.982106405911675417e-01
-3.394756913695800016e-01
-5.062527484710916958e-01
-4.315299864675493091e-01
1.185203116011453173e-01
9.648147520296360691e-01
1.678455090712730247e+00
1.790468940990274982e+00
1.130956636556828876e+00
3.600867304010786363e-01
3.811681262704794126e-01
1.052857198666834471e+00
1.198145240736078421e+00
4.549035601236958715e-01
-9.257681459389292822e-02
2.655843829607333895e-01
9.804833787873022954e-01
1.375592603244725654e+00
1.501478082977245831e+00
1.498002892731403080e+00
1.004403523157831435e+00
