-6.251146962133778684e-02
-3.131014868816935776e-02
3.263144890827699429e-01
5.643849802180783692e-01
1.298745248177143041e-01
-6.175685442356683152e-01
-1.025824897200079189e+00
-1.037182190807708349e+00
-6.739018583656372074e-01
2.576030126868011361e-01
1.165723857564348043e+00
1.141435919670847676e+00
2.720149764537785342e-01
-6.049703127484635790e-01
-1.184636062922925559e+00
-1.391752736240745136e+00
-5.207116274459399063e-01
1.056671357886882490e+00
1.682498664788235399e+00
1.083610241390843498e+00
4.175834157257214407e-01
1.297752374696522215e-01
-4.241182371317781669e-03
-1.281986671610538253e-01
-1.943569942775263959e-01
2.690980231475155748e-01
1.367076916594493596e+00
2.396868204964512916e+00
2.644132806226382915e+00
1.934954361349275898e+00
7.891782985811504059e-01
2.173787638934038605e-02
-8.953074595092334886e-02
1.745741352999905238e-01
2.377415345404348956e-01
-1.984964099775443358e-01
-8.114052202245134460e-01
-1.262632361653693414e+00
-1.207200846466136124e+00
-4.117170928727401646e-01
6.328138128534436246e-01
1.120863402181386581e+00
8.095810055329764054e-01
2.722959529106245835e-01
1.133932575780555868e-01
2.191460550269198060e-01
5.403829529766991380e-01
1.271490991484706568e+00
1.827585409193033916e+00
1.764104188019419261e+00
1.565604474113591715e+00
1.562566545668022222e+00
1.556711688150405282e+00
1.249982319300401601e+00
4.721064660769092036e-01
-3.090818333789872585e-01
-4.666193711439025615e-01
-1.881075346591075947e-01
2.433167702842829461e-01
6.713223427190168069e-01
7.749221524222092983e-01
6.576753985103727107e-01
5.240716993758758324e-01
2.428178052032370915e-01
5.699191490661162894e-03
2.285796029139454955e-01
6.622020309352256717e-01
7.487467476053506488e-01
3.994219393900768633e-01
-3.074796798959285593e-01
-1.131114821924126712e+00
-1.589747097235780338e+00
-1.477459618824862764e+00
-1.027488785380972436e+00
-4.676692960137753818e-01
2.346083882258580278e-01
8.918379058839904783e-01
1.178536242069404105e+00
1.027826561041493836e+00
7.308077389018898806e-01
5.441094660336536215e-01
2.469967221000259339e-01
-4.164867542722857641e-01
-1.174851827659779246e+00
-1.635177549454635004e+00
-1.800339106057230909e+00
-1.517374010019940433e+00
-5.193214016019594981e-01
6.876408541808310959e-01
1.188559572504264805e+00
9.185677617984748800e-01
5.210877578896930817e-01
2.153636147848078108e-01
-2.917290309980148932e-01
-9.499412868618797301e-01
-1.176371419034081933e+00
-7.823594969109993746e-01
-2.270446770094757816e-01
1.485136322831278333e-01
2.534887388652738438e-01
-2.269611572223097229e-01
-1.205841472977113416e+00
-1.966842137654483569e+00
-2.066875480489192007e+00
-1.745016026056938063e+00
-1.631519105899296607e+00
-1.703901747020757584e+00
-1.541757670638578936e+00
-1.294905188466462187e+00
-7.746251234991777812e-01
3.548155315262107035e-01
1.295024732692594771e+00
1.117466584983812350e+00
4.273229024820115463e-01
4.572051167587539156e-01
1.053728730426282345e+00
1.415064554281515008e+00
1.374218264054003935e+00
7.986408167905502120e-01
-2.117229700971123285e-01
-8.627904293287171900e-01
-7.756789127709745602e-01
-4.008982037233156381e-01
-2.439454696183409876e-01
-2.864590515529089609e-01
-1.563103316807486487e-01
1.414367012950535074e-01
-3.948878723459316176e-02
-9.091995502331604584e-01
-1.422406567976361114e+00
-9.440682002102004367e-01
-4.014760670280907995e-01
-5.874849905031783726e-01
-8.947870120213472500e-01
-3.599076979479984839e-01
9.695504215883673504e-01
1.943646510548349582e+00
1.805149812395751452e+00
1.257961125360141041e+00
1.070419227730725176e+00
9.189479876497755884e-01
7.052334506244994916e-01
9.204276547898767591e-01
1.230158836642577302e+00
9.242335480893305588e-01
3.848904130024100034e-01
3.513766101160168409e-01
7.737585934259356701e-01
1.258013398187616483e+00
1.304514096151921265e+00
6.731245180742677636e-01
3.387139091339686631e-02
-2.288366774796165293e-01
-7.059065143874869719e-01
-1.466362738783017816e+00
-1.816633641590239101e+00
-1.331525078827382469e+00
-3.802871427549463501e-01
1.484418737798924026e-01
-8.526127338747568896e-02
-6.944789614865499727e-01
-1.264695624383362693e+00
-1.168673491291083222e+00
-1.505037828476604722e-01
8.349741174956590850e-01
9.256272026979982526e-01
5.152891805319410601e-01
6.107584684134013120e-01
1.383630025359515292e+00
1.970085953562526804e+00
1.711444310972422223e+00
8.419259492816095758e-01
-1.158951110966672526e-01
-8.996275438518415157e-01
-1.336648832644636187e+00
-1.540764125276637531e+00
-1.723457777876735486e+00
-1.734419991450963927e+00
-1.433066089978284996e+00
-1.084706750614335524e+00
-1.019441442337211123e+00
-9.616335501876283054e-01
-3.497853299240634151e-01
4.813713934107498593e-01
4.687160496587683411e-01
-6.430214886078955416e-01
-1.805035187597116009e+00
-1.982800889891891405e+00
-1.193488460225330394e+00
-3.053845650520704003e-01
-7.139757883867192678e-02
-2.238320013231486494e-01
-6.289524326468950988e-02
1.513379672950082855e-01
-2.328540035397946573e-01
-9.014700441940153297e-01
-1.081042396894654534e+00
-6.542764869890331791e-01
-2.422101796404475468e-02
2.511081398917351382e-01
9.023453977634628975e-01
1.506120587794379739e+00
1.422151255845903295e+00
5.583266184317715597e-01
-4.819456012852751936e-01
-6.136660366893751384e-01
3.018595992649241166e-01
1.203327262732265979e+00
1.555458666560896708e+00
1.431360648618323683e+00
8.289921174597281173e-01
8.960798183685456109e-02
-2.250461907227963299e-01
-9.979918598338050062e-02
-1.621146303781832720e-01
-7.923147298735349064e-01
-1.758203332635051019e+00
-2.455547271655824204e+00
-2.294131403815192982e+00
-1.463228165565829020e+00
-5.407294079042276325e-01
2.966823113423818770e-01
1.031828263950877345e+00
1.351932804770875407e+00
1.053137226526548842e+00
5.384743480316629416e-01
2.985890508582007552e-01
1.943858573085791019e-01
-1.679592287213191870e-01
-8.294700413446173259e-01
-1.568924797142301708e+00
-1.905295238174576244e+00
-1.449740357405259195e+00
-5.612247466599274981e-01
1.208675641886494817e-01
4.198637716782115392e-01
6.402406933937866418e-01
1.064772689281291207e+00
1.462054099171809618e+00
1.646427324342782050e+00
1.698695131314194695e+00
1.381544779803685064e+00
5.332027940789160203e-01
-3.432319277292710247e-01
-7.051155717207729934e-01
-5.735731085119859518e-01
-1.706645211726082467e-01
2.471208016006012642e-01
3.796703252175150367e-01
2.506097161385158478e-01
2.872797938774542814e-01
6.035025264304273440e-01
6.078288101181172909e-01
-1.721359591278914525e-01
-1.281643468974165367e+00
-1.560976064493224902e+00
-6.693240198815857411e-01
2.277462419069756216e-01
2.033931276799929577e-01
-1.666432746260512743e-01
-5.808342863106791265e-02
3.207227388116905553e-01
5.197863982384643977e-01
5.792723010375891990e-01
5.495947448577876981e-01
5.398888949477472776e-01
8.051409114161049985e-01
1.460553401765286141e+00
2.335006940616935811e+00
2.722531504715997919e+00
2.482556330898541663e+00
1.573623311618173926e+00
6.528534969591708315e-01
1.844039472729916695e-01
2.775577782281954398e-01
5.099895598531419827e-01
5.176765419947803037e-01
2.274612272561162551e-01
-2.007230445400014773e-01
-2.579891706227686599e-01
7.891899904489804718e-02
5.226312310530539101e-02
-4.796952644720263725e-01
-8.062165529797529206e-01
-5.360666698554923393e-01
-1.658231440817733715e-01
-1.171358689920168339e-01
4.320863759216566485e-02
5.043593500161888121e-01
8.154880701949184241e-01
9.434841140786544011e-01
8.892264901560633650e-01
4.452019868687405180e-01
-1.999529185472807141e-02
-2.602489662438464690e-01
-4.395424001250471946e-01
-3.367799248702220694e-01
-1.971254413606678482e-02
-1.037824810384886248e-01
-3.387029591110919946e-01
-7.904324445258970044e-02
2.568139371845871710e-01
-8.881845343510001711e-02
-8.983892466440602798e-01
-1.601477808784198986e+00
-2.093269654027864135e+00
-2.271303068401839820e+00
-2.226078549791731920e+00
-2.255420226816617024e+00
-2.111183840994464767e+00
-1.290706982191149210e+00
-8.438709322333341756e-02
3.776836994548792292e-01
-3.872397577064818353e-01
-1.176924582259559093e+00
-8.429656981730843102e-01
3.543472980077665146e-02
3.709529574811312180e-01
7.469336045201067920e-02
-1.270604090207597403e-01
8.979240631550093610e-02
1.517344446188582663e-01
-3.371667776192096566e-01
-9.307282491836865734e-01
-1.232170472591059607e+00
-1.240025931749943133e+00
-8.812077905607534900e-01
-3.862319015953640799e-01
-4.007924460376213194e-01
-9.147085679798304669e-01
-1.168759277540947217e+00
-6.498450767743307877e-01
2.944291160969019217e-01
6.977478379859944901e-01
3.248654548947715881e-01
-1.915702582044290780e-01
-5.799646600022476672e-01
-9.547303169953066382e-01
-1.177684478334554141e+00
-9.331389447384371705e-01
-2.241850492011406015e-01
3.201905858416694839e-01
1.712411036392492980e-01
-1.561622859146783449e-01
-5.525274846518479777e-02
3.042631555920538022e-01
6.836480992966190717e-01
8.920205283562293586e-01
7.311614606093241875e-01
5.147994444712702400e-01
5.189764196442919753e-01
6.654314476411246071e-01
1.004535040693750991e+00
1.270636053490012074e+00
1.003816495282579657e+00
3.221467624935713814e-01
-3.169652562535707485e-01
-6.197656133418824043e-01
-5.673628696696247919e-01
-2.710224302587332934e-01
2.212644725295410952e-01
9.875551015999570748e-01
1.797241143266140817e+00
1.759934047495550269e+00
5.706159558004062493e-01
-9.037187974941676138e-01
-2.027251781471308245e+00
-2.592415682711154634e+00
-2.179800172347553744e+00
-9.397341941862187298e-01
-4.906449319409381116e-02
-4.657105327962554053e-01
-1.461695498192993048e+00
-1.650732819366656834e+00
-1.081186286859859624e+00
-6.173197909284753315e-01
-5.657917231221377685e-01
-5.950985092040605995e-01
-4.241416612806774289e-01
-3.771107685650484931e-01
-5.440649387261242698e-01
-4.551038819648949296e-01
1.179638468778363564e-01
7.210532703473130356e-01
9.280409840911135744e-01
8.036008853884665237e-01
6.736886354770337260e-01
6.485688897687559296e-01
4.165090112689600610e-01
-1.566418520979526718e-01
-7.996660040246440504e-01
-8.060840946888706560e-01
2.025565266035754264e-01
1.491265082088740979e+00
2.046768999778989517e+00
1.891397656895887458e+00
1.804379584308478890e+00
1.707907617025675506e+00
1.046786144774605631e+00
2.849061083167412911e-01
-8.951545116694050730e-01
-1.406250199136381607e+00
-1.348222920688344040e+00
-1.058954905757802711e+00
-7.542889876918036363e-01
-4.508626838233544820e-01
-9.186664875636105232e-02
2.976012743725838239e-01
7.048933299497048832e-01
9.075876994925811125e-01
5.652987167945046076e-01
5.285093443549705033e-02
-2.517794582779067300e-02
1.656878311182939656e-01
1.331000070964326876e-01
-1.139211626822434972e-02
1.529709291694465179e-01
4.692384472096627901e-01
3.809382664516265948e-01
-1.782580535097224583e-01
-6.624358868541124767e-01
-4.447060148753297359e-01
4.217592992890054626e-01
1.146858160912773705e+00
1.293922601710783660e+00
1.358046634904965355e+00
1.610335766509459310e+00
1.659756161194269053e+00
1.372658823278461560e+00
9.751438057204964149e-01
8.391429063791151499e-01
1.029554258960229340e+00
8.645446123506437264e-01
4.717553551062202838e-02
-4.822879838524435914e-01
-2.418565726336267818e-01
4.839367829697839574e-02
5.294624395452607324e-02
3.430369852715577789e-02
4.527944016052135728e-02
1.625818556701946194e-01
4.365254158714798050e-01
5.038056604425262819e-01
1.970798059242010736e-01
-2.197133446842951809e-01
-2.863340409950284604e-01
1.692852771456070105e-01
5.605315412690710097e-01
4.378175432185461013e-01
3.508109057989996504e-01
8.905883636885774113e-01
1.414391297621624410e+00
1.130306561118971542e+00
3.858717721769747144e-01
-1.412941497921688661e-01
-1.243452474488898618e-01
2.974832920432748939e-01
4.768118246860098552e-01
8.626970717094582797e-03
-7.316252546330810347e-01
-1.096139543721999621e+00
-9.206306935771545463e-01
-4.399978083682033470e-01
1.589300918494163106e-01
1.017877925131616124e+00
2.220957834351998450e+00
2.722888518441594741e+00
2.188591743237622289e+00
1.130880061943596360e+00
3.446824913946261448e-01
-2.839750503535419246e-01
-7.523760230565527118e-01
-8.347060614843070381e-01
-5.967594240765198288e-01
-5.676883231152929365e-01
-1.028182935646443363e+00
-1.637253542554205854e+00
-1.993521834187299557e+00
-1.747250758246720936e+00
-1.053101483933528648e+00
-7.908247588336503320e-01
-8.996147764846285089e-01
-4.501226259683379083e-01
2.287700338332950278e-01
3.021368508411865217e-01
1.365095535107973754e-02
-1.714402144287112129e-01
-2.376516271496847410e-01
-3.214678623520895728e-01
-6.205265739837562133e-01
-1.008944521370006120e+00
-1.172905721396517054e+00
-8.532630800597224008e-01
1.846144026099002800e-01
1.545202866612801706e+00
2.233117264916510081e+00
1.812386736912218188e+00
8.846428539664215052e-01
7.087819447042971455e-02
-4.054258701622600602e-01
-3.582769609344465533e-01
2.101636336114960091e-01
6.799226591726262869e-01
5.296251061478727262e-01
2.058599935311251905e-01
1.646439575998503990e-01
1.944682559307301106e-01
8.699326795257139588e-02
2.988991288967042248e-01
1.119574214942987256e+00
1.851575678286188076e+00
1.799917909097172863e+00
9.904886503991241486e-01
-1.751941797433112236e-01
-1.139983584271823558e+00
-1.383422135823733079e+00
-1.059162931238901706e+00
-6.224955351114093149e-01
-1.714069164630250761e-02
6.429909019438462270e-01
1.044199053297192537e+00
1.273092687841740345e+00
1.175147562464893491e+00
2.949406116755780016e-01
-1.034650605608055551e+00
-2.063933724341410425e+00
-2.536528705522430815e+00
-2.423539711011367004e+00
-1.777821618745169641e+00
-1.037219542710164255e+00
-5.770290988963447942e-01
-6.062419197861264319e-02
5.091649790641401552e-01
3.947138631052941604e-01
-1.312498415579559097e-01
1.013777333220168414e-01
1.173104388608336546e+00
1.511394370269303122e+00
1.426059405508142974e-01
-1.237310194086923332e+00
-1.057609593489123201e+00
-5.236935075369645448e-02
6.695084343186189502e-01
8.259820016403285337e-01
6.289327099068091620e-01
2.987837882824983526e-01
-8.142530509123103305e-03
-6.219240223279252217e-02
-3.089161611407932259e-02
-1.131812070574390594e-01
1.107149668731687159e-01
9.515758258734140496e-01
1.960405263887463168e+00
2.405850445223135736e+00
1.973046149004164640e+00
9.656517281464708224e-01
2.048521477067953567e-02
-4.862264979702524692e-01
-6.451056748090864268e-01
-5.850455926696058739e-01
-3.618972413145799538e-01
-4.122800457208124492e-01
-1.115763050396212153e+00
-1.881826066815625254e+00
-2.002517840878274225e+00
-1.661871551700973448e+00
-1.190355073536562447e+00
-6.929223588331331340e-01
-3.182513065450358059e-01
-6.993801122331230746e-02
-7.544518851725033615e-02
-4.747317767445841108e-01
-8.658866627053847242e-01
-5.997360680832870550e-01
3.249744554829014920e-01
1.347248438148846095e+00
2.134806787786095672e+00
2.223235048167915284e+00
1.377662333480708767e+00
4.982106405911675417e-01
3.394756913695800016e-01
5.062527484710916958e-01
4.315299864675493091e-01
-1.185203116011453173e-01
-9.648147520296360691e-01
-1.678455090712730247e+00
-1.790468940990274982e+00
-1.130956636556828876e+00
-3.600867304010786363e-01
-3.811681262704794126e-01
-1.052857198666834471e+00
-1.198145240736078421e+00
-4.549035601236958715e-01
9.257681459389292822e-02
-2.655843829607333895e-01
-9.804833787873022954e-01
-1.375592603244725654e+00
-1.501478082977245831e+00
-1.498002892731403080e+00
-1.004403523157831435e+00
-6.476762997693993884e-02
-4.974481028778578451e-01
-6.850510152801715380e-01
-4.870772483489672622e-01
-3.647575083058481882e-01
-2.493685298176639420e-01
3.096920470976159967e-01
1.367151197161558418e+00
2.129052542353653266e+00
1.566353331382862590e+00
-1.457547228245922311e-01
-1.800832709022982314e+00
-2.316631464898033066e+00
-1.634920325619486192e+00
-8.203792206717266389e-01
-5.134691855020133699e-01
-4.692645023833959539e-01
-3.429770360925989969e-01
6.760146806385747102e-03
2.035629836367313927e-01
-3.150492407474066447e-01
-1.238545690617080863e+00
-1.433852354357284753e+00
-5.485962456209539928e-01
5.420752720269550462e-01
9.810950649025987902e-01
7.234632711889117385e-01
3.443165928137361664e-01
1.989431649745354025e-01
-8.038865847916958074e-02
-7.084047425862100011e-01
-1.157117175688279209e+00
-1.048120252931791452e+00
-6.851984805993396321e-01
-2.929227491206025658e-01
3.333046560383966517e-01
9.522083229399813664e-01
1.000572290432918177e+00
6.257046745973728896e-01
3.517113152040164392e-01
4.762421121194670981e-01
8.314111966127646358e-01
1.042138298816518649e+00
1.204816474638171986e+00
1.424100976599588453e+00
1.368465045571151339e+00
1.108235567573073954e+00
9.690605433650788525e-01
7.749741062681512194e-01
3.951333481890666466e-01
1.689329929024262489e-01
4.020968485553029770e-01
9.110386297328005867e-01
1.194906781625353576e+00
7.776825748543161332e-01
-1.694764626854327605e-01
-7.368981928816780158e-01
-3.733582449239535306e-01
5.162252890919328818e-01
1.283750798821336803e+00
1.619873704110333046e+00
1.481529190268844332e+00
9.559659387705029543e-01
4.309063523379741967e-01
3.834392245427485912e-01
6.168172694580117410e-01
5.892618072635836812e-01
2.527106245270315243e-01
-5.884035143236214516e-02
-5.317209296558438048e-02
2.339262957145417932e-01
3.780386999647510904e-01
1.049462269802805547e-01
-4.225042279018163816e-02
3.216304340987407584e-01
3.774912670051162045e-01
-3.509895884314960801e-01
-1.130098507072149205e+00
-1.454410099483471219e+00
-1.515256178881856153e+00
-1.229628541405478392e+00
-5.569016090947901398e-01
1.879367392659457917e-02
3.735047043491850904e-01
5.048808048154850292e-01
3.545981435807822879e-01
1.533108549897032324e-01
4.767549655511778978e-02
7.490586267309326529e-02
1.634472408400688415e-01
1.504026764663381199e-02
-2.768785072141319303e-01
-2.433695379483120369e-01
1.524931009554275907e-01
5.372270375583714230e-01
6.159940585153028669e-01
5.904114252228395143e-01
8.066423170592508241e-01
1.263688734748600107e+00
1.453040906509804664e+00
8.814149710043698294e-01
-9.179946856330568894e-02
-7.019763130071333679e-01
-6.781388987799260581e-01
-4.186708543304799024e-01
-4.701172409557237697e-01
-7.480974932460335847e-01
-7.538735211915960077e-01
-2.682976533070368097e-01
3.384882652533200975e-01
5.582936871599591955e-01
2.437820288085121856e-01
-5.082978700911268133e-01
-1.271471346062597707e+00
-1.705166051014695539e+00
-1.805977262408785533e+00
-1.451549887863312627e+00
-8.182645895311859707e-01
-5.041537348489402159e-01
-5.428422859635990694e-01
-6.149139755777591754e-01
-7.867260766507238046e-01
-1.005673429071239022e+00
-9.439812912139349255e-01
-4.500050665912204151e-01
2.253325420694957948e-01
7.930328357808885675e-01
1.347243863080276105e+00
1.844838490938801367e+00
1.856579208637453959e+00
1.150106868418339090e+00
-2.805297801700817883e-01
-1.735563143673206188e+00
-2.058436308665190229e+00
-1.292694267685480458e+00
-3.412285784541719824e-01
7.681448903441413789e-02
-2.417770560073810304e-01
-8.453461987263861666e-01
-1.360609790795311191e+00
-1.651791872998435773e+00
-1.732947237124692785e+00
-1.693012964825685973e+00
-1.363545900851330872e+00
-9.431418884220346133e-01
-8.766123695831015139e-01
-7.802310677047393783e-01
-1.379551646663268460e-01
4.997966590505379947e-01
4.685664291351105959e-01
3.804741234849300380e-01
9.109269794916518004e-01
1.479332083494336869e+00
1.340031780236246917e+00
4.694909625799418285e-01
-2.987532290161970527e-01
-9.774242110555511620e-02
7.948457606974150824e-01
1.620915865809525069e+00
1.822812255502069601e+00
1.356031103400636040e+00
8.055933568969743108e-01
2.377830151581968865e-01
-6.727628263766881611e-01
-1.530093199310593732e+00
-1.824035952264096982e+00
-1.861168172874757998e+00
-1.943234568809877549e+00
-1.732771942535981324e+00
-9.514896324040854614e-01
2.022722824498440208e-01
1.031443384416222964e+00
9.598167152435285177e-01
4.058716904335833431e-01
2.238883874613512709e-02
-2.847130749433616215e-01
-8.181742767662650850e-01
-1.192706765582310480e+00
-1.094227758460977640e+00
-7.625922044432524860e-01
-3.306382000604387028e-01
2.940415804442714776e-01
1.037638373432801409e+00
1.429890334005703645e+00
1.316831572028219544e+00
1.186788376802288214e+00
1.499977322062412632e+00
2.227696775601090362e+00
2.622735818309215095e+00
2.168850017732170343e+00
1.407530930277691272e+00
4.879636620004838554e-01
-9.964422561046273330e-01
-2.152168421348129801e+00
-1.735666994810877606e+00
-5.018010005154549535e-01
1.532398791346062938e-01
9.810481583452207791e-03
-3.022429846574472001e-01
-2.734188711144177053e-01
-1.059533825212372049e-01
-3.020443928379680232e-01
-4.963604674051951826e-01
-1.528341290434512556e-01
8.538951253873158231e-01
1.796517341229941778e+00
1.742348582752322628e+00
7.638874484753258587e-01
6.505258686586640714e-03
2.044452224062074386e-01
8.866834692451260880e-01
1.248652810935406254e+00
9.020466246251629405e-01
9.281462442747040464e-02
-5.521663516310609809e-01
-8.004092999093478378e-01
-7.378882411602947222e-01
-4.052942776097107624e-01
5.637327692535437987e-03
2.645049716499179304e-01
5.016505312394691218e-01
1.060358538985318511e+00
1.865260329872224565e+00
2.371865739363121950e+00
2.169261903483415299e+00
1.274097268798819238e+00
2.084213632074564948e-01
-3.437736824502572452e-01
-2.727647322769604157e-02
6.552804948389958639e-01
6.389863677875194936e-01
-8.680961344179585759e-02
-7.072025072811360946e-01
-9.268447826273307211e-01
-9.383571154776840784e-01
-8.280071183009960478e-01
-2.290255555807457766e-01
8.238285917759893273e-01
1.627536724613338759e+00
1.962699050527130895e+00
2.108821004807556854e+00
2.388166352642701273e+00
2.705443380178170987e+00
2.341308479719386604e+00
9.901109062894891677e-01
-4.787203185431097574e-01
-1.204666903931549626e+00
-1.300669728092455291e+00
-1.110110509706646154e+00
-7.354486169684070207e-01
-2.633978302633574464e-01
9.011623024065502918e-02
6.443568180141748258e-02
-7.803449282716645730e-02
5.385691330762479301e-02
2.770830686091507178e-01
1.824022487396739778e-01
-3.907472458635298795e-01
-1.316868058853240431e+00
-1.912643045052085267e+00
-1.824517186554897696e+00
-1.741527249860348681e+00
-1.840029707922784086e+00
-1.650458075811540359e+00
-9.573297767425139604e-01
1.218478395148273052e-01
1.075698238128171447e+00
1.480948831933930787e+00
1.284285031926320597e+00
6.257032240108951759e-01
-1.609643267457459836e-01
-4.376084719829013148e-01
5.990732488914576881e-02
6.035093028026130568e-01
6.961366789664078514e-01
6.031054960870650961e-01
5.442079866779059305e-01
5.366759552396838107e-01
4.017890847494848816e-01
3.062303142466293870e-02
-4.459187507795634997e-01
-9.216405960941865816e-01
-1.289175338770900181e+00
-1.406850644716323817e+00
-8.787021050628853747e-01
3.779092599110792650e-01
1.385932659194137662e+00
1.265386013240594076e+00
5.951169816197852125e-01
3.842812856608728289e-01
6.716990897548064110e-01
1.018519594819937035e+00
1.242600263795424542e+00
1.520449659364979000e+00
2.068008816449626419e+00
2.317001498686218408e+00
1.426942531901009392e+00
-1.483443579130234447e-01
-8.518380714801170317e-01
-4.455076229256703102e-01
-3.103250729783713635e-01
-8.394931468391179097e-01
-1.228181199984701433e+00
-1.128500372893951553e+00
-7.783129265032782129e-01
-3.944946276896742487e-01
-2.198240851409128949e-01
-6.047824301356417021e-01
-1.447532808219683442e+00
-2.074176205562932473e+00
-2.213806775938568894e+00
-2.262384806842894225e+00
-2.324989790811497592e+00
-1.905976404622857112e+00
-8.175516128601988397e-01
3.372720315836318372e-01
7.590450603176877031e-01
2.537120646454540385e-01
-5.276059868325191360e-01
-1.109955458794769534e+00
-1.334206009320481723e+00
-1.016753985237470514e+00
-2.553644772256387085e-01
7.169711573250520109e-01
1.302498842251858413e+00
9.329450857822698673e-01
4.318876760060010034e-02
-5.182759827534554331e-01
-5.580215463926599950e-01
-3.590951172998231855e-01
-6.861876916485525058e-02
3.310742209134379666e-01
3.993065432177103080e-01
-1.301239502924608216e-01
-7.838149351883206828e-01
-1.200503170112437790e+00
-1.159331450291247734e+00
-7.769210276249047809e-01
-6.969239122657110430e-01
-9.683469531256687635e-01
-9.548716742445707562e-01
-6.178669851730697049e-01
-3.847834272401589040e-01
-2.274635072375472689e-01
1.411776822648471430e-01
2.358282916165808096e-01
-5.834838244278924835e-01
-1.336846499002330768e+00
-8.885251274404623034e-01
-6.967585465792869651e-03
2.689767121127698002e-01
2.240904227489736444e-01
3.571415421214207964e-01
5.693160277392630420e-01
7.206322968744172108e-01
6.759891271290953130e-01
2.656273227330868680e-01
-2.873728083286831714e-01
-5.566073107649609497e-01
-3.435032630847270618e-01
1.189460452381718852e-01
3.546857336970539176e-01
2.640848004292878914e-01
2.054887766205811539e-01
3.622502213459746212e-01
4.350701502339573978e-01
4.975784603385741828e-02
-5.256902224394504053e-01
-6.337531416197426104e-01
-3.261527529112181467e-01
-1.427687825398209209e-01
-1.738086032246678458e-01
-1.902133067804563371e-01
-2.265522107176386191e-01
-4.321317675089931254e-01
-4.703111076019939607e-01
-5.254651336431846037e-02
2.748685321203463983e-01
6.105528452306942244e-02
-2.160608178910603527e-01
-8.699640490433520335e-02
9.768646344333721532e-02
4.085187308720668597e-01
1.368290964940225951e+00
2.344188548469123834e+00
2.322676706645836475e+00
1.251229683990704444e+00
-1.136550792679953820e-01
-8.740116987730486287e-01
-9.679858343420362221e-01
-8.553633380341904013e-01
-6.224157818217864735e-01
-5.548235010684197110e-01
-1.036032747144914890e+00
-1.259393755167038442e+00
-4.843833071662735912e-01
3.074690526010350200e-01
5.085242426871680044e-01
6.296501620636481000e-01
5.130533055920403207e-01
6.287107242044417399e-01
9.679242101197352843e-01
8.005442751496358866e-01
2.439257765358893992e-01
-1.947326443603920598e-01
-1.452845350443937034e-01
2.070686262974496539e-01
4.234863742423866095e-01
5.807297476167280759e-02
-7.860523892473652019e-01
-1.495356861110410884e+00
-1.608330012346557147e+00
-1.219108116724501034e+00
-5.684907808252068762e-01
1.569759316284249084e-01
4.697487959961499371e-01
1.736614807930812743e-01
-4.522028999884397660e-01
-7.441968542849140000e-01
1.928826985618491358e-03
1.073315787279065514e+00
1.209189160702205390e+00
6.576267672640160322e-01
3.535596124826579922e-01
4.803699502077954375e-01
5.432452941163835591e-01
2.928590080541338958e-01
-4.197892695347037878e-02
-4.291141919966844909e-01
-7.642718285461010952e-01
-8.371232355127280478e-01
-8.597177303668288584e-01
-9.011504273138770671e-01
-7.386926999551122197e-01
-4.092652447578637442e-01
-8.905072479633083238e-02
2.532702892993539123e-01
4.912707364710676150e-01
2.767496155899175636e-01
-1.270668782604696678e-01
-2.217906477757557726e-01
-1.795175646659174784e-01
-8.471367180311675793e-02
4.529726544941298227e-02
4.843927483451930527e-02
7.649773622924836702e-02
-2.140918294689028167e-01
-1.200784201187450329e+00
-2.016707698373850999e+00
-1.886894170854683583e+00
-1.315747908448023251e+00
-8.494432756797656303e-01
-6.140902035849099549e-01
-6.456410267716234941e-01
-5.298651687354951623e-01
-1.878259850730709946e-01
6.114680389846473968e-02
3.277191144626932506e-01
6.874363204094203761e-01
1.041990042943876649e+00
1.305742067098933257e+00
1.190907546968820396e+00
5.471470739002023409e-01
-2.365096060335081796e-01
-8.474953269373399767e-01
-1.340179991793505110e+00
-1.795725707549465922e+00
-2.315958702592477270e+00
-2.649608701973869440e+00
-2.360475309573893732e+00
-1.632835387644124614e+00
-9.960648133718483788e-01
-6.792526085123641311e-01
-4.951117776108221458e-01
-3.991456551677107223e-01
-4.346508955820689302e-01
-6.068347539462011497e-02
7.973536834564284304e-01
1.141257295532955851e+00
5.616210691013030498e-01
-1.652019280745579133e-01
-1.707990576511984049e-01
3.597300045194458673e-01
7.396902630176163118e-01
9.512020801710863172e-01
1.238359252634541718e+00
1.437488982377245872e+00
1.365301348551140714e+00
1.284262467299286170e+00
1.196306667009985336e+00
7.342065160439774640e-01
1.177358837521274570e-01
-8.780664272462743170e-02
1.887442544758301810e-01
5.937065645271624170e-01
8.846124030811581829e-01
1.059735608215086389e+00
1.083546188320210213e+00
8.509809138718610333e-01
6.215944620311635305e-01
8.215185015927816137e-01
9.872573944277924785e-01
4.469972988015326609e-01
-2.722035965943950808e-01
-1.278935606092461708e-01
9.314520248368035604e-01
1.899458831943191317e+00
2.050141869209050061e+00
1.380599520583065454e+00
2.839211549179385674e-01
-7.185354503641309121e-01
-1.538982119894081624e+00
-2.097095978521911430e+00
-2.318949730519819230e+00
-2.416315219564371120e+00
-2.146200070031389906e+00
-1.373035042168916586e+00
-7.004078110128868495e-01
-4.919540396020089523e-01
-5.250126394858318779e-01
-6.599057290116597807e-01
-9.972188489664175481e-01
-1.302471200865026102e+00
-1.142378081963096426e+00
-7.596319992241306052e-01
-7.205809836076817465e-01
-8.377229483165551382e-01
-5.711979764656208713e-01
5.948970012765961851e-02
5.151904046651516467e-01
4.252063739513128882e-01
7.756897386107994979e-03
-2.183400192468134826e-01
1.511049642538257742e-01
9.582068078957441948e-01
1.343136863343008747e+00
8.519950945330976300e-01
1.549428223316326979e-02
-6.327902781518637276e-01
-1.002713248883263741e+00
-1.061104764186384219e+00
-7.606610988221882419e-01
-1.408891605191521235e-01
4.007524630246442898e-01
5.001283573319086351e-01
3.624240838982127344e-01
-1.326582776058429260e-02
-5.921485184596489981e-01
-7.688582502795123785e-01
-4.510695182159823458e-01
-2.366045662191282317e-01
-3.813114550848768491e-01
-5.736172410626558804e-01
-3.263723135629617023e-01
5.236053597128076387e-01
1.219810624757346140e+00
9.626189441741015429e-01
2.424502180010326413e-01
2.755811197647466473e-02
4.009569713717206496e-01
9.056886661972354258e-01
1.533867971145588260e+00
2.169637182454934532e+00
2.125272957091584036e+00
1.513563376325819387e+00
1.303359161640280206e+00
1.500076952722378953e+00
1.554147126417225078e+00
1.716959004744776029e+00
2.041829465643483665e+00
1.874454472266337879e+00
1.209434118888432330e+00
7.210842694752327420e-01
3.798619779958078424e-01
-3.771081565446295358e-01
-1.261275026665070520e+00
-1.608395962916962851e+00
-1.399796622621170217e+00
-7.179344404519748535e-01
3.035365157104696343e-01
1.029816256183212930e+00
9.346558930400999943e-01
3.163603550310423729e-01
3.958147675216296818e-02
4.471946325901259289e-01
9.113316361665111387e-01
8.426311548195062340e-01
9.460328969715343927e-02
-1.078384272690000367e+00
-1.816673845213633731e+00
-1.593258682054328190e+00
-7.677825509777472801e-01
1.555743557800021160e-01
9.492168421322589866e-01
1.524984942991799874e+00
1.594396338879873865e+00
8.033748046029489664e-01
-3.870125232323678999e-01
-9.624380462485240262e-01
-6.956863488392318606e-01
-4.753997742858481756e-01
-3.908901466293215887e-01
2.483408742982999573e-02
6.384964236949112193e-01
1.059655030471056358e+00
5.360088282238169022e-01
-6.063658056060622359e-01
-1.129598117314992489e+00
-7.777718946547206302e-01
-2.887259744169921594e-01
1.197806773423136378e-01
6.562113946062618774e-01
7.518690585452371122e-01
-2.734538404530635902e-01
-1.853117170656294332e+00
-2.628201866588630864e+00
-2.012827375610708014e+00
-8.312797004594543182e-01
-1.678352705591482641e-01
-1.994320472077552309e-01
-2.082562654078339293e-01
1.776018171894561473e-02
-6.487338568623271517e-02
-2.916995866999382292e-01
-2.754925119195264505e-02
5.585654340289197828e-01
7.075825731487799253e-01
2.475631112308138149e-01
-1.072849802497810173e-01
7.363867666370668696e-02
3.309573850475978629e-01
2.215694566014165812e-01
-8.074444590977529479e-02
-2.825827069105155687e-01
-4.742483419966437297e-01
-7.111470047088761515e-01
-7.216332293975120660e-01
-3.878567120776641453e-01
-1.172665429683824451e-02
7.358147814817177224e-02
-9.782474066760256382e-02
-1.917940772938876437e-01
-1.431575662027565754e-01
-5.047853168020974834e-01
-1.524005454914265201e+00
-2.389290787168880215e+00
-2.224561978468172718e+00
-1.210836807361699519e+00
-2.273740321947350096e-01
1.502572093344176907e-01
4.993587795489200232e-02
-1.777035215185749362e-01
-3.370144305107614646e-01
-3.744484065233208425e-01
-2.002289870837458963e-01
4.015926872504924083e-01
1.339945594744060164e+00
2.098384549573095725e+00
2.049171177902882501e+00
1.293518281252651114e+00
9.602461497103383925e-01
1.690574503729971312e+00
2.492500202816370081e+00
2.239755965295816775e+00
1.358775661587614092e+00
9.074453276384816247e-01
7.314991547418533413e-01
2.623691422867089895e-01
-6.297614201365370201e-02
4.638003717523403457e-02
2.230538276909528606e-01
5.947045728024462352e-02
-5.110894144222644098e-01
-1.013552377860708731e+00
-9.821998913148539678e-01
-4.619031203165127053e-01
-4.542098017790974912e-02
-2.373956980979600451e-01
-6.588815520664850212e-01
-8.630770629208308620e-01
-9.383136508246574525e-01
-8.953976891366253188e-01
-8.974462595952847899e-01
-1.088453734190428568e+00
-9.552328980185579299e-01
-4.464178788661276043e-01
-4.683917368511537060e-01
-1.326592496442552394e+00
-2.009555432819673637e+00
-1.755168662465252938e+00
-1.061663798295135575e+00
-4.598850190281300043e-01
8.229511244078256682e-02
3.358935414929924423e-01
1.572502900617158417e-01
1.605093505529963382e-01
5.190022493128110259e-01
3.437590964805913307e-01
-4.966475506755586022e-01
-1.006979948268992953e+00
-8.353553267162758811e-01
-4.351948996767022737e-01
-3.892936046268820061e-01
-9.484810547436638428e-01
-1.583650295369766869e+00
-1.476507649223022911e+00
-6.740509234325009480e-01
2.900960381748295819e-02
4.620985312164238579e-01
8.018582787539852985e-01
5.378546262711144665e-01
-2.577038360235328063e-01
-6.596230037356960452e-01
-5.972618892373148247e-01
-3.559556372421907589e-01
-3.910419574528473802e-02
-4.039321514978887195e-02
-1.437435736663608132e-01
2.279399381903572663e-01
4.987928320009748506e-01
1.907482872796196771e-01
-4.646462225763371701e-02
-3.010447507922105279e-03
1.075363159405958238e-02
1.189928294808081932e-01
5.935581825656897070e-01
1.198349002378689354e+00
1.328148223377159542e+00
7.140653339562528235e-01
-1.760279129858728364e-01
-4.061851212783363918e-01
2.961199659202947143e-01
9.148110981479624648e-01
3.951032659590651974e-01
-9.890763632148712459e-01
-2.298284456561419109e+00
-2.719846482408990074e+00
-2.004319235856009129e+00
-6.026641622528028375e-01
3.784514279273987758e-01
8.274120288414316127e-01
1.439188494454010536e+00
2.018777498629376055e+00
2.037488368845916220e+00
1.569373573023208124e+00
8.671223391970580563e-01
6.270500484341172687e-01
1.060848011822984605e+00
1.146220266087576212e+00
5.459612444617041316e-01
1.290987131849369134e-02
-9.303532682840441603e-02
1.748822608129572131e-01
5.260471889175561966e-01
4.417170402172103105e-01
-8.895388761979247660e-02
-7.663964733433212828e-01
-1.410296551843639667e+00
-1.712180851875001464e+00
-1.693932314289456675e+00
-1.665835964025634386e+00
-1.410027485705510619e+00
-5.949916338316085795e-01
5.607816149875912703e-01
1.520318614156940473e+00
2.049142367834657197e+00
2.110699649122896648e+00
1.588516772881591876e+00
7.410269152201135467e-01
3.212040520107581898e-01
6.488339191376463200e-01
9.174627854729754395e-01
3.134386552415568405e-01
-7.331495916285183378e-01
-1.330609985351212110e+00
-1.335972854642127894e+00
-1.057025309519012524e+00
-4.900725795937186935e-01
2.332539842287903731e-01
7.219113410349589088e-01
8.976078539842260451e-01
1.080734640007529057e+00
1.266787963417717489e+00
8.448960252507691226e-01
-1.201138348047498666e-01
-6.651158013645624978e-01
-3.825115365722603356e-01
4.692178055519544144e-01
1.637694453126098848e+00
2.386039748624059431e+00
1.802359587993701995e+00
4.992200984011767040e-01
5.709968720736924297e-02
7.464618847230979348e-01
1.413686573536535152e+00
1.441276360408558110e+00
1.183832540965397362e+00
8.082467896614989877e-01
3.050386043280258197e-01
-4.751328552113524145e-02
-1.033432769024723807e+00
-1.841390721095579774e+00
-1.952257967764456037e+00
-1.552316429707476964e+00
-1.316407380736075217e+00
-1.379863498968430857e+00
-1.280827636774264811e+00
-8.906029880734855908e-01
-7.428065222966591108e-01
-1.142183509726138135e+00
-1.315788996207358563e+00
-5.423894559334357934e-01
6.200087355600930605e-01
1.326078414212665812e+00
1.699897577774851065e+00
1.961506097448234565e+00
1.771154843866073580e+00
1.124524425732124966e+00
3.690313645075924409e-01
-2.519801666300057197e-01
-3.897463204645880697e-01
4.537308515250568219e-02
5.065212502288930496e-01
6.915765031479998992e-01
1.036676333964871244e+00
1.527489715940428816e+00
1.529856188887496637e+00
9.644704111398147983e-01
3.697529669762629201e-01
2.162338561485993849e-01
3.777680483596582151e-01
5.627966701352266066e-01
7.993366957553230678e-01
1.030314085278685843e+00
1.064950936725113539e+00
8.827825979124220845e-01
7.482132385052893131e-01
6.497362859881365971e-01
3.119980672619447892e-01
2.390261645282256431e-01
7.334535000409524441e-01
9.786295328414890138e-01
5.084030807948727304e-01
4.102806601815203735e-02
1.538301637805220279e-01
3.161666537934969545e-01
-5.451610042026661801e-02
-7.446418126712632812e-01
-1.254998367218924660e+00
-1.402037238456533386e+00
-1.328292029166352251e+00
-1.045323029239351165e+00
-5.720169998610037387e-01
-2.470093104726880928e-01
-2.972306301864975353e-01
-4.814006722283219464e-01
-3.840351479673909663e-01
-3.500466977271887020e-02
2.583687526509545473e-01
1.695125142732887835e-01
-4.180687966504777475e-01
-9.025426662484727913e-01
-8.012954929178156549e-01
-5.092012618875672025e-01
-2.946038162655024717e-01
-4.918571990232137314e-02
-8.125475088122770251e-02
-8.562822732507257006e-01
-1.981905532510812362e+00
-2.210686339045559556e+00
-1.125733197987048628e+00
8.809674330531416797e-02
3.845583936782645540e-01
-3.488838583563699802e-02
-4.499250052646660003e-01
-5.265811444164605337e-01
-3.957635529702714927e-01
-2.947498297946692380e-01
-4.580463417032313855e-01
-7.182179532630972307e-01
-7.324697366108334773e-01
-7.439137858536741810e-01
-1.052389107271738844e+00
-1.419261856704695957e+00
-1.577266392806426776e+00
-1.517273668964897126e+00
-1.252046109129328233e+00
-1.098067028862339756e+00
-1.172067661258679117e+00
-6.221813593772841378e-01
8.783085189868664600e-01
2.220508285784606795e+00
2.405029524828360188e+00
1.696909978449803624e+00
9.175028126919482219e-01
5.010235708000393418e-01
4.306738306270388450e-01
4.322275261932720380e-01
7.102642219961678716e-02
-8.023133385597233103e-01
-1.581606172080335604e+00
-1.778095856612463166e+00
-1.552157208260851906e+00
-1.083336194762579252e+00
-5.093268821591254714e-01
-9.326261111728319231e-02
1.059962991352588618e-01
1.711896871685710531e-01
-1.225183693181428612e-01
-8.232192894089949142e-01
-1.353445875548286104e+00
-1.235459657285359336e+00
-6.447069032970814684e-01
-1.895654195673264208e-01
-3.556915172062616870e-01
-9.469120263555548256e-01
-1.348322746192073929e+00
-9.215263651179815829e-01
3.046077185809297205e-01
1.284288680389902071e+00
1.445385541303829235e+00
1.207976803364001928e+00
1.000240320790313886e+00
1.161600035575516277e+00
1.532946667231345872e+00
1.444718436149956986e+00
8.352773280299097269e-01
1.688230105699654870e-01
-3.353985288749081750e-01
-4.134205016754657902e-01
2.964318350501702337e-01
1.342723722702734657e+00
2.089983085478770430e+00
2.522434020712134295e+00
2.515054073854174455e+00
1.908995786756201518e+00
1.005902004343398604e+00
8.885152956881660347e-02
-4.233207033756355986e-01
-3.576953785355637683e-01
-3.824689701556896471e-01
-9.175376559821087907e-01
-1.424173646879315358e+00
-1.118694055371786122e+00
-2.127669350731427600e-01
3.194224991475967945e-01
3.678492622967929337e-01
5.698921289610664465e-01
9.174382055463969898e-01
7.615493792971115283e-01
3.953285391112447422e-02
-4.174017459733291857e-01
-4.361671714573715497e-01
-4.736873969630054360e-01
-1.059053100714006657e-01
7.981387630743833617e-01
1.385953799888739235e+00
1.451319032597354397e+00
1.151720418061609186e+00
1.185921812543345027e-01
-1.218838067159965233e+00
-1.519542973351955650e+00
-3.241646578488709407e-01
1.260652574390530356e+00
1.891215961865928330e+00
1.625412215974027630e+00
1.252893714345116649e+00
9.287160245472223519e-01
5.169796728675445374e-01
3.303466664842914513e-01
4.562088582745232324e-01
4.608753846563050649e-01
3.065812735458051455e-02
-6.776970452252981669e-01
-9.534429536620945278e-01
-4.960889784953507187e-01
1.393699330196835895e-01
5.168589023728455967e-01
7.610362962864224423e-01
9.982991647204326746e-01
1.097022142093704300e+00
1.031367959839608828e+00
8.516510210942658254e-01
6.087018626189062420e-01
3.785250720380091694e-01
3.200131551121965234e-01
5.456097124014992472e-01
7.578068520276260989e-01
4.354364960864048339e-01
-3.856567386303138556e-01
-8.846118268036435861e-01
-9.211341234460962424e-01
-1.132871432571301629e+00
-1.244870922222826248e+00
-8.883456287740087998e-01
-7.105460742980036493e-01
-9.112195307003746469e-01
-9.175393504806400591e-01
-5.934934747711441139e-01
-2.082879637620004276e-01
