-3.078496824871213011e-01
-7.529956611021962898e-01
-1.391001403737915476e+00
-1.716177393249082250e+00
-1.320628445932432671e+00
-2.326363714217700995e-01
7.009498976783830049e-01
4.047418141791068735e-01
-7.067523973442914054e-01
-1.055310054086903815e+00
-4.132992563273003850e-02
1.324461844953989331e+00
2.006268841395135727e+00
1.913890436237117187e+00
1.327702446897267130e+00
7.544839114563264282e-01
5.993375589177849516e-01
5.921433719234288073e-01
3.596989850401903221e-01
6.262719358175709850e-02
-3.050364253115493973e-01
-1.060326999789244384e+00
-1.625108632064731440e+00
-1.112846711842940373e+00
-5.314777667878217704e-02
6.995495935693879508e-01
1.050360819102990728e+00
7.431975887909789691e-01
-3.035453576554680843e-01
-1.127927503361729977e+00
-8.879106190046106573e-01
1.451324756985171958e-03
3.541885251678045243e-01
-4.835122769708934398e-01
-1.865118366310001718e+00
-2.734495400821550071e+00
-2.734495400821550071e+00
-2.453049049862252140e+00
-1.202372140905949793e+00
1.064879458626271647e-01
5.817801991192735889e-01
3.511719411680025438e-01
1.759524479841873545e-01
5.131976556035275361e-02
-2.651689135159170929e-01
-3.375962360259984196e-01
1.763891206530795175e-01
8.943199907979629826e-01
1.517513538465131040e+00
1.874057252623028136e+00
1.657864562310106482e+00
8.965440880273126689e-01
1.117150915910255504e-01
-1.864457695646519753e-01
-1.631126018560497826e-01
1.137877224330127307e-01
6.859375314308217009e-01
1.031725222465833092e+00
8.357134902140815891e-01
4.794630691669115596e-01
3.994251987831234363e-01
5.133852971123836761e-01
4.663671280327389979e-01
3.136588297929666092e-01
4.575785932513280474e-01
9.607108767317448228e-01
1.420414056221192878e+00
1.473631819349218830e+00
1.148958342739813787e+00
8.858203975555866139e-01
1.151389422961168085e+00
2.031634478464756199e+00
2.595275870797732587e+00
1.870480913522011068e+00
7.429869325000953983e-01
3.445065445631159129e-01
2.404958726034011618e-01
3.047503479373072071e-03
8.043401597977610507e-03
3.934986244282286383e-01
7.490036980946159773e-01
8.163143037643545430e-01
7.181893539541892579e-01
3.177723533772033315e-01
-2.275007056331273814e-01
-2.400955554797807312e-01
9.665460570238726401e-02
3.342364108558635305e-01
6.970329738833128674e-01
1.011717139406194566e+00
7.303888444214381437e-01
-1.226028243766667664e-01
-1.155952729516154465e+00
-1.961736650529898540e+00
-2.095466699310648551e+00
-1.474163119471643135e+00
-5.424740008056327945e-01
2.222051176381895088e-02
-1.309293202393810862e-01
-6.606503297976866751e-01
-9.703211085561497251e-01
-9.376986330325909336e-01
-8.653822657971207422e-01
-9.215400796288201191e-01
-1.081088712871842272e+00
-9.402300237666740834e-01
-2.805592616105636039e-01
7.625461987499852767e-02
-4.070893029735720425e-01
-6.094535402765184351e-01
1.729407802838254238e-01
7.801950498688687841e-01
5.383252400103643032e-01
2.785857718731094002e-01
6.083482267623968598e-01
1.128141311946385006e+00
1.031638124003968482e+00
6.697318201022584017e-02
-1.064250714253299757e+00
-1.743620990760952338e+00
-1.925016258349678600e+00
-1.694958095845143120e+00
-1.313354998872011681e+00
-1.236053555932416170e+00
-1.193483020946523698e+00
-4.462308924958476308e-01
6.294704293505551940e-01
1.305703305099092937e+00
1.524312383754234057e+00
1.094539404155879581e+00
-1.298569117547136442e-01
-1.469985659055692118e+00
-2.218471111683440355e+00
-2.217307101217656840e+00
-1.494312803121834010e+00
-4.602964550694655932e-01
2.165755124952825350e-01
6.509804419445329726e-01
1.168991357374101536e+00
1.354124682822416270e+00
6.664950919527438122e-01
-5.546156441061889097e-01
-1.155156123107183630e+00
-7.066920691087589246e-01
2.796651230513000005e-02
2.068109407875210748e-01
4.880395357255345318e-02
4.104828185877604230e-01
1.096460648207298938e+00
1.239026709550296035e+00
8.911030536421649106e-01
7.258876038941219910e-01
6.394243000912573915e-01
-3.895492876674129523e-02
-8.945616719657274452e-01
-9.848446075996837301e-01
-6.388439290818370697e-01
-6.368232950492245248e-01
-8.156200113109994820e-01
-7.132168981614647185e-01
-3.323726961887289444e-01
-3.261819646493561986e-02
-2.458021064917102066e-02
-2.378926281548960839e-02
5.491980899276001360e-02
-2.730989906094609121e-01
-7.852718538074769938e-01
-9.342261223397843040e-01
-1.064239996903917573e+00
-1.258655966093229717e+00
-1.123217173293586946e+00
-7.293960450189777012e-01
-2.586713556828521554e-01
3.225700057760143014e-01
9.050389986728024638e-01
1.136367569019255841e+00
8.111820991014506710e-01
2.126634126722112272e-01
-2.369044150344535582e-01
-3.923941364120254738e-01
-3.512732497009067867e-01
-5.309278884765402662e-01
-1.092237818345988876e+00
-1.380469146101650724e+00
-9.939388754113427371e-01
-4.370718219550918660e-01
-8.320292244412791360e-02
1.724833789204309464e-01
4.171038544390087144e-01
7.673573244327235310e-01
1.142410262486172945e+00
1.175737715619358692e+00
6.709564381538999367e-01
3.545747682199861667e-02
2.158875142722315732e-01
1.209946925863278455e+00
1.860492483500804983e+00
1.698688469494244346e+00
1.055946536322075691e+00
3.405091083844933308e-01
-4.721636778049834171e-02
-3.164125104311904524e-01
-2.147332024511670323e-01
5.643490511104608531e-01
1.334570806437085144e+00
1.656510907893059104e+00
1.866085921388868973e+00
2.377218367033474333e+00
2.519797977976697023e+00
1.420544987041900908e+00
-1.303986132190425862e-01
-1.066681792184101640e+00
-1.350954365032153159e+00
-1.100289569914354226e+00
-4.677418364289839259e-01
1.176437089086545124e-01
3.582952986900486136e-01
5.146063645195415592e-01
8.613012733187955794e-01
1.213741315563948042e+00
1.090600120862937450e+00
5.557002373906707454e-02
-1.173996110662619108e+00
-1.269503244404054598e+00
-3.571572228776215274e-01
4.620411553480692213e-01
7.655457048294658229e-01
6.677613756588965943e-01
1.557948414764176448e-01
-5.143187620993004971e-01
-8.573234910421175803e-01
-1.170942368719434912e+00
-1.599050697534063481e+00
-1.428118946076916140e+00
-8.519536539832470723e-01
-6.410188832885571619e-01
-7.721832117623292913e-01
-1.185707655657822768e+00
-1.831036972241685490e+00
-2.219360111551056836e+00
-1.952379915693586154e+00
-1.003880978366256782e+00
2.307557768393289979e-02
5.539778012625605763e-01
1.006288270536438434e+00
1.731676839183848848e+00
2.128876930364750564e+00
1.681295818996860980e+00
1.014942387805488178e+00
9.716533537114009356e-01
1.312076679141719104e+00
1.179743062540008491e+00
4.227909665351977098e-01
-1.916711028866255051e-01
-1.113846363405228586e-02
5.318447778476742549e-01
3.948431403473147139e-01
-3.159156260671541760e-01
-6.432763142600020911e-01
-6.165499295501671861e-01
-6.519225571599127633e-01
-6.992017960394234510e-01
-7.336128272175920229e-01
-6.690777033311080535e-01
-3.323620268277472922e-01
1.302233972653085714e-01
4.223471477702196442e-01
6.064798527121787464e-01
1.025526194152939219e+00
1.546715804545080841e+00
1.581849413736840182e+00
8.471699342239050745e-01
3.641642688157235158e-02
9.810950096478399107e-02
7.561311525895317853e-01
1.117385506398887340e+00
1.074751936008640385e+00
7.609135318268908099e-01
-8.549747707272851993e-02
-9.460895868143887055e-01
-9.195874031166739737e-01
-2.924954960249631086e-01
1.562578091318205242e-01
4.288988631875608609e-02
-4.529951307436629881e-01
-6.725978579690637948e-01
-1.184866731589838962e-01
8.868877618382057237e-01
1.332501675014588827e+00
9.428188545598648052e-01
4.312659133220163032e-01
1.203374306673290900e-01
-4.894383767501048199e-01
-1.302061618284618527e+00
-1.300360123201208751e+00
-3.836845960300971914e-01
4.014586792290246731e-01
7.921598070810803582e-01
1.171059234849282982e+00
1.277375402323999598e+00
8.798163536872321000e-01
4.093664332078994494e-01
3.808411542936231964e-01
6.784840680530018764e-01
7.456915771640020285e-01
3.560580615851708375e-01
-3.092316625749579884e-01
-9.650253303679345862e-01
-1.550262233119982680e+00
-1.915183359208132874e+00
-1.723023327139598937e+00
-1.317614993189162531e+00
-1.339347993506840639e+00
-1.712243724938549372e+00
-1.773052574273706883e+00
-1.087366022937131360e+00
-6.108812224005551184e-02
5.724915873566179814e-01
5.092676071283241956e-01
-9.160352374168977130e-02
-7.259800871819491741e-01
-8.108307077490524151e-01
-2.282493225614756482e-01
4.506395808824248950e-01
4.798494181901387656e-01
-7.587303508861618917e-02
-3.659150000105413358e-01
1.759973749337923055e-02
6.127630701498537613e-01
7.893852580416926834e-01
4.402133881118026060e-01
1.854574690518751845e-01
5.877495674253955249e-01
1.633946309953527409e+00
2.554726191544546499e+00
2.571074599061264010e+00
1.691512159738845389e+00
3.117233273746318756e-01
-7.342988619540429251e-01
-7.055602226062819282e-01
3.439385330584632944e-02
8.643726824218213034e-01
1.675403218628779278e+00
2.177233042366188531e+00
1.857495781593276218e+00
8.162388344818390928e-01
6.476227218008376307e-03
-8.104100555558912955e-02
1.118410231001259192e-01
1.184462843154136941e-01
-1.772976593396026479e-01
-7.387553596743923201e-01
-1.593716042072150563e+00
-2.355569931511338755e+00
-2.387292012210552983e+00
-1.676162544909094665e+00
-7.121906656618773868e-01
3.206648602853032996e-03
2.510691746778977995e-01
7.781553087695319837e-02
-2.946997370819145479e-01
-5.479746608407223274e-01
-6.694417733761439671e-01
-8.474866617994265550e-01
-1.116423504654100007e+00
-1.422022016901031805e+00
-1.512856189670424234e+00
-1.061808028818362892e+00
-4.322147583159695605e-01
-3.063183332709538687e-01
-4.646169797685386071e-01
-1.816590091880272151e-01
4.452421211453981842e-01
5.963736137553606875e-01
8.914294438022170308e-02
-4.360321755624514961e-01
-8.090233105467229402e-01
-1.187726390205747995e+00
-1.226734520809166007e+00
-8.613233224026470847e-01
-3.256808068967614322e-01
2.573483719547661197e-01
3.215058983342413135e-01
-2.402045670992086490e-01
-6.841809338643145555e-01
-6.786918794230519802e-01
-5.528122374022024221e-01
-5.418437353947120894e-01
-5.387845309480236988e-01
-5.086421387326234278e-01
-3.234063272038614767e-01
1.525897356765750223e-01
6.173398998317166653e-01
6.541864002298979353e-01
4.729508672180621209e-01
6.398543070764840524e-01
9.039467323415079081e-01
7.456057697243210214e-01
5.719849592624055568e-01
5.019491218613095773e-01
-3.273789171616539040e-01
-8.408300413680469543e-01
-9.221169715045463011e-01
-5.769599659439972328e-01
-1.743724063945283342e-01
5.458517549799972723e-01
1.502547297747296007e+00
1.712733169655975107e+00
1.130229022720422360e+00
6.046142846053238484e-01
3.121391233238290375e-01
1.274041407610740084e-01
-7.655310568131125717e-03
-3.313569671309403164e-01
-7.532093388273287671e-01
-6.678713466690813227e-01
1.124144533047646277e-01
7.527482706150838698e-01
2.983927749231068405e-01
-9.556001063334275125e-01
-1.910798044545554575e+00
-2.077446327193795295e+00
-1.561557900245325037e+00
-6.848894425251280671e-01
-1.113868654825714705e-01
-2.492939395922199111e-02
4.132534981096375876e-02
-8.233320075978237118e-02
-6.852515969220585035e-01
-1.011102173442487873e+00
-3.432875019230421931e-01
7.719170212858668112e-01
1.192308730480785339e+00
8.832445706079197212e-01
8.877456536523252728e-01
1.241250539647000828e+00
9.874081852001959092e-01
-4.591920852718222451e-02
-1.033430732174530409e+00
-1.117372133730644590e+00
-2.419156681818130095e-01
7.259109471477459552e-01
1.173700439951473440e+00
1.390193202958225127e+00
1.499491935935046039e+00
1.181159835214007359e+00
3.290753334587280809e-01
-5.531862305376911149e-01
-9.969871811136797879e-01
-1.361935227880977539e+00
-1.808228410627674698e+00
-1.605656861124236112e+00
-6.059050681292795781e-01
2.836552301883772387e-01
5.056885787656261178e-01
4.047119685185058824e-01
4.058226170297803970e-01
5.192129773337815779e-01
4.652481255936431470e-01
2.168248957883969763e-01
2.912912355820261312e-01
7.721643371424504743e-01
9.901296620698993856e-01
7.220372206485712319e-01
1.996914602661929994e-01
-4.052105835353795316e-01
-6.175031711128087242e-01
-1.962192785181437471e-01
1.297631576170155399e-01
-2.935336683244353928e-01
-1.066535865364032221e+00
-1.395899963459532822e+00
-1.073647052310854333e+00
-6.334731814974035036e-01
-6.934570841444220868e-01
-9.531674728962861165e-01
-7.829891470039075374e-01
-4.151657556455140563e-01
-1.770184919059033524e-01
-1.625658566961709730e-05
7.981720448087087361e-02
-6.733470995397214387e-02
-3.422477156783746421e-01
-5.208570139841542934e-01
-4.455645228479704900e-01
-3.453444382929074519e-01
-5.119578300226865775e-01
-6.328080290445385891e-01
-3.759947285734067668e-01
1.289662114597310005e-01
5.912555341225719241e-01
8.844534129669583411e-01
9.517498952692333702e-01
7.848190074447806142e-01
8.278482125118683532e-01
1.308032241497582682e+00
1.770244421262759937e+00
1.803355952978655141e+00
1.194103419113443643e+00
4.663599321770205142e-02
-1.026435454262745628e+00
-1.317347559231458742e+00
-6.550430549876798958e-01
6.875648264764014361e-02
6.648183086381992402e-02
-1.687735981037947475e-01
-4.522678116500050000e-02
3.629685743494609484e-02
-4.593635001182526101e-01
-1.301600003414385309e+00
-1.779396850862774881e+00
-1.313312701141652550e+00
-3.549177337031506757e-02
1.037939336494264397e+00
1.234346631104457748e+00
1.196043939461508110e+00
1.425345013364403446e+00
1.438474181878212521e+00
9.066432280741637539e-01
2.311758096718084798e-01
4.609475997812769593e-02
5.012250962739100979e-01
1.056842909221224591e+00
1.230368334530139274e+00
8.208823048647786447e-01
-1.851626587490273201e-01
-9.640119736459528132e-01
-7.785126449928353454e-01
-1.749284229160065762e-01
5.657717508089220582e-01
1.678627887019302545e+00
2.549607819810257858e+00
2.619675325039837688e+00
2.173372272860642607e+00
1.758779284790758402e+00
1.548713220079432462e+00
1.447645691434896298e+00
1.425332412076210309e+00
1.247912019274026063e+00
7.791260756454723158e-01
2.076910528205968831e-01
-1.082867692698047390e-01
4.346500879617398033e-02
3.290812111292004682e-01
4.919440595374917624e-01
7.547317361151021364e-01
1.130256062830032215e+00
1.178809819725356700e+00
6.236758514597734449e-01
-2.017117226336815061e-01
-8.900247236311871202e-01
-1.538542408171655884e+00
-2.076571680095218753e+00
-2.161328343379824712e+00
-1.640969353834078159e+00
-8.901535954704757891e-01
-6.602393120034358853e-01
-8.769272669886236660e-01
-8.738132518458634479e-01
-6.942951369991104960e-01
-8.696580120095218636e-01
-1.335609760349184105e+00
-1.245736954748481784e+00
-3.830378147811122624e-01
4.421437358280350116e-01
7.333118813496510846e-01
6.839439403743269308e-01
5.641421199889711247e-01
4.258359388494439290e-01
2.540947174887333571e-01
-3.706601510916386621e-02
-6.024135507304343440e-01
-1.137383214188802505e+00
-1.364495931938639606e+00
-1.760820894893134980e+00
-2.123344022051353530e+00
-1.536512471951181347e+00
-2.354770637642664977e-01
6.794436834711515827e-01
8.619062477872895256e-01
9.084809690020366757e-01
1.099548351502135590e+00
1.175937352359837096e+00
1.206943971906039081e+00
1.383040248339829414e+00
1.368713693945372567e+00
7.984302751449336988e-01
-2.007011571318924048e-01
-9.276969567416366580e-01
-9.639718614700343302e-01
-9.806157985669287092e-01
-1.466840704534284834e+00
-1.913249977775458133e+00
-1.890611397818154238e+00
-1.471914446592600623e+00
-8.908422855431193943e-01
-3.629787631583015206e-01
-5.371451097707586469e-02
-6.683576631492149644e-02
-1.125650392570809039e-01
4.661121758938232551e-01
6.965098168232126685e-01
7.832563020811315058e-01
9.028950560727436736e-01
7.424323141201819576e-01
2.082695388274947157e-01
-3.927953243844146264e-02
3.470347538761286380e-03
-2.344518675373385638e-02
1.220536176243239845e-01
3.298751275315858211e-01
1.173316277679251340e-01
-3.347963814227444823e-01
-5.619675051652950337e-01
-6.261007303161331139e-01
-7.672504639301600537e-01
-9.442509138848861339e-01
-1.131185886444044941e+00
-1.127155106827427478e+00
-4.246462156255464415e-01
4.396663898465723030e-01
5.523854157241062657e-01
3.671038638259857545e-01
5.775187579365398394e-01
1.042035886526660571e+00
1.291505911301488840e+00
1.015446419319617544e+00
3.682254740288058992e-01
-1.954498666534549844e-01
-7.325615946816774748e-01
-1.163278001335790179e+00
-9.602601002174918632e-01
-3.605742586232251745e-01
9.663886008279566620e-02
3.317115153911979752e-01
4.534756301145140833e-01
5.384774832753813634e-01
5.335368617321341045e-01
4.562317213305466246e-01
4.641239374102376081e-01
5.153510626639375980e-01
4.145001987912388386e-01
-3.019904470341005717e-02
-6.218375294088934746e-01
-7.937300946054473005e-01
-7.477541153766357196e-01
-7.888951324117496888e-01
-5.221622949272803904e-01
-1.054533551786186046e-01
7.558843357597989920e-02
3.286666079971872767e-01
7.595655471383225832e-01
8.931641816752028395e-01
3.908862767981157171e-01
-4.138507895084789778e-01
-7.628208711920737572e-01
-2.656266769460463584e-01
7.081455326133406780e-01
1.423292114713315959e+00
1.495864135682724694e+00
1.076768566529976878e+00
5.367374663791130152e-01
-4.831725243495837985e-02
-7.395095031637596295e-01
-7.882856721787265819e-01
4.838878046616558737e-01
1.851507580045586243e+00
1.700599266115812247e+00
5.153531759477548713e-01
-1.977259738217983509e-01
-3.457641854186198627e-01
-8.082065899648487317e-01
-1.397846992371521768e+00
-1.257335637605834222e+00
-5.259324749441117719e-01
9.963013203638083903e-02
4.656784186494984934e-01
5.510743860232018010e-01
1.656452354170963315e-01
-3.533955192497599263e-01
-2.947192646765323665e-01
2.688577619582663281e-01
5.514092982933911369e-01
3.315549603460777317e-01
8.211563400259577761e-02
-1.694993077661636482e-01
-7.151838408700338379e-01
-1.268438476316738894e+00
-9.980166530722782703e-01
3.381877680275423570e-01
1.656670140149949288e+00
2.101842270885167174e+00
2.017477750958498905e+00
1.850515727249992359e+00
1.528703188814171110e+00
7.200281767287510792e-01
-5.979911594575181288e-01
-1.713518765648402775e+00
-1.894545693979615031e+00
-1.500068672706792894e+00
-1.304380684103043198e+00
-1.168851883096557298e+00
-8.979644736487339962e-01
-6.402704472285850601e-01
-2.783584899033030857e-01
1.256704621056109750e-01
1.376133137072456936e-01
-4.484249541905085401e-01
-1.207098559865085186e+00
-1.390909452759026443e+00
-7.743350625244980190e-01
3.051761864093455734e-01
1.514048902960331677e+00
2.247457469680619990e+00
1.950126697637947215e+00
1.151176575208858521e+00
7.949944512885179781e-01
9.443941125673859238e-01
9.438451842713961870e-01
5.717705353427255943e-01
1.858329878649090661e-01
-5.102398295392236022e-02
9.893457702819752342e-02
8.680537235977606736e-01
1.808166472929386037e+00
2.007513375766763808e+00
1.346600690882149953e+00
6.595720589595339689e-01
4.153069887130675375e-01
7.769337083927441157e-01
1.530191025156067974e+00
1.570776445621325124e+00
3.193833844660916021e-01
-1.305277603234696215e+00
-2.084656662134322769e+00
-1.622401644024457523e+00
-3.142647598334861736e-01
1.069477505105692838e+00
1.842757975393384484e+00
1.737266539945984123e+00
1.024933815801106318e+00
3.848379895772446879e-01
1.792002512924531221e-01
1.918742951706789990e-01
2.872763076945383798e-01
5.013989899627054880e-01
5.865392112886576026e-01
3.100896006271661731e-01
-3.104940993778612102e-01
-1.250240511585152925e+00
-2.061251461411068853e+00
-1.819846600276823434e+00
-5.094688250547254604e-01
4.965406725452329861e-01
2.556563260069338317e-01
-4.873727834503737144e-01
-7.654633684733875842e-01
-7.836334616780775697e-01
-1.046950508075429331e+00
-1.624029211954903795e+00
-2.028441047339109904e+00
-1.960252949689646806e+00
-2.043029195495531969e+00
-2.526100891091731526e+00
-2.594674264463094904e+00
-1.947173600229261670e+00
-1.336964811315205504e+00
-9.700976494384633275e-01
-3.880695594613309818e-01
1.904607340215572209e-01
3.072936359534360617e-01
2.460418445251697506e-01
3.894029164036640345e-01
6.492587091361176066e-01
7.836073612546091693e-01
7.317769408591504599e-01
7.089224530178739325e-01
6.339346686008167087e-01
1.124242976697832908e-01
-8.432511223661263156e-01
-1.668733361166928830e+00
-1.765199849886869954e+00
-1.202531961729644827e+00
-7.346330656670370107e-01
-9.103956215650775841e-01
-1.353623892702889409e+00
-1.201734736265833936e+00
-3.949006527636793606e-01
3.142023860722383821e-01
4.786426463743836957e-01
4.816542406411530863e-01
6.902903716927314415e-01
6.600235047121456589e-01
3.734254723476460730e-02
-6.086278125932760297e-01
-5.457918722052201854e-01
2.873859834363053922e-01
1.216086480972490502e+00
1.453830233547477979e+00
9.165010724074406090e-01
5.196054820346162062e-01
2.269615005966443277e-01
-7.880276324821751111e-01
-1.668123175652161283e+00
-1.933874299112853246e+00
-1.732789323967655282e+00
-1.168625613712784617e+00
-3.798561688556952309e-01
1.089621872932169111e-01
2.049445750138774447e-01
1.776539490372276708e-01
-1.994202104175280543e-01
-7.228003541354965922e-01
-4.574211519221423328e-01
3.197102351853399749e-01
1.407817370682127867e-01
-6.293562373691184986e-01
-3.444725953048615730e-01
8.388845007008003396e-01
1.572296239812077223e+00
1.030292915046143953e+00
-3.917875331293805830e-01
-1.471930031922847437e+00
-1.616568767242246185e+00
-1.047767071761306346e+00
-1.020827605591938525e-01
9.083857660825988001e-01
1.333049398686304787e+00
8.229229830300134330e-01
8.590313870743013225e-02
-1.231451464944176843e-01
6.172018302111170751e-02
-3.994980900995709350e-02
-8.024494287245722557e-01
-1.782263533985601667e+00
-2.013788725799404045e+00
-9.230172820128228484e-01
6.533061036090721529e-01
1.439346928918489699e+00
1.333849177141765541e+00
1.157284668746524137e+00
1.300058605362728992e+00
1.187330378853390433e+00
2.408855563030346814e-01
-8.211598483506431512e-01
-1.071338319516088156e+00
-9.394968266177505800e-01
-8.655323055449567482e-01
-7.293482098705390548e-01
-7.139092888273929072e-01
-7.994148506707851043e-01
-4.440947754777511136e-01
5.549409142072234680e-01
1.751820834306282437e+00
2.670076368112241916e+00
2.760208575450849633e+00
2.760208575450849633e+00
2.633807965557644515e+00
1.738071938349576406e+00
1.021176323532992480e+00
3.604147483728867285e-01
-1.066953029841886946e-02
3.599780124389621028e-01
1.050226147688678502e+00
1.248105260466255917e+00
8.984414069901200950e-01
5.278383337790353291e-01
4.589317540784493832e-01
4.881741515191087011e-01
4.922254196640740709e-01
7.222552134873458929e-01
9.759784855964317440e-01
5.942652243139466828e-01
-3.706362149691567742e-01
-9.882944348573636795e-01
-9.424991453697506572e-01
-9.249528944322868984e-01
-1.282652094701990153e+00
-1.328584603530962749e+00
-4.488503651081371948e-01
8.986186049649284024e-01
1.895732370156378188e+00
2.219199876595767673e+00
1.936699959335434817e+00
1.277819988650665373e+00
4.366573050301417180e-01
-4.404487293716654039e-01
-1.074420648352395258e+00
-1.217573362611586774e+00
-9.504761917485513578e-01
-5.247421222890874537e-01
-2.358815736813119346e-01
-3.322931075004613710e-01
-5.103752189425947439e-01
-3.509664541058750142e-01
-5.294070901636458576e-02
-1.806233399913401982e-01
-8.059095536716159858e-01
-1.198328211913816554e+00
-7.557575765842846627e-01
2.249905145808424323e-01
9.111216696319113240e-01
9.373096367059511325e-01
4.659442760882232526e-01
-2.331118021304882659e-01
-7.967167625700523059e-01
-1.011374770211916907e+00
-9.559521367969485706e-01
-8.799987837851117600e-01
-7.273917277511385837e-01
-1.839264598759152991e-01
3.104802754044426183e-01
1.596153955584633521e-01
-4.315533146260632780e-01
-8.191723735738294376e-01
-8.859169543786885592e-01
-1.249093114738186294e+00
-1.906715723147873742e+00
-2.047719546688984149e+00
-1.557427973425947965e+00
-9.779674926790582479e-01
-4.927717253803922670e-01
4.758944096549229397e-02
5.058529462749238315e-01
5.025038361752826033e-01
1.015644057901619740e-01
-3.713575436522039142e-01
-6.517740185075266979e-01
-7.193480915271093235e-01
-9.300934413711778870e-01
-1.065687607545827698e+00
-4.346476308084561424e-01
4.919850444951527901e-01
8.051320719606125387e-01
7.494130161803057577e-01
9.681837768824250734e-01
1.329718010237795678e+00
1.122063373166642508e+00
2.018090403667866517e-01
-5.793218536284462372e-01
-6.178203536250095329e-01
-2.944710704200502738e-01
-1.192171642302766038e-01
-1.125453752459002060e-01
-1.817346024839050223e-01
-4.606952358494256772e-01
-8.079491088004641108e-01
-7.631480986506562481e-01
-5.250925330102476085e-01
-5.326235510435595177e-01
-4.140867298538140062e-01
1.090039561983301153e-01
5.624003983804628515e-01
3.305017861004249102e-01
-6.191090749315010244e-01
-1.317114156527347202e+00
-8.832259048365130871e-01
2.179428091554576896e-01
1.006906367592539597e+00
1.227152770039244167e+00
1.118080136784520562e+00
7.680272761806908877e-01
5.990238240411046265e-04
-1.051205202772071967e+00
-1.764830767818195589e+00
-1.633473367081299088e+00
-6.911982421297896417e-01
5.017927275817186672e-01
1.261811281126004936e+00
1.284119940380322955e+00
1.043981412095820405e+00
1.038691122524741717e+00
1.079264214256096865e+00
9.413761200321575373e-01
8.876031731089921717e-01
8.724985249443969471e-01
5.340040962196270780e-01
3.348079854847578751e-01
8.367412847662418773e-01
1.600327224063453624e+00
1.781151193415604350e+00
1.082478375847700347e+00
7.940727526195766328e-02
-6.276873687479888053e-01
-7.963451693447084478e-01
-1.523270095079393704e-01
8.508446442974400004e-01
9.520659667346361710e-01
-1.507472298411925149e-01
-1.172576592154615627e+00
-1.348688247596852019e+00
-1.254902818405981169e+00
-1.096627861012849925e+00
-3.134326731138232236e-01
9.084146890264143126e-01
1.301800904145229421e+00
4.641883828566295556e-01
-4.704393890649333221e-01
-8.145862515131419013e-01
-6.606424013234259984e-01
-4.305238232488685091e-01
-4.570903865401054200e-01
-1.835461397107963077e-01
-1.634750833940784853e-01
-6.194416055178693092e-01
-1.101941587886036578e+00
-1.266440962983269580e+00
-7.556735242103671535e-01
4.414604070473254205e-01
1.145672220456562584e+00
9.429447801585865152e-01
8.869325869361404102e-01
1.304606711688022003e+00
1.250120522430105963e+00
2.644475642289966788e-01
-6.469380375149959006e-01
-4.030298157060370756e-01
7.106169389885930165e-01
1.475261985520759600e+00
1.335439104042602354e+00
7.889147239993145044e-01
4.252977018827373001e-01
4.727710736782722023e-01
8.150113135496691585e-01
9.793469447015235030e-01
7.200367915388158346e-01
4.850729644339726310e-01
6.365606220930997150e-01
9.354861588840424069e-01
9.429582643235336903e-01
3.043662407211088494e-01
-5.326565457025541628e-01
-5.736095334159919679e-01
1.132919935964003810e-01
7.888649500519689939e-01
1.086736967194879888e+00
7.886045076270761234e-01
1.023811239095357289e-01
-3.505527388393362420e-01
-8.393197783665153067e-02
7.122675031315777172e-01
1.183880761880747645e+00
9.115925502138649827e-01
3.926646953582774158e-01
1.824079546204323832e-01
2.478822261099803692e-01
3.516749558230760631e-01
5.588422100138051851e-01
1.016712156244510057e+00
1.045058427891282671e+00
-1.487520725855864534e-01
-1.771986794183038061e+00
-2.391877086453114476e+00
-1.877205023524967320e+00
-1.172322506818945342e+00
-8.493363926797877772e-01
-4.871951274104819318e-01
3.527066403418773616e-02
8.425310509175744367e-02
-4.171697792798219617e-01
-9.616106482024151525e-01
-1.234607363581826434e+00
-1.147610030339590859e+00
-1.064279213796305967e+00
-1.748922250484625796e+00
-2.704899735875851530e+00
-2.202469251839201281e+00
-8.432564462525421467e-02
1.955824869173309999e+00
2.718983011100450931e+00
2.225225476851461437e+00
1.014017518792327266e+00
2.201970667388663816e-01
2.693910128750401367e-01
6.261941005544044980e-01
1.007227766379015010e+00
1.408020655851004221e+00
1.545399145873267210e+00
1.210776187889540223e+00
9.318503739469782277e-01
1.039737126424779889e+00
1.209950540160239951e+00
1.615033742143301643e+00
2.276007136653000362e+00
2.347322344521756143e+00
1.598576840486110040e+00
6.043759735108834574e-01
-1.478403414278798567e-01
-5.763851587175721214e-01
-1.072477864428084349e+00
-1.460465163987849868e+00
-1.281520062080059530e+00
-1.095777581514663312e+00
-1.148164187844161965e+00
-8.118069685095943289e-01
-2.107393874995413252e-01
4.778343308970628422e-02
5.557208755723119786e-02
8.727653661279012598e-02
2.234810828208498301e-01
5.271060764886530414e-01
5.521345734935729777e-01
-3.580451968103134236e-02
-6.780988051802031569e-01
-9.825925769885093253e-01
-9.919807228578918501e-01
-4.939983640556340205e-01
4.276613615864167106e-01
1.101189731395392890e+00
9.453771235319916588e-01
1.250708058210849849e-01
-6.729518654089543528e-01
-1.074363059786205055e+00
-1.290321921597756383e+00
-1.718880342769335323e+00
-2.126351481764078510e+00
-1.685976353047966558e+00
-4.009510309082165991e-01
5.675835705621664617e-01
4.131290101017049410e-01
-3.547248432070831958e-01
-1.175115817412175856e+00
-1.955550821667261685e+00
-1.897768150907624740e+00
-5.666015741117004234e-01
9.110141775729608815e-01
1.463182540847735247e+00
1.343745511877709964e+00
1.147151847986700002e+00
7.154361751925845114e-01
-6.901799105644783328e-02
-6.452583465545577157e-01
-6.222611558575732449e-01
-3.967254576373649422e-01
-3.702438295117816969e-01
4.902996333937616885e-02
1.231215033275600668e+00
2.272397512355662563e+00
2.520801574806793344e+00
2.101207866141153513e+00
1.239262900647481569e+00
3.410334712232117038e-01
-1.017356202153652522e-01
-2.566882202527982493e-01
-5.647961289602561052e-01
-8.810531165146777699e-01
-8.387745916896685028e-01
-5.747756257472753649e-01
-5.378606764575125654e-01
-5.926169588232345076e-01
-2.580008594245450371e-01
1.970412035321093824e-01
2.644577323777112521e-01
9.982039029080688654e-04
-8.464578737343324277e-02
4.505060832488817502e-01
8.918715616495562770e-01
3.953455164269155109e-01
-4.365409577186498691e-01
-6.862305917631297270e-01
-4.918696567710750811e-01
-3.542991965649344155e-01
-3.278529772039318058e-01
-3.893399220358096380e-01
-8.589992795196800257e-01
-1.615814368764557418e+00
-1.852819854850971781e+00
-1.424681975877460038e+00
-9.388037667089254024e-01
-8.049713045071172912e-01
-7.700646151554366714e-01
-4.720079261773213464e-01
-2.556797596204079745e-02
2.927186466372933005e-01
2.163411243608343582e-01
-2.329007026586165860e-02
1.749024777742146097e-01
7.135898813347866243e-01
7.661663024841386394e-01
1.959170914746422854e-01
-9.911335708774726694e-03
3.140845548839144019e-01
1.587428784391907710e-01
-5.895099499242804075e-01
-9.247063445367896817e-01
-4.595856509364393827e-01
1.495479654042181084e-01
4.672549114248383817e-01
4.473478630581790294e-01
-2.424408205784579339e-03
-3.658040073970304507e-01
-1.063363720639988741e-01
1.339162117138861241e-01
-2.885355550541695568e-01
-9.406612995019617562e-01
-1.345084629541866361e+00
-1.430648776646832321e+00
-1.040170289111893354e+00
-1.783750137064800401e-01
3.605746473288841125e-01
-8.203254747660982948e-01
-1.587695947961511589e+00
-2.077126601988251942e+00
-1.762137682793285531e+00
-7.426197724690581925e-01
3.947434913781056598e-01
1.404052270931586133e+00
1.978665917459312640e+00
1.912274801326375062e+00
1.624709364252977961e+00
1.338063379719250934e+00
6.833079825714603039e-01
-2.046257057867439944e-01
-4.629877113072276562e-01
2.376791204772253918e-01
1.109045014849170174e+00
1.287167734565442645e+00
8.542090617436672861e-01
2.428629005871623947e-01
-2.791632450231502638e-01
-4.259222231379222734e-01
-2.685720097692991248e-01
-2.488268745830706299e-02
3.653209151711729330e-01
7.491747084638670229e-01
5.618387450923642001e-01
-3.437653473394398085e-01
-1.086689933681705078e+00
-9.178600772343831204e-01
-5.369095497345995893e-01
-9.614311694613809633e-01
-1.834530193393919761e+00
-2.249682873595554966e+00
-2.353616303404176158e+00
-2.448350835520366697e+00
-2.009017664920832669e+00
-7.066726716944171649e-01
6.002695717015956722e-01
9.665473342615685803e-01
4.978243132447864316e-01
-1.844825273588450165e-01
-5.847118719878428017e-01
-6.789024712178686194e-01
-6.694748752829539074e-01
-5.784177092991342750e-01
-2.561201868342383170e-01
4.382100082039011579e-01
1.102835991900078083e+00
1.228675702279660387e+00
8.850567703729995683e-01
3.886553220452044766e-01
1.046902662113893684e-01
4.390065381167684855e-01
1.304150030909578817e+00
1.952287790368737008e+00
1.935861640657077665e+00
1.436538666979401579e+00
6.867637734158745788e-01
-2.278996716925332233e-01
-1.033339948726162527e+00
-1.367591238650827101e+00
-1.187749529884592592e+00
-6.653803757965673915e-01
-9.187315004013897612e-02
1.830479626088803713e-01
-1.737848234746975935e-03
-6.751153636619854348e-01
-1.575773072722767010e+00
-2.028162219955576884e+00
-1.712091903659242575e+00
-8.717927340374831413e-01
-3.556284145843646716e-02
3.779921955682695178e-01
3.777864123037334987e-01
-3.675599674007799800e-02
-5.372137585892781120e-01
-3.701785085031620848e-01
2.656888390079537587e-01
4.924627471751866215e-01
1.384254820813141940e-01
-5.773861087654810209e-01
-1.355499899654236895e+00
-1.340419552803562731e+00
-2.504892764397720906e-01
7.579987824121128259e-01
9.295785667992197965e-01
7.569956347420839782e-01
6.265890587079301355e-01
6.273287928690733928e-01
7.396669577101323556e-01
5.594522301439891487e-01
-2.231393913056153588e-01
-1.079156343476444624e+00
-1.334714866477257678e+00
-1.244494404727821912e+00
-1.219731981768399587e+00
-8.577846140875040604e-01
1.295463812440145746e-01
1.170652998615169471e+00
1.611633494554653767e+00
1.401219283812812577e+00
8.512789110401253190e-01
5.913083817517488239e-01
1.169479637242045289e+00
2.087030789331095537e+00
2.421914393982302460e+00
1.937065038458520849e+00
1.151142799500541658e+00
8.738554690880533382e-01
1.304287689064181910e+00
1.688516268756402150e+00
1.565645699959831161e+00
1.263529190453909212e+00
8.650103113820996059e-01
1.540835579207119055e-01
-5.469121861320483946e-01
-6.904783954706430471e-01
-6.162250365689964093e-01
-6.998392674169375827e-01
-3.620399545243759287e-01
4.872499680556481305e-01
1.303191512612390301e+00
1.886074711608305643e+00
2.134335021030769663e+00
1.851863908833159877e+00
8.836851150219008355e-01
-3.249989198030982518e-01
-9.402285508344876419e-01
-8.936999388137534250e-01
-1.015702930550278715e+00
-1.603224037171374183e+00
-1.860724717142260065e+00
-1.488786913427434744e+00
-9.183287851113609568e-01
-4.873040078705994649e-01
-5.035861347182181147e-01
-6.960630078995325709e-01
-3.305241282102300837e-01
3.575442750222749266e-01
5.566837794568254560e-01
1.931144082616683411e-01
-8.813505403557653217e-02
2.130494617839472915e-01
5.463430692166995062e-01
8.073792627853809689e-02
-9.014497432443807634e-01
-1.416026414997758165e+00
-9.940719432465330296e-01
-9.873631318890005448e-02
3.695565158872972655e-01
2.045998495581990984e-01
-1.228889088250684491e-01
-5.855285827222143080e-01
-1.213337973470822062e+00
-1.676652156943331473e+00
-1.727072432635001320e+00
-1.371816822099068078e+00
-9.059288088269324968e-01
-6.129775482232526773e-01
-5.981416093144382717e-01
-7.630028352254151214e-01
-7.375780180524256213e-01
-5.216286284048212707e-01
-5.786980537684138781e-01
-6.951748361084196803e-01
-1.667714323330993509e-01
7.096329507039845774e-01
1.017609000765179461e+00
8.977081693603293777e-01
7.991494767897954210e-01
5.823685906991409311e-01
4.534627033892191239e-01
5.488916885435443094e-01
5.506701267791114240e-01
6.182534193550464074e-01
8.643993171978784362e-01
7.970974867966623689e-01
3.559285627292643195e-01
-2.464884731852602998e-02
-6.360733362125292611e-02
1.520050073883555675e-01
2.703690167319366400e-01
2.597896756947326580e-01
3.387291562568194858e-01
4.271810213333722683e-01
2.981909650893888597e-01
-3.708535990070794403e-02
-4.788516770610363182e-01
-8.622326281603807097e-01
-7.018545168492789088e-01
3.291689022586914010e-02
3.546517622848207596e-01
3.542334089772115197e-02
1.123291490661450370e-01
7.549470795917991861e-01
9.393709160101665345e-01
2.741099020679948484e-01
-3.206610094966918512e-01
-1.856256264951436363e-01
9.266396659494234578e-02
-1.174756069345122667e+00
-1.797450852704508995e+00
-1.724773656240276676e+00
-1.060463538861289523e+00
8.651289504163532651e-02
1.616405702848727532e+00
2.788905954059217596e+00
2.788905954059217596e+00
2.788905954059217596e+00
2.422519018339066132e+00
1.289402897796467995e+00
1.394676589971501415e-02
-1.285372784437854188e+00
-1.807004615426792249e+00
-1.144847097486785259e+00
-3.858722251153255400e-01
-5.916743933673650480e-01
-1.418192259013487222e+00
-1.941621969958134297e+00
-1.881324463080420006e+00
-1.483564352741301828e+00
-7.045923764745152251e-01
5.267696299164633666e-01
1.371367846255461931e+00
1.125189787685970666e+00
6.197770628747808486e-01
4.103137206472093901e-01
-1.913354429893086850e-01
-8.866753912044422758e-01
-6.509547532182580198e-01
2.311773796121684432e-01
8.183156895174338308e-01
5.731317913383808804e-01
-2.262095373905803064e-01
-6.567052085753427582e-01
-2.902438459105045609e-01
4.290542296017781781e-02
-2.985709821288698440e-01
-6.514880587952643909e-01
-1.793518392698454644e-01
8.802118435091951243e-01
1.472106762538861746e+00
1.220714234792341646e+00
8.900468666909366888e-01
1.029174478751742949e+00
1.136318543858738428e+00
6.366435840623954068e-01
-2.277495387647942293e-01
-6.935865017754589967e-01
-6.906083733746130049e-01
-7.162888711035294564e-01
-7.743931658902715176e-01
-6.662450793267962190e-01
-2.060445616865423657e-01
4.747791498401967569e-01
8.746933989193109715e-01
8.605852372413902440e-01
6.833066828882103927e-01
3.791614113676798903e-01
-1.269151637205156169e-01
-6.030152080688049310e-01
-7.663369505509721735e-01
-6.154653272145580445e-01
-5.168479803517820326e-01
-7.580674996288933043e-01
-1.122891812903929587e+00
-1.336584837151911342e+00
-1.333579349762153310e+00
-9.837822075708066993e-01
-2.271353309233224427e-01
5.491913468969968903e-01
9.318362594178417613e-01
6.479454512449663861e-01
-3.342764377860250047e-01
-1.106019367781361895e+00
-1.021622487467587437e+00
-7.664912724905651453e-01
-7.700081786879895418e-01
-8.324204008561975066e-01
-1.027421702226773759e+00
-1.301523678637737325e+00
-1.536645890450980101e+00
-1.835164331699021378e+00
-1.985356772121779967e+00
-1.727363259887743085e+00
-1.205884086357196905e+00
-6.386921794664790486e-01
-3.529970116881785414e-01
-7.585404995937582440e-01
-1.351702805532779994e+00
-9.675245027899372907e-01
1.371107345207878969e-01
7.386989032572891523e-01
7.351193412571932484e-01
6.386500655153166672e-01
4.735151323930144041e-01
1.920213082699251395e-01
-6.154844158368933012e-03
-1.052930182003111864e-01
-9.140526528758778635e-02
1.596770397104958217e-01
4.053494363768856967e-01
2.194358822424596622e-01
-1.505649757886672914e-02
2.646544217267723376e-01
6.506937521169066097e-01
7.253675304608722119e-01
5.042834054917323394e-01
2.694819627843590970e-01
3.908496440488921642e-01
8.203222065843418509e-01
1.409763549042716280e+00
1.885273599781029485e+00
1.861640373522924552e+00
1.558999327386157763e+00
1.414273463484915450e+00
1.472628624072234160e+00
1.472628120055284873e+00
9.759352328969286283e-01
1.621408134511548860e-01
-2.195138268584250762e-01
-1.047462559029566226e-01
3.322176180182767058e-01
8.624548713372187647e-01
6.995396869022459940e-01
-2.461685962929232585e-01
-1.092229170747016198e+00
-1.181531221790772967e+00
-5.406731591723413777e-01
-2.674970612952053822e-02
-2.689231723672485530e-01
-8.434816260402340227e-01
-9.428089820295616486e-01
-1.965570693848442962e-01
7.774066526404408428e-01
1.110147648951661292e+00
4.460545915279623963e-01
-7.396911021029165534e-01
-1.253429371154761940e+00
-6.932646304366513190e-01
1.081454996217451753e-01
6.112030504645995510e-01
8.450173928540949397e-01
9.586825655050632555e-01
1.342972826953424681e+00
1.929378325524237381e+00
1.999401670284398191e+00
1.240037289274076304e+00
3.739965292290807763e-01
2.725712422996001694e-01
7.761720803815975733e-01
1.136018410482550589e+00
1.049151904453948125e+00
6.951856718391261625e-01
1.886046194712731605e-01
-9.768331906326968572e-02
4.200100484286060087e-01
1.127670340205971344e+00
9.838490756058579922e-01
2.654340998826273390e-01
-4.144897531673328861e-01
-1.032589806914633535e+00
-1.537273434270753691e+00
-1.401682425848903124e+00
-6.777688436611306599e-01
-7.537855474260998778e-02
2.767882118497771438e-01
-9.240852947628001163e-03
-1.323732644722687812e+00
-2.452939551090989045e+00
-2.147053310518479474e+00
-1.187189718875831801e+00
-6.967335938591288080e-01
-4.344052762527939038e-01
-2.396353962008678784e-01
-4.022921264522241191e-01
-3.985249699714095151e-01
1.097151996706699911e-01
6.636070761987408195e-01
1.022737896868874952e+00
1.000198218073307332e+00
3.597050006897598573e-01
-2.744295619185395663e-01
-3.339532038469964492e-01
-2.572078645898602245e-01
-1.782663826441457100e-01
5.442196106024498048e-02
1.044428955376679735e-01
-1.919838204317355634e-01
-4.348866620998465549e-01
-3.843771622081681993e-01
-4.425598441998585542e-01
-6.809747789611966251e-01
-5.375919143461581617e-01
6.784267695071503901e-02
7.140324602715171221e-01
1.205445481570452726e+00
1.470978813327187940e+00
1.234455260997725290e+00
5.753831678808156713e-01
