-5.371453826231362694e-01
-4.726213312217155682e-01
-3.942507996344352811e-02
-6.584457456227458746e-03
-3.024448001918612627e-01
-5.337122003927953218e-01
-7.237236438682493889e-01
-6.739976712188193719e-01
-4.188290598411841259e-01
-2.722524522964125948e-01
-3.207243701116736512e-01
-7.025037341132686075e-01
-1.275304486597212961e+00
-1.294757192407100188e+00
-5.994940429376081070e-01
-2.286770158700983657e-01
-6.560806129530069031e-01
-1.209749203463284850e+00
-1.191296664135318428e+00
-4.881919857811062302e-01
4.079683319219069570e-01
8.200105298684039479e-01
5.751963169386472563e-01
-2.064102681168170431e-02
-5.890563300276506764e-01
-7.655217710089892158e-01
-3.713656331509786468e-01
3.494972957388999268e-01
7.376506962736816275e-01
-1.467234659539880595e-02
-1.632943372823412620e+00
-2.454070795273409988e+00
-1.759312228464908978e+00
-8.856138340117390984e-01
-1.056206052810120477e+00
-1.567107027212953252e+00
-1.357481481073770091e+00
-8.598368819547527186e-01
-9.739394173407351918e-01
-1.476953367992690502e+00
-1.374073425147450234e+00
-3.154259512625754991e-01
1.088489964316005087e+00
2.038621259733243818e+00
2.072633334719339526e+00
1.329901336195357553e+00
5.726151708968806320e-01
5.503022496213780812e-01
1.006236215411684398e+00
1.132560216341371495e+00
8.805868550496624980e-01
4.856385679222302576e-01
-1.589370513363323190e-01
-8.248402750091111679e-01
-1.314285427201886236e+00
-1.882139009741702118e+00
-2.245561184371168473e+00
-1.870618144662180793e+00
-9.011260171539139385e-01
4.309506234464665492e-02
7.337965163577988559e-01
1.638884475533231688e+00
2.542815502649648618e+00
2.410809557215450649e+00
1.204461801404719479e+00
1.457950179309074334e-01
1.263265641483885815e-01
8.272623177495694868e-01
1.418556741053139891e+00
1.381356854538960954e+00
9.204596841175149979e-01
4.122726396475451249e-01
-1.096984712665853984e-01
-5.980155664253410386e-01
-9.619290808812639426e-01
-1.169979117472010666e+00
-1.265767104210914651e+00
-1.148198311419548201e+00
-6.853484957542894662e-01
-1.743633615095242506e-01
4.695915256862640691e-02
2.926833952343462983e-02
-2.453861953845634103e-01
-7.092885064147446128e-01
-8.610575596247566077e-01
-7.477884383156931936e-01
-9.065745741108752753e-01
-1.080599963990951373e+00
-7.030220594463471029e-01
-5.278607045731143615e-02
2.674512376998540164e-01
2.831695798243098472e-01
2.164217110374654918e-01
1.124164797083150036e-01
1.837774309788005322e-01
3.048572572668078462e-01
-3.456775827038582188e-02
-6.016138816408165280e-01
-7.040944299212579249e-01
-4.028992077264228477e-01
-1.855713866985043703e-01
-1.717159936775859985e-01
-8.851950082447618273e-02
3.110156783780999024e-01
7.019786564270201756e-01
4.828739164068145961e-01
-4.338755913395256902e-01
-1.187430865234468058e+00
-8.054396696295175184e-01
2.911049938310171226e-01
1.050686644111483270e+00
1.404297959122293049e+00
1.642628365556104697e+00
1.702006871425793433e+00
1.258388389064880375e+00
2.727146448872705409e-01
-6.450174024860487743e-01
-8.555844158541094924e-01
-3.697273064301205281e-01
3.479929987066081032e-01
1.026941681579235821e+00
1.509588196962604600e+00
1.611760301255107830e+00
1.193989895785440014e+00
7.418367644115169135e-01
8.524118708243465514e-01
9.170174651574687363e-01
3.265746239539198958e-01
-4.372316151160012820e-01
-8.469364691679422963e-01
-9.836219413134636991e-01
-1.236260910404076041e+00
-1.694021543430164645e+00
-1.803506227952377028e+00
-1.143313202071120749e+00
-1.277571601218721598e-01
5.631915739017636646e-01
5.628561823992351831e-01
-3.256018974245501463e-01
-1.436606133083219383e+00
-1.351679259329988669e+00
-2.074473368929710404e-01
5.473868703210349462e-01
6.423592101991457692e-01
5.881109467605870611e-01
5.383191649905400000e-01
7.075492849285385244e-01
1.202603594959910538e+00
1.672182766554902056e+00
1.632976272487968394e+00
9.858455468913720487e-01
2.633804845977741893e-01
7.284686680923903486e-03
1.171723742258222595e-01
1.447687182022899255e-01
-3.592238023431910954e-02
-2.291487111513592148e-02
2.946391277531585917e-01
5.452772390780172840e-01
4.386789769340715961e-01
1.981385103084444266e-01
3.895207050846519192e-01
7.790685522332183588e-01
5.233849245973595243e-01
-3.864999582199664108e-01
-1.244359335330110783e+00
-1.668353695558655980e+00
-1.657645671870852988e+00
-1.235565930088367237e+00
-6.657996713636449293e-01
-5.267334114357518082e-01
-1.009571855955750053e+00
-1.340599813122754114e+00
-5.330924393620991575e-01
1.030888928005138316e+00
2.085570739749254443e+00
2.294126810938641015e+00
2.193475886913216044e+00
1.794435991235276751e+00
9.342545011300763536e-01
4.994241553390389998e-01
8.223510788559185158e-01
7.646789802621283272e-01
6.944752969408331256e-02
-4.138944895920799727e-01
-4.219844832488451325e-01
-5.020870494578064808e-02
5.151207539136990476e-01
8.931346657392114086e-01
1.070762027537889294e+00
1.291119046671206361e+00
1.489530468340743097e+00
1.439938470046891350e+00
1.188139750511802317e+00
8.669925972471453912e-01
4.109500481061791888e-01
-3.323746671980959411e-01
-1.015841350937449983e+00
-9.280241862462625946e-01
-3.344959879884557563e-01
4.753997742858481756e-01
3.908901466293215887e-01
-2.483408742982999573e-02
-6.384964236949112193e-01
-1.059655030471056358e+00
-5.360088282238169022e-01
6.063658056060622359e-01
1.129598117314992489e+00
7.777718946547206302e-01
2.887259744169921594e-01
-1.197806773423136378e-01
-6.562113946062618774e-01
-7.518690585452371122e-01
2.734538404530635902e-01
1.853117170656294332e+00
2.628201866588630864e+00
2.012827375610708014e+00
8.312797004594543182e-01
1.678352705591482641e-01
1.994320472077552309e-01
2.082562654078339293e-01
-1.776018171894561473e-02
6.487338568623271517e-02
2.916995866999382292e-01
2.754925119195264505e-02
-5.585654340289197828e-01
-7.075825731487799253e-01
-2.475631112308138149e-01
1.072849802497810173e-01
-7.363867666370668696e-02
-3.309573850475978629e-01
-2.215694566014165812e-01
8.074444590977529479e-02
2.825827069105155687e-01
4.742483419966437297e-01
7.111470047088761515e-01
7.216332293975120660e-01
3.878567120776641453e-01
1.172665429683824451e-02
-7.358147814817177224e-02
9.782474066760256382e-02
1.917940772938876437e-01
1.431575662027565754e-01
5.047853168020974834e-01
1.524005454914265201e+00
2.389290787168880215e+00
2.224561978468172718e+00
1.210836807361699519e+00
2.273740321947350096e-01
-1.502572093344176907e-01
-4.993587795489200232e-02
1.777035215185749362e-01
3.370144305107614646e-01
3.744484065233208425e-01
2.002289870837458963e-01
-4.015926872504924083e-01
-1.339945594744060164e+00
-2.098384549573095725e+00
-2.049171177902882501e+00
-1.293518281252651114e+00
-9.602461497103383925e-01
-1.690574503729971312e+00
-2.492500202816370081e+00
-2.239755965295816775e+00
-1.358775661587614092e+00
-9.074453276384816247e-01
-7.314991547418533413e-01
-2.623691422867089895e-01
6.297614201365370201e-02
-4.638003717523403457e-02
-2.230538276909528606e-01
-5.947045728024462352e-02
5.110894144222644098e-01
1.013552377860708731e+00
9.821998913148539678e-01
4.619031203165127053e-01
4.542098017790974912e-02
2.373956980979600451e-01
6.588815520664850212e-01
8.630770629208308620e-01
9.383136508246574525e-01
8.953976891366253188e-01
8.974462595952847899e-01
1.088453734190428568e+00
9.552328980185579299e-01
4.464178788661276043e-01
4.683917368511537060e-01
1.326592496442552394e+00
2.009555432819673637e+00
1.755168662465252938e+00
1.061663798295135575e+00
4.598850190281300043e-01
-8.229511244078256682e-02
-3.358935414929924423e-01
-1.572502900617158417e-01
-1.605093505529963382e-01
-5.190022493128110259e-01
-3.437590964805913307e-01
4.966475506755586022e-01
1.006979948268992953e+00
8.353553267162758811e-01
4.351948996767022737e-01
3.892936046268820061e-01
9.484810547436638428e-01
1.583650295369766869e+00
1.476507649223022911e+00
6.740509234325009480e-01
-2.900960381748295819e-02
-4.620985312164238579e-01
-8.018582787539852985e-01
-5.378546262711144665e-01
2.577038360235328063e-01
6.596230037356960452e-01
5.972618892373148247e-01
3.559556372421907589e-01
3.910419574528473802e-02
4.039321514978887195e-02
1.437435736663608132e-01
-2.279399381903572663e-01
-4.987928320009748506e-01
-1.907482872796196771e-01
4.646462225763371701e-02
3.010447507922105279e-03
-1.075363159405958238e-02
-1.189928294808081932e-01
-5.935581825656897070e-01
-1.198349002378689354e+00
-1.328148223377159542e+00
-7.140653339562528235e-01
1.760279129858728364e-01
4.061851212783363918e-01
-2.961199659202947143e-01
-9.148110981479624648e-01
-3.951032659590651974e-01
9.890763632148712459e-01
2.298284456561419109e+00
2.719846482408990074e+00
2.004319235856009129e+00
6.026641622528028375e-01
-3.784514279273987758e-01
-8.274120288414316127e-01
-1.439188494454010536e+00
-2.018777498629376055e+00
-2.037488368845916220e+00
-1.569373573023208124e+00
-8.671223391970580563e-01
-6.270500484341172687e-01
-1.060848011822984605e+00
-1.146220266087576212e+00
-5.459612444617041316e-01
-1.290987131849369134e-02
9.303532682840441603e-02
-1.748822608129572131e-01
-5.260471889175561966e-01
-4.417170402172103105e-01
8.895388761979247660e-02
7.663964733433212828e-01
1.410296551843639667e+00
1.712180851875001464e+00
1.693932314289456675e+00
1.665835964025634386e+00
1.410027485705510619e+00
5.949916338316085795e-01
-5.607816149875912703e-01
-1.520318614156940473e+00
-2.049142367834657197e+00
-2.110699649122896648e+00
-1.588516772881591876e+00
-7.410269152201135467e-01
-3.212040520107581898e-01
-6.488339191376463200e-01
-9.174627854729754395e-01
-3.134386552415568405e-01
7.331495916285183378e-01
1.330609985351212110e+00
1.335972854642127894e+00
1.057025309519012524e+00
4.900725795937186935e-01
-2.332539842287903731e-01
-7.219113410349589088e-01
-8.976078539842260451e-01
-1.080734640007529057e+00
-1.266787963417717489e+00
-8.448960252507691226e-01
1.201138348047498666e-01
6.651158013645624978e-01
3.825115365722603356e-01
-4.692178055519544144e-01
-1.637694453126098848e+00
-2.386039748624059431e+00
-1.802359587993701995e+00
-4.992200984011767040e-01
-5.709968720736924297e-02
-7.464618847230979348e-01
-1.413686573536535152e+00
-1.441276360408558110e+00
-1.183832540965397362e+00
-8.082467896614989877e-01
-3.050386043280258197e-01
4.751328552113524145e-02
5.443504551120026402e-01
4.261738596059363449e-01
4.859165406396392384e-01
1.036105183955053910e+00
1.454170673147963555e+00
1.343999854752501166e+00
8.410902766136577613e-01
2.247104382478470608e-01
-3.509495028121984994e-01
-6.149078383664999814e-01
-4.476507166007653860e-01
-2.176192806711614580e-01
-8.940024877793781299e-02
-1.285763899611965522e-01
-4.741943009089594208e-01
-6.549610388607440825e-01
-2.774289254617726685e-01
7.205036016820441647e-02
-1.648904456196377821e-01
-5.801603126001104727e-01
-3.817210373624851938e-01
3.794734642944878056e-01
8.557076971084101036e-01
5.612519498742037927e-01
-2.661680412786364136e-01
-8.236279182034673685e-01
-5.853672862089898121e-01
-2.437967670053357849e-01
-4.304651177005658358e-01
-6.354089380135733434e-01
-5.950350021081951546e-01
-8.249836892520959752e-01
-1.266594796173903692e+00
-1.326463458282484131e+00
-9.465737516541506968e-01
-3.483413264784959162e-01
1.689884548996231084e-01
8.735642086744911661e-02
-3.613756265933769085e-01
-3.810019754745299081e-01
-2.140816012233292751e-02
8.110766906603640580e-02
-3.397972571461073676e-01
-1.069565492175294175e+00
-1.610881651829906724e+00
-1.419945849591076614e+00
-4.952982807343020988e-01
2.630407470571333173e-01
1.777845230504961904e-01
-2.725389176500109256e-01
-5.739214958400560285e-01
-8.684141371114864061e-01
-1.008518982610034476e+00
-4.697439990558126000e-01
4.600315068962515519e-01
7.082316160499266822e-01
2.272136722129381170e-01
2.583786176266523668e-02
4.060663422261310274e-01
8.390220358659296052e-01
1.040775891045673029e+00
1.099205627509445948e+00
9.522523380798709747e-01
5.892665496009273918e-01
2.581067682736757907e-01
2.947853835329777850e-01
6.270535501796491440e-01
6.120860713215182658e-01
5.330662514645368999e-01
1.210015914705770301e+00
1.941239471300845842e+00
1.944222690598186531e+00
1.707258723113861176e+00
1.570387100279251769e+00
1.525959452139810324e+00
1.525957493639479523e+00
1.534875485387714678e+00
1.704244849423451669e+00
1.717085066230226387e+00
1.163872760132226958e+00
5.320727136896344911e-01
5.189207934333798233e-01
9.219313173455575550e-01
1.214230915341576678e+00
1.193943114965247521e+00
7.078248806230627022e-01
-1.292245870348016912e-01
-7.138108820709209157e-01
-5.837195962047017073e-01
-7.290107772673103115e-02
1.183391429310171744e-01
-3.673666918794472602e-01
-1.291328685303216872e+00
-1.941026845197362904e+00
-1.921961964837912484e+00
-1.573532939451361523e+00
-1.279488924646258408e+00
-9.289779783295335491e-01
-3.926460273314837102e-02
1.287655284464733763e+00
2.055221118653110857e+00
1.762443839621995245e+00
8.708043720158157308e-01
1.898274083208929819e-01
1.926492995669111530e-02
-7.880673527098617723e-03
-7.575617272040449657e-02
-1.984024292487394370e-01
-3.602357958446081865e-01
-4.417417437757114596e-01
-5.150652021235546663e-01
-7.726527862356084020e-01
-9.318289452669215045e-01
-6.463893214144592614e-01
-1.680023216701487798e-01
1.883107475272443598e-01
4.814306105763836441e-01
9.682553482868573314e-01
1.679154401679815445e+00
2.228571421052082613e+00
2.064374353398886086e+00
9.717920255685894571e-01
-3.177761368030793121e-01
-9.450299708170184498e-01
-1.054042145653022899e+00
-1.214897637598346902e+00
-1.308783502056547254e+00
-8.442575136127354885e-01
7.842305467796269192e-02
8.654159229993189095e-01
1.059864209165932936e+00
8.158779388169042912e-01
4.589944973773502079e-01
-8.772225459255870994e-02
-5.698615316875470516e-01
-4.969277599401981660e-01
1.332047466212854525e-01
8.888391296104042327e-01
1.074567881030179528e+00
4.815557441114598491e-01
-1.719168482895419015e-01
-3.823446009898985865e-01
-3.122715934761112200e-01
1.238318702774581920e-01
9.971428533829683749e-01
1.507942662016691138e+00
9.705623345288113546e-01
-1.504323829210123531e-01
-9.671590127555461658e-01
-1.150146970048375739e+00
-1.179959356029450124e+00
-1.375543893536161466e+00
-1.554988663167235829e+00
-1.602964055204688654e+00
-1.494353453667958131e+00
-1.162750038427748045e+00
-7.766067455732619251e-01
-6.678195211261150899e-01
-8.411007816407839455e-01
-1.073189378390188464e+00
-1.201296886161031807e+00
-9.445159580131555765e-01
-2.317917033648860536e-01
5.722068452326365406e-01
1.375105268256904711e+00
2.137304442749595967e+00
2.642332704408464572e+00
2.720550522432235052e+00
2.386768070239882800e+00
1.567336371354860702e+00
7.166442971063581302e-01
1.673337756839211876e-01
5.951546564762046770e-02
8.751763387859400056e-02
-2.265728321318242477e-01
-8.488812845055387912e-01
-1.475198721482416486e+00
-1.908626338821311608e+00
-2.130482898674865400e+00
-2.215956304176887048e+00
-2.056284930194126392e+00
-1.660418827998689117e+00
-1.285774104394028505e+00
-6.960454629063762555e-01
6.450553600739775129e-02
1.282703691031055193e-01
-4.249134088410422283e-01
-5.586256979542214562e-01
-2.445917413431460130e-01
-2.288348436422829035e-01
-4.805433371116006880e-01
-5.388171944594801754e-01
-4.386604456364666671e-01
-4.451684815886248203e-01
-5.273897011273737112e-01
-5.123755675678838273e-01
-2.897473860374109034e-01
7.825436243593367203e-02
2.623540348440226433e-01
1.846276047957234323e-01
1.004722202680727650e+00
1.434807817640025407e+00
1.577003580943372674e+00
2.032328989743285241e+00
2.584352892698238424e+00
2.288784381445140514e+00
1.206200652773290694e+00
5.464225862262844791e-01
6.274854550690938115e-01
4.986339471148134583e-01
-4.106590812031873372e-01
-1.602540310835399273e+00
-2.134913736683305974e+00
-1.617797053054281564e+00
-4.685931456469504264e-01
6.398968964361613221e-01
1.141858990657317330e+00
1.074017135022248048e+00
9.199502607002169041e-01
7.879735152047920854e-01
7.010047289301798434e-01
6.862564739160837979e-01
6.594353501004943663e-01
5.237017975492433974e-01
-3.061379638482399079e-02
-7.335926087767875581e-01
-9.527634424646520550e-01
-8.270419192702462841e-01
-8.944412428619190614e-01
-1.275403630702102387e+00
-1.463922315223139758e+00
-1.200307306542702346e+00
-7.456894946145823377e-01
-2.234052232991359521e-01
1.985441497911663855e-01
3.082647971939111442e-01
3.315376144557400512e-02
-4.550986240091269286e-01
-7.354772675378278279e-01
-6.466967974421105048e-01
-3.064183022812139723e-01
1.910740833031218944e-01
5.990298152541025933e-01
5.241852321777644708e-01
-5.376958828974990473e-02
-5.539120828720158762e-01
-5.252772486404171381e-01
-2.952232598204787561e-01
-4.497469596407944192e-01
-1.146569848168307537e+00
-1.608914933903363931e+00
-1.090959927790041251e+00
-8.403075044878366429e-02
4.225843789465302813e-01
3.138163777080366784e-02
-6.415306753640243054e-01
-6.142565581071136593e-01
1.068173891982148738e-01
5.843852840708183560e-01
3.071790457903558202e-01
-4.904209359065928031e-01
-1.198613751610093203e+00
-1.429780033896219660e+00
-1.262809057996361783e+00
-7.962431789853324782e-01
-3.143028625672789622e-01
4.363802949610410403e-02
6.946684998344032635e-01
1.420878010582581563e+00
1.369145414361419233e+00
4.197722204513105182e-01
-7.524998752993690143e-01
-1.304185926867288847e+00
-9.526848793332016729e-01
-2.290860494152415217e-01
2.852723636016125663e-01
6.024111407781755911e-01
6.207270385834157134e-01
2.285138505477967430e-01
1.312372350073888194e-01
6.527792778211389813e-01
1.008850019793187336e+00
7.931752189568362921e-01
6.071672837647648091e-01
8.829199743047601023e-01
1.100638017109625499e+00
4.487803291346609824e-01
-8.441667840268733958e-01
-1.488728955857866465e+00
-7.906360254046773672e-01
6.101898207770881655e-01
1.645965313440986177e+00
1.684388011002883712e+00
9.078253114686316572e-01
8.760260086411815472e-02
-2.666194575227607833e-01
1.657290140021143443e-01
1.120668840546547695e+00
1.586560056672212449e+00
1.175243537600140664e+00
3.300974907089479493e-01
-3.239349579012938407e-01
-7.644669414977091071e-01
-1.377118781248799051e+00
-1.703399627534381455e+00
-1.163079626657500976e+00
-3.345874618917443755e-01
1.395606049361917678e-01
4.892597420298813726e-01
1.026872132987427522e+00
1.349692274344914233e+00
9.554015889874597489e-01
2.227349118466975253e-01
2.920782722589909328e-02
3.345583194032821783e-01
3.876108669562345344e-01
1.504589046293883792e-01
6.660718597986772446e-03
-1.499452609495265099e-01
-3.544110379443790593e-01
-1.698107978603496937e-01
4.092298023426452214e-01
5.756205028577522365e-01
-2.214228680285646594e-02
-7.000710043510841585e-01
-8.790893648958504336e-01
-6.346421763875217392e-01
-1.356068590627058923e-01
3.586116629589032878e-01
6.290808416664369629e-01
9.354868463530310319e-01
1.244000038956184495e+00
1.057241122828252333e+00
4.791740786194502166e-01
-6.841317768836420454e-02
-4.416704193112088728e-01
-1.999028509738279835e-01
6.685365519380985777e-01
1.217664316944157221e+00
9.935946726212273594e-01
5.191824075028024232e-01
1.964833063805061231e-01
-1.864935665950085975e-01
-5.775265260958478697e-01
-6.014288965143063104e-01
-5.321032160786659526e-01
-8.380794669403327513e-01
-1.222425918445251725e+00
-1.092688814729341429e+00
-5.655173170292754348e-01
-1.320552492392643995e-01
-8.343322194598405683e-02
-6.637606249919260071e-01
-1.685260653161497979e+00
-2.441428205325399503e+00
-2.473029353736686975e+00
-1.954148650334991189e+00
-1.285553390223596271e+00
-7.988451945349186456e-01
-4.772211103236341789e-01
-4.394727627698233330e-01
-1.129667756301744097e+00
-1.968002254764534831e+00
-1.889470949651888887e+00
-1.055025968205377751e+00
-3.085932760009456599e-01
5.828401018899973668e-02
2.926896967400375305e-01
7.686137666234919008e-01
1.346265241843447091e+00
1.567616755054621169e+00
1.786759695317968299e+00
2.117983929495670381e+00
1.738443938831770952e+00
6.196927032702331806e-01
-2.748127310015033853e-01
-3.863839339680725793e-01
3.652950296963110993e-02
2.790947346171986920e-01
-1.877633301811992284e-01
-1.207465483194125833e+00
-1.884825317728457295e+00
-1.865784286605325137e+00
-1.773630572496919688e+00
-1.537513855037971888e+00
-7.967131204827572200e-01
-2.017267140126037250e-01
-2.315346460256726135e-01
-3.422584314944744910e-01
-2.278359624631269287e-01
-1.430236756721450508e-01
4.508057202100285155e-02
7.567024601106615567e-01
1.856227013760031408e+00
2.372058464960581148e+00
1.881073680855827046e+00
1.201355533314984791e+00
9.638593366955803265e-01
1.039549375985329371e+00
8.250563362533372969e-01
-9.907196839537024680e-01
-6.198157877895752454e-01
5.355759134596013160e-01
1.049886400578806223e+00
8.235141416626254873e-01
7.849236205351426410e-01
1.209434660680274165e+00
1.581519480135539446e+00
1.759124423504998980e+00
1.972098166235198402e+00
1.884548201214656826e+00
9.933285923888095503e-01
-3.507487722273214814e-01
-1.196588745768100370e+00
-1.011349597397276812e+00
-4.557325494715567249e-01
-6.348169678012818284e-01
-1.291551288313939061e+00
-1.308538130475921379e+00
-7.498235624131213140e-01
-5.484727567891283240e-01
-9.805701318080758400e-01
-1.626927399562744236e+00
-1.840155400643457284e+00
-1.279406673019517493e+00
-2.902354531418955275e-01
4.201993256905208196e-01
2.702727813221412756e-01
-2.941144010280681287e-01
-2.079016746630638623e-01
2.708018754501117509e-01
7.490162079116841412e-03
-6.774128803150561984e-01
-6.560308028105902300e-01
-3.042909052932387115e-01
-4.165885299123670005e-01
-7.865228018094134743e-01
-1.032056699728937543e+00
-9.855121494656781111e-01
-5.048047594294825524e-01
1.069021803407222693e-01
5.096993362527767191e-02
-5.831072325884882890e-01
-9.120800654507715821e-01
-6.223476337816388204e-01
6.833071102793594753e-02
5.689229429071424038e-01
6.312872293036508875e-01
5.783669511243550998e-01
4.661051219035719506e-01
6.091462937355790475e-01
1.324384954382832547e+00
1.988617400054087270e+00
2.003605757354400829e+00
1.679621410854761132e+00
1.378854583633580377e+00
9.003086383263939618e-01
2.784081051283495700e-01
-2.106910528620072887e-01
-4.917177569049978603e-01
-4.702823160392606838e-01
-1.785556149486361155e-01
1.117544209223612639e-01
2.809722119460135725e-01
4.985866380395811426e-01
7.169533044713882752e-01
4.147270383131464455e-01
-2.842324433162285446e-01
-2.228166561254686928e-01
8.762936394105272919e-01
1.760631167181638812e+00
1.531088939678110661e+00
7.841798038881667710e-01
5.412702041670028885e-01
1.015258629382418176e+00
1.371060456071889089e+00
7.539089421786890899e-01
-5.534529213208171372e-01
-1.286377763830662824e+00
-9.189942707716560744e-01
-3.702322747397730485e-01
-3.289531236195803454e-01
-5.385179463716952553e-01
-8.516526718188681677e-01
-1.273564488156879726e+00
-1.372314279140420368e+00
-1.074979331948555439e+00
-8.496600066518664729e-01
-7.044851891840876457e-01
-4.889923920975943195e-01
-4.952563319584155632e-01
-1.193382719419974425e+00
-2.439397693537769474e+00
-2.736627915796348454e+00
-2.353279454482203104e+00
-4.672490039723891098e-01
1.091833300104606996e+00
1.699862797409382287e+00
1.782857990825350791e+00
1.560583842111270547e+00
1.029820243290555437e+00
4.987890199186920670e-01
3.462495863178241540e-01
5.375930849069049389e-01
7.449901469742939986e-01
8.734567407424429497e-01
8.573624029727733298e-01
4.604242205412027444e-01
1.482758048442056331e-01
3.299941302590338466e-01
2.204245400007374400e-01
-4.803039930066327345e-01
-8.625124405044684028e-01
-4.062574733901016533e-01
4.005003352006174522e-01
1.064150301298239842e+00
1.543064879971748349e+00
1.537694549690847179e+00
4.412070736370722335e-01
-1.181445567707486877e+00
-1.643188217462911327e+00
-6.800832619727092965e-01
2.774162140754292682e-01
3.697253288997034426e-01
-1.637741842778443757e-01
-5.090745953330121365e-01
-7.595331253746196234e-03
7.484248090899050521e-01
9.628213942601904218e-01
7.716944209897013129e-01
3.389772897415245234e-01
-4.182063893287087941e-01
-1.235670310062241706e+00
-1.509745892135441636e+00
-1.008020807123502838e+00
-2.771884704418459688e-01
5.322494634672867431e-01
1.682173590851739453e+00
2.248938423817485877e+00
1.346946336733206628e+00
-4.351011110409458427e-02
-4.897232281665555576e-01
-1.393651799889878695e-01
-2.198167049470746079e-02
-5.197129939934873599e-01
-1.052392403520908459e+00
-9.295688642896946519e-01
-3.547925358296925014e-01
2.119386886207829668e-01
5.820839929592995787e-01
5.514395118178959665e-01
3.201001897708073973e-01
2.349948827880314339e-01
2.334120543490076916e-01
2.235729297073860145e-01
2.025947417270063389e-01
5.694184514979154510e-02
-1.003393548957510206e-01
-2.242561285054036069e-01
-4.943007554107612389e-01
-8.011073311320966450e-01
-1.114213298065053426e+00
-1.720857082448185693e+00
-2.382423896900829785e+00
-2.213943204969342826e+00
-1.188487387139848250e+00
-4.807602856079029596e-01
-2.628206267407549590e-01
2.143853183585765765e-01
6.435775622321977529e-01
5.837903345131686406e-01
5.397194732954156970e-01
7.429652556193950819e-01
9.023558080972813311e-01
9.651753810142702505e-01
7.039993563401976129e-01
-2.337624861999635650e-01
-1.319551067591744564e+00
-1.463099902271738140e+00
-7.768985317217250719e-01
-9.065469960095952351e-02
4.634024922723692930e-01
1.134073937788769415e+00
2.004242625665488386e+00
2.632479931353642666e+00
2.216277509748458829e+00
9.192530998447777657e-01
-1.272787623139382818e-01
-5.774845119422203910e-01
-7.882456150485318558e-01
-8.763014123164277747e-01
-8.331286803623400017e-01
-8.319241992577677269e-01
-9.584295660354195112e-01
-1.111026276995180639e+00
-9.683525359425730894e-01
-3.069947562070539648e-01
3.736116847845378230e-01
4.384279712910624238e-01
9.809113653715570424e-02
1.051638563574836538e-01
1.313713892117154558e-01
-2.470652983501002431e-01
-5.968751449154789945e-01
-5.938971441905763760e-01
-2.534855398737698717e-01
5.434079344680519119e-01
1.314108243981581881e+00
1.483187025257546754e+00
1.190355013394982064e+00
8.219753508581387758e-01
8.588829907759070181e-01
1.400909023746994997e+00
2.020030276315025741e+00
2.349682077876022124e+00
2.138519199005020965e+00
1.482904296535938915e+00
6.666398994842674952e-01
-1.539774054932358804e-01
-4.797062896494351802e-01
-2.180255674376686825e-02
6.517893190211928589e-01
1.047461594048317401e+00
8.402972452158390393e-01
-3.298963716128447965e-01
-1.842173080391948714e+00
-2.516458349169646613e+00
-2.102460111809223431e+00
-1.626503016780030286e+00
-1.736435159984906829e+00
-1.702463260324794003e+00
-9.453670359333965489e-01
-2.483028772376591475e-02
4.477326543153452021e-01
3.857754855991449849e-01
-2.123164241545706377e-01
-9.931302438617620743e-01
-1.107641089817847257e+00
-5.198601556559944159e-01
-2.974338848919256817e-01
-6.483354070310920481e-01
-7.577156034886365354e-01
-2.944808128841199246e-01
4.310143221284153947e-01
8.326703468190214119e-01
4.230214865103859578e-01
-5.379052388535680018e-01
-1.318326146332759574e+00
-1.580471121860022032e+00
-1.346230132320987094e+00
-6.148640677411462141e-01
4.860108418580691980e-01
1.150574233061435470e+00
7.927782832835756910e-01
1.497094439284099854e-01
-6.859359097711877074e-02
-5.808318693183938536e-02
-1.664568745617942269e-01
-3.735066933202339512e-01
-4.128938956918831171e-01
-3.005066327485489408e-01
-1.800776740050689662e-01
-3.430389171657130531e-02
1.058325729774902135e-01
2.264770148583672982e-01
6.423687497121288725e-01
1.488624888593191420e+00
1.892989885277472251e+00
1.177385085877875603e+00
5.873395648481102155e-02
-5.588724799508381080e-01
-5.043302688537327771e-01
-2.846451852319802911e-01
-1.972896059169750860e-01
1.714885766749360552e-01
5.329374709692387135e-01
2.204706796611524411e-01
-3.000436743976115928e-01
-3.225419787554283935e-01
8.229054471091454270e-02
4.967683193095272509e-01
7.028833199210092753e-01
7.844346549858958184e-01
5.820689923408625122e-01
-2.324383753102614580e-01
-1.180465937168421409e+00
-1.331700209498511311e+00
-7.092872086580845892e-01
-1.092750207993339329e-01
-9.389544817570472796e-03
-5.100347354720133897e-01
-1.311270507045729561e+00
-1.628820983675451917e+00
-1.151366889765029544e+00
-5.418644777677995572e-01
-2.875232777522857552e-01
-6.495761366230870526e-02
2.875315355789758720e-01
5.749444994188270819e-01
8.097448973263919880e-01
8.716975516395976120e-01
4.434237486839055498e-01
-2.362489472626133624e-01
-6.179985843404987023e-01
-4.647569770874026007e-01
1.944287478207093744e-01
8.337043255369218642e-01
9.121206393583338734e-01
6.861165263783319812e-01
2.415866953496993152e-01
-5.918002030027210703e-01
-1.240589236821359798e+00
-9.028076342099725649e-01
2.768791680168708469e-01
1.079807283139603502e+00
7.438632627051066093e-01
-1.422360434716403721e-01
-8.091521336996269076e-01
-1.068004162693325432e+00
-9.130626941086712467e-01
-4.298921994577731831e-01
-2.549512170515523812e-01
-9.013532878470109644e-01
-1.787579307751052227e+00
-1.916323240690192442e+00
-1.109432160378193144e+00
-9.111510814390287594e-02
4.439389224545325918e-01
4.455674011091766973e-01
4.120659527768429919e-01
5.485391423169116987e-01
3.779308282769586191e-01
-2.398596603952725115e-01
-6.761677434116016849e-01
-5.680448259811095024e-01
-3.636489242871548400e-01
-5.162638667240716517e-01
-8.400536156062400339e-01
-1.127573407078563461e+00
-1.239324404705251848e+00
-9.311592548017195714e-01
-3.594393249000429336e-01
1.080448264271735570e-02
8.270159256960629701e-02
-1.514416340886935892e-02
-1.375431570205231935e-01
-1.987091540093580133e-01
-5.486333981900638479e-01
-1.296841272695943070e+00
-1.757604851047924521e+00
-1.408482384028467704e+00
-5.364791427985560190e-01
5.043242118239671390e-01
1.575434920060289068e+00
2.364445714354835637e+00
2.450909827327922397e+00
1.630898317387884378e+00
5.765956734918117332e-01
2.945510926355070502e-01
4.227840018130693545e-01
1.534286467274211530e-01
-3.653583462046384733e-01
-8.813598009884210382e-01
-1.035827979073501881e+00
-5.821931585925029795e-01
-2.197890294294140290e-01
-3.544354654958805084e-01
-3.541714443114452604e-01
1.938732136316674848e-01
9.658689779379738827e-01
1.567922095445686947e+00
1.831758847433940574e+00
1.603024915113807847e+00
9.691709018787704188e-01
3.670641289893608050e-01
-8.630422280087547693e-02
-5.056520673927271670e-01
-5.408986132056196050e-01
2.637853648412519791e-01
1.299136069312162300e+00
1.625026493628245916e+00
1.602365338906240222e+00
1.924252657978641201e+00
2.389080870035487525e+00
2.544234491225816797e+00
2.266343593420574454e+00
1.601387237580454759e+00
8.845609844402705368e-01
5.382236538052372898e-01
5.190998579886041409e-01
4.154757363267428394e-01
-1.836516537019743101e-02
-6.591022635045138411e-01
-1.287724496192431456e+00
-1.696554426930291459e+00
-1.866148946560918231e+00
-1.707816661325031626e+00
-1.156336570148035481e+00
-6.831086069788149251e-01
-4.620818341490862680e-01
5.951495971607609903e-01
9.941503322651746855e-01
9.781058297891531694e-01
5.918194018844363802e-01
5.017081312698866702e-01
7.899641356457103303e-01
1.044504060711603399e+00
1.132787504659113598e+00
1.108974118550674737e+00
9.467760331982232325e-01
3.938118822904722593e-01
-6.489064558805500704e-01
-1.682741991989330277e+00
-1.976512765529710336e+00
-1.565398971800057826e+00
-1.104992838625243445e+00
-7.691073227341921337e-01
-5.829777358357505213e-01
-7.417729951141386335e-01
-1.165642634032455494e+00
-1.344213957830480588e+00
-7.087194850215242647e-01
2.480110163526262346e-01
5.241972655508959633e-01
9.364595300504775788e-02
-2.967675720681877682e-01
-3.204372586547182822e-01
-4.849586678928680672e-01
-8.303494642291543437e-01
-6.770084478367662806e-01
9.273496070365834509e-02
8.621027954365796386e-01
7.959936064807822120e-01
-1.141498772174175252e-01
-6.733780115226996044e-01
-2.750199643538756566e-01
3.390466591980183519e-01
7.053545011319088953e-01
1.212651614978324410e+00
1.946518281425245744e+00
2.323330727059785605e+00
2.061567791254967918e+00
1.628985788985864547e+00
1.264485471031158159e+00
5.632892792892475464e-01
-1.516839086089210586e-01
-2.369231747379612896e-01
-1.516130025081977584e-01
-2.736859422669273845e-01
-3.261272941446068940e-01
-2.705171366295196500e-01
-1.885262326433570224e-01
-4.678834303706251585e-02
7.770114288019827620e-02
8.793694704017077091e-02
7.509778721001587887e-02
3.065363713334216533e-01
5.844204653017788242e-01
4.552098226451767871e-01
2.212745846685682249e-01
5.483697472561263053e-01
1.217265999781484975e+00
1.518487309346591152e+00
1.298069490642292489e+00
6.515273457666630463e-01
-2.143474410917970141e-01
-5.136448628171044195e-01
1.745816435045063897e-01
1.029036249601451347e+00
1.249141253733931034e+00
8.730987924242031850e-01
4.775060242330027988e-02
-7.310611426339531649e-01
-5.676279423588392881e-01
4.232622270029139377e-01
9.369195574245816616e-01
3.820351283825537680e-01
-6.160735838255990693e-01
-1.378057371628244931e+00
-1.681431998283775542e+00
-1.733344856592260896e+00
-1.774284722468935760e+00
-1.594482365981012117e+00
-9.091959293757336802e-01
-4.538425436805644531e-02
5.201971349528171640e-01
6.726492786704871829e-01
4.172779443077976325e-01
-4.872546846845129398e-01
-1.951271265808893540e+00
-2.651224853999221587e+00
-1.449539436223256983e+00
7.955800655880524985e-01
2.326584142096612684e+00
2.563353746358900231e+00
2.186265771508290712e+00
1.747467531450026312e+00
1.082480800257187514e+00
2.002377627230130519e-01
-3.299023326271569578e-01
-1.830966725742780576e-01
4.547329498923755042e-01
1.090486990087842889e+00
1.209262797098160425e+00
7.947093964183835624e-01
4.366550176155234997e-01
6.544020387580503639e-01
1.226058864175668672e+00
1.496332007624166627e+00
1.291370038726192826e+00
9.897909731811197487e-01
7.355252628003279280e-01
5.568100608281025821e-01
6.508492880148579740e-01
6.152014119216933086e-01
-1.351419582462354101e-02
-4.936465398281235650e-01
-1.508431503730046919e-01
6.064280398524460880e-01
1.330270394375496323e+00
1.642944101113145816e+00
1.346864414345748440e+00
8.005730432656036344e-01
1.615134375261150501e-01
-6.664113904183015524e-01
-1.258077392952027918e+00
-1.175781906850607461e+00
-5.580493953529023221e-01
-5.641257140046103402e-02
-1.141745990916256809e-01
-1.441590457638971257e-01
3.514604226647656260e-01
1.110610466953825037e+00
1.789422027130542325e+00
2.077022460867076425e+00
2.023060898632200733e+00
1.762409586560907515e+00
1.034270892496333083e+00
-6.645532204610800353e-02
-1.161638268374035166e+00
-1.953858349913280668e+00
-2.062116658434147709e+00
-1.459094866420574510e+00
-8.759831631939107854e-01
-1.039505530694670554e+00
-1.560620104530641150e+00
-1.449333069207784375e+00
-5.708823503695009682e-01
1.623048196364640372e-01
1.355931233477485898e-01
-2.222194408192395554e-01
-3.599369660902561052e-01
-4.980981804483176067e-01
-9.006661107257118992e-01
-1.111817493443886473e+00
-7.756752638753442453e-01
-1.696317287182702305e-01
2.547743977264718129e-01
1.392263302542359471e-01
-5.560444694541850641e-01
-1.385301106990830755e+00
-1.446567585676510781e+00
-4.737756416891820144e-01
4.461467429222366055e-01
4.910792916194235413e-01
-9.916959258458030516e-03
-6.257466701971629019e-01
-9.487382172787619528e-01
-5.678657394375232759e-01
-1.344874760922183665e-01
-3.598984151483343163e-01
-9.021055084051793349e-01
-1.259352226764369975e+00
-1.224776584369867471e+00
-8.063769394729026763e-01
-1.698091714644624495e-01
3.257236787486619267e-01
6.076123899841159304e-01
8.116041804799507542e-01
5.884297029047620420e-01
-5.318856179434568870e-02
-3.950126396406088980e-01
-1.597830562676222366e-01
1.802989288484421471e-01
3.494909891705696992e-02
-6.452532774601416055e-01
-1.275471154780837280e+00
-1.352476388879338742e+00
-9.681496736554957572e-01
-4.690522862999035869e-01
-9.708886393188090325e-02
-5.286424811432990922e-02
-7.210110147809010162e-01
-1.685295113571400050e+00
-1.557258657748125552e+00
-5.948913894409409986e-01
-3.851385221519904034e-01
-8.578167201303971146e-01
-9.362948235027018784e-01
-4.607040248081898937e-01
8.295957893630142577e-01
1.263474790251426061e+00
1.655662493653678569e+00
2.133994227309640390e+00
2.282215889228137229e+00
2.183980994730612135e+00
2.284511659380394910e+00
2.342441017632306277e+00
2.132522886225808101e+00
2.174398096659470703e+00
2.652394141916500026e+00
2.721313912067686136e+00
1.989453898588285030e+00
8.237766074268175753e-01
1.160700686206433407e-01
-4.095538775394602649e-01
-1.333666139442263976e+00
-2.204049592930938939e+00
-2.044103974005546664e+00
-8.806589207775609163e-01
1.983331731801726561e-01
5.185195257464750851e-01
4.243369121959953971e-01
4.163739040816832881e-01
5.120903230977230658e-01
3.277286478732564512e-01
-1.344486041225077810e-01
-4.554643958987727448e-01
-5.615287559237585047e-01
-5.811149025885445907e-01
-6.238995348737320645e-01
-6.901702391774745537e-01
-3.713990262983987711e-01
4.227448800188721711e-01
1.104804566273630106e+00
1.177338348949033220e+00
5.952002947643532105e-01
-2.351975678182551821e-01
-7.302497326643114794e-01
-6.396867885299859502e-01
-2.815628088366421977e-01
-1.699352607097996404e-01
-3.498589658119255486e-01
-5.892328004036999634e-01
-8.223060288038539500e-01
-7.678161859788000809e-01
-3.205098810777320256e-02
8.619522885447160609e-01
8.449884800928848527e-01
1.727759359914267934e-01
1.507460200808923290e-01
7.785977327735670306e-01
1.095917962299779225e+00
9.361563949385024452e-01
7.720250687180865157e-01
8.544728258573355273e-01
9.554562560286743444e-01
7.590259843570796860e-01
4.357613755595070582e-01
4.930970828990984822e-01
1.031941936434073170e+00
1.690306768340794186e+00
1.895921427590204322e+00
1.382278430416398418e+00
5.550156189053840894e-01
-7.860104596695507984e-02
-3.592883937177701048e-01
-2.225585409754504695e-01
5.683741763576236755e-02
-1.438609622301399438e-01
-8.710718167789690547e-01
-1.558383313405025117e+00
-1.592511936989832844e+00
-9.686012001611343791e-01
-4.131692545182577003e-01
-1.312914110814288604e-01
4.514565600117423916e-01
1.038585159212717324e+00
7.530723382721050685e-01
2.556534969981128034e-03
-2.172320137305834009e-01
-2.236095773299884293e-02
-3.387581601172708762e-02
-2.384688256376198690e-01
-9.529462369206978534e-02
3.396196297292791155e-01
1.867620262228985029e-01
-6.502689115343602833e-01
-1.320223686100674643e+00
-1.535188077417895203e+00
-1.584435051608814149e+00
-1.528081322101409789e+00
-1.567504478296755543e+00
-1.929841343855664526e+00
-1.970644649627689704e+00
-9.358103978196652406e-01
5.859442865474135953e-01
1.320430242158510792e+00
8.162786628838917258e-01
-3.988509232018904727e-01
-1.354011137979360679e+00
-1.338296909615508179e+00
-7.183411003575336240e-01
-2.777505408560538291e-01
-1.140069285340385291e-01
-2.252581341106137669e-01
-6.520113789980916952e-01
-1.009212842544064737e+00
-1.199101299693325018e+00
-1.511818770324115491e+00
-1.828916333382231585e+00
-1.796922506544575970e+00
-1.387096839314542418e+00
-7.241750453699101753e-01
8.216543197128159393e-02
6.678979071407460388e-01
8.036470611773254280e-01
5.241611056853634487e-01
1.328741096490196061e-01
4.017951997881701737e-02
2.443426349221427540e-01
4.772701415877222964e-01
6.928590293852150417e-01
9.494522958112620037e-01
8.654044730548980935e-01
1.352521493213452441e-01
-8.743935787628194234e-01
-1.299642962091685394e+00
-8.675906183311613562e-01
-4.133706770879616021e-01
-3.178070578009764002e-01
-3.486000097756269955e-02
4.903708019363909321e-01
5.307897964699642701e-01
-1.741106481134511164e-01
-6.893341597964072198e-01
-1.294333015608667148e-01
9.828988383997906420e-01
1.383524923921561456e+00
5.745253239323832029e-01
-7.461478798199951967e-01
-1.492654448234140174e+00
-1.268083315403740752e+00
-6.082739063742875762e-01
1.624852342778613234e-01
1.083474731855063489e+00
1.946473730643848654e+00
2.368716943364229000e+00
1.877092196280581771e+00
6.422309261561250926e-01
-5.530674089887983591e-01
-1.101530028574657205e+00
-9.486281299979189008e-01
-6.505777764910685157e-01
-5.700807457398956446e-01
-4.375155576811943781e-01
6.764265640850850025e-02
7.514007746372899366e-01
1.003302720782151880e+00
5.348833768244612985e-01
-1.131004375684921959e-01
-4.254512494254272803e-01
-4.725763921053169336e-01
-3.241208651546751973e-01
-3.706508594589268124e-02
3.130143236695492881e-01
5.870096191636797744e-01
3.559012918256942437e-01
-1.727625556915735328e-01
-2.178371889623718083e-01
2.492366338017113214e-01
6.069746689351183111e-01
2.315726182033881475e-01
-7.263396799313641683e-01
-1.236465059055844584e+00
-1.120717460100056684e+00
-1.099221701915105598e+00
-9.614681729315120995e-01
-3.020159225600518305e-01
4.152285709996406671e-01
8.945226448423997390e-01
1.086941418160954687e+00
6.390954937654513834e-01
-2.209179087339957215e-01
-7.596627893472387427e-01
-8.034659593117102760e-01
-7.439769260670313633e-01
-8.780271645394979174e-01
-8.927591792410268789e-01
-6.444927496980352721e-01
-5.234039207607915634e-01
-5.102070963280793681e-01
-5.378038143561809648e-01
-7.665321387324208757e-01
-8.321832833122566608e-01
-4.322072714783578573e-01
-1.174527461751091462e-01
-3.358610570746881074e-01
-6.224112810888881020e-01
-4.761705431669210342e-01
