6.769954016294776888e-01
6.471832464714758482e-01
2.550691389209522320e-01
8.012929205313681913e-02
2.645100575722182656e-02
-2.223933296278134686e-01
-6.079351708425991818e-01
-8.413801581013288233e-01
-8.051810467936105775e-01
-8.227207373304931126e-01
-9.360850170303487428e-01
-5.273360108357002529e-01
8.324320628321990601e-01
2.467626081868019128e+00
2.730315587165595304e+00
1.908752055375928069e+00
8.989977436631062524e-01
7.556639485528718891e-01
7.689048182303329648e-01
4.283223634416070957e-02
-1.097684595661063911e+00
-1.453912980154826506e+00
-4.585499443879121895e-01
8.789870518494712348e-01
1.310528051312061404e+00
6.682295401216000741e-01
-5.625391617147030843e-01
-1.544489595481917332e+00
-1.583415034345575734e+00
-1.027647710706514728e+00
-6.097670648202196952e-01
-3.174903428567254493e-01
1.533501846953034264e-01
6.296345783271802832e-01
7.512703703095160446e-01
7.547922870792169725e-01
1.125763068711269188e+00
1.573098318311348054e+00
1.609719957342456986e+00
1.388546257588766375e+00
1.344923742214016782e+00
1.471708021518404186e+00
1.308552568905895663e+00
8.117620618569215685e-01
5.192680547732444474e-01
6.963484018006469434e-01
1.035853830319742208e+00
1.059133451555959837e+00
6.278064466029135149e-01
2.395834933310598269e-01
3.505531459688671636e-01
6.955681211123404539e-01
9.246278854062179864e-01
8.759759175463571745e-01
4.474235928461660072e-01
-3.394977640761549093e-02
-1.259905011532644059e-01
9.954032290547781825e-02
5.501890898012424813e-01
1.077480610596333710e+00
1.217871419157273705e+00
1.161123734523167084e+00
1.163746720472145668e+00
9.024062958790664002e-01
6.073207528349194861e-01
9.145522168776097915e-01
1.496011329914414434e+00
1.426208519526939611e+00
8.675072987124294865e-01
4.824369699726415162e-01
1.262887095107026458e-01
-5.165936490046360019e-01
-1.171493463444109873e+00
-1.309074044153771821e+00
-1.066520352573894437e+00
-9.811108932492959012e-01
-1.065203403919640524e+00
-1.409730100743250780e+00
-1.976849736812258840e+00
-1.969355706040803122e+00
-1.162704546812056483e+00
-4.122917553161975501e-01
-3.715867111831295810e-01
-9.065439115308286944e-01
-1.621899393240623821e+00
-1.884576811856587097e+00
-1.199405719503897405e+00
-4.264419567336841244e-01
-6.810821277173135790e-01
-1.369313556402667054e+00
-1.584959916650923173e+00
-1.511128977331419154e+00
-1.118190224967125390e+00
-2.635315390055496532e-01
5.052668911798663398e-01
9.308579086867915242e-01
1.189513336095622709e+00
1.148262897750629286e+00
8.287474253143517489e-01
6.016562581925684050e-01
7.548936301550336347e-01
9.609517615593168305e-01
5.978046187974545012e-01
-1.473316959691312600e-01
-7.130724338783868133e-01
-8.060515422929963592e-01
-3.893081493917421310e-01
1.261347545637926393e-01
2.637028777409074487e-01
3.209486321451644475e-01
3.836606195672664366e-01
1.949570582521615303e-01
-1.707926565680840392e-01
-5.825885075653768341e-01
-4.904859781761098381e-01
4.187199753404449720e-01
1.181061756339689239e+00
8.712678636502799723e-01
7.677098368169819886e-02
-3.193421878946032244e-01
-5.683860567275550446e-01
-1.025607095173194372e+00
-1.250570186946962759e+00
-8.822297005978463336e-01
-2.685922797974579779e-01
1.431438760727201387e-01
4.634633013628546849e-01
7.005946642789303569e-01
5.617890178958159231e-01
3.692162211956065421e-01
4.907353324388650795e-01
6.500701615789939991e-01
7.002636480996614621e-01
8.332813856572337530e-01
1.022462680357747677e+00
8.655680851856872859e-01
2.314626724059982710e-01
-4.963290365049219388e-01
-1.030820977225614943e+00
-1.140447393304495849e+00
-6.472061526423812383e-01
2.059857461914071583e-02
4.556681932360766574e-01
7.196583020301792200e-01
7.923570240544902665e-01
7.048605943368451143e-01
6.268633117188584514e-01
6.490044916422125221e-01
6.251374129107337696e-01
3.856469926555901040e-01
2.717175051184594903e-01
6.387661839271048247e-01
1.160218083542069678e+00
1.124687017699997682e+00
4.788696573835860004e-01
-1.374119581445643890e-01
-5.169534246980549419e-01
-6.676497846828891580e-01
-2.353707219322829780e-01
3.495915968143916142e-01
2.714877404552631379e-01
-4.487301148420585334e-02
-5.776826396442179962e-02
1.151966367082989107e-02
-4.720182816879163468e-02
-2.904886186844742313e-01
-6.270083189710826677e-01
-7.586275240543010057e-01
-5.360709285366521692e-01
-3.253180836252101416e-01
-4.251007186836143203e-01
-3.667001180588039255e-01
2.091258659929981223e-01
9.840660902645977925e-01
1.708957645018601257e+00
2.261355646651737494e+00
2.027858960057236537e+00
7.913280435029275139e-01
-3.983202190720099289e-01
-8.712512720766609764e-01
-1.044566806816708882e+00
-9.163901568991962288e-01
-3.289813514139514061e-01
-1.028415885900116171e-02
-7.036272782261673298e-01
-2.065667702030993258e+00
-2.729852547631376414e+00
-2.511829031660848255e+00
-1.851180559873965681e+00
-1.550546300153677448e+00
-1.289648693412897007e+00
-9.426505210562695636e-01
-8.668616435507107143e-01
-9.337563723387969361e-01
-8.103367657509996658e-01
-6.795952394621754822e-01
-1.051266277519427694e+00
-1.939098678364622019e+00
-2.421822867807810642e+00
-1.652323449032490510e+00
3.785385705911543663e-01
8.421790833249248598e-01
1.043509255892514531e+00
6.217365327131544328e-01
-1.102542159659813774e-02
-2.090428864096526840e-01
2.183278258565466978e-01
8.961242294506149841e-01
1.394606852833425226e+00
1.703756233641843032e+00
1.663217937370911281e+00
1.111539515035927961e+00
4.815512950835565409e-01
-9.186666970298359991e-02
-8.034603126696809872e-01
-1.220524749305456735e+00
-1.111573908679448275e+00
-9.789273340576452043e-01
-6.935489646145517328e-01
1.069625825019094451e-01
4.118431398604052718e-01
-4.956750170481419304e-01
-1.463323235036782188e+00
-1.329667450327325584e+00
-4.500760158914645648e-01
1.654775278658824345e-01
9.889361330000075168e-02
-4.410835378109788651e-01
-1.023333873677050532e+00
-1.246275752722429520e+00
-7.280541105545781377e-01
4.901539335615803794e-01
1.379858658208845679e+00
1.198976006452725729e+00
5.029687879721187471e-01
7.238852953934639400e-02
1.213217171756499208e-01
4.290494455067637714e-01
6.217831322418260198e-01
5.127207555107972103e-01
2.966242256445734693e-01
4.063710883959797404e-01
7.936919064618367381e-01
8.987488314950484725e-01
5.906699936054099487e-01
2.743822941381998670e-01
-1.711634853157371350e-01
-8.599663656254460387e-01
-1.007936441093473245e+00
-4.514467175691653789e-01
1.376812885013680710e-01
6.765581026103777429e-01
1.285135387925297357e+00
1.332804052267275274e+00
3.133244197730454261e-01
-1.087972272986907685e+00
-1.708123819468424953e+00
-1.171675293831801357e+00
-2.442703458428332475e-01
1.383317426137858908e-01
4.376777845169128878e-02
1.754464466843985160e-01
8.315099037022373185e-01
1.556935778444662244e+00
1.574549999042034409e+00
6.479000833835180106e-01
-8.413513907491613208e-01
-2.131652563213656926e+00
-2.664604679138199206e+00
-2.691307542160056521e+00
-2.695983541997803989e+00
-2.326071303984377003e+00
-9.088277242784298382e-01
1.035968441470347390e+00
2.026619353135896251e+00
1.518882910797746399e+00
5.815834675987585634e-01
1.037953716714167668e-01
-2.764608697736989362e-01
-1.177637932307436186e+00
-1.976242634567956458e+00
-1.737805260306542809e+00
-8.950997942777630945e-01
-1.763285624100933979e-01
1.460103865477961615e-01
-5.352233950020316572e-02
-2.485310942807974210e-01
2.015659307873680917e-01
7.466927157434001261e-01
6.344205806822319493e-01
1.892565707912545470e-01
6.355820896849534440e-02
4.604529884979009502e-01
1.079166893704662344e+00
1.234377494111044804e+00
9.245421577340484642e-01
9.893326394873194207e-01
1.422331773733468196e+00
1.373069130709041907e+00
7.066041680840113859e-01
1.331922151712591484e-01
-2.578938894149593319e-02
-1.660489676306747264e-01
-4.630170003327989114e-01
-3.704606501140975672e-01
3.222819376085969689e-01
6.953365423673103507e-01
3.763227795830608180e-01
1.435787129998105094e-01
2.347580210712277016e-01
4.348767562753292903e-01
9.996232536302033234e-01
1.796444083073347464e+00
1.970543950467827266e+00
1.191020528511183008e+00
1.344354481455774519e-01
-3.386568996085227434e-01
5.918538157371827473e-03
5.989867395654276949e-01
5.960152373532228154e-01
1.735087585415670264e-01
2.147640198052937488e-01
4.955292102359182826e-01
7.908999022756466046e-02
-7.465366966820711214e-01
-9.003556405191294187e-01
-4.007845802865191431e-01
1.195351263955673760e-01
3.486292597142181537e-01
2.123608693753206156e-01
-3.563510716885258112e-01
-1.252841630310008281e+00
-1.639363200078764349e+00
-7.791589603628649163e-01
6.129789782757386618e-01
1.435839350044983309e+00
1.520517846067118706e+00
1.045967837229054398e+00
2.759054946508792128e-01
-3.422943027482188705e-01
-7.200491830373172419e-01
-7.298508149122148181e-01
-2.420700210081518644e-01
2.255817370334686489e-01
1.977657355435853692e-01
-8.166143366355931021e-02
-3.021983149649108413e-01
-5.235085315820168228e-01
-4.998544981225716555e-01
-7.821770968451979833e-02
2.861700249195056611e-01
5.263383846695818269e-01
9.213542774298884019e-01
1.281325868404865620e+00
1.284506244853591772e+00
1.032942631538591005e+00
6.988218206791553255e-01
-4.045529613440869421e-02
-1.002870199010783558e+00
-1.568012431380646055e+00
-2.011255245727032293e+00
-2.480250037467365498e+00
-2.357586622552345634e+00
-1.552071582121385074e+00
-7.713805668096946899e-01
-5.424560780702124552e-01
-5.890876560399802564e-01
-5.404666297812409370e-01
-5.819208015583628990e-01
-7.199292248896692614e-01
-5.417182329792394890e-01
1.429276098192040767e-01
9.003148778338110336e-01
9.115167789089864137e-01
7.260818242048711069e-02
-1.015451015246898292e+00
-1.983292663816898393e+00
-2.540124636056257934e+00
-2.125075099218185493e+00
-7.085355655219779392e-01
5.390574957227203257e-01
6.360221846871813023e-01
3.183926327011413898e-02
-2.389970962514649522e-01
-8.028236513916187089e-02
-1.393798576116955512e-01
-6.869490587310039809e-01
-1.276834409915593049e+00
-1.289185441639458141e+00
-6.484678541542436836e-01
3.705858452718097662e-01
1.284985094198523470e+00
1.492558488715102216e+00
1.174876100386912148e+00
1.084040675190264036e+00
1.247350724587423576e+00
1.135371084176857170e+00
6.904393149838859989e-01
3.533572481434606449e-01
2.217775320665635874e-01
3.294115667292314975e-01
5.627590855896346111e-01
3.838080847864028811e-01
1.194786108125386603e-01
3.804532730189792988e-01
8.643320956593293358e-01
1.012152618856019481e+00
9.715901129497255262e-01
8.262104492546115120e-01
5.305318258676499088e-01
2.309406292023120089e-01
4.104903325566342659e-02
4.430516331278585955e-03
1.559395813869073749e-02
-3.611520849266307009e-01
-1.057739353034162333e+00
-1.338335150441671395e+00
-1.064897902188485457e+00
-5.682219859974360077e-01
-9.450357232617265235e-02
1.519617969374055244e-01
2.863749465847332809e-01
4.015488018787180535e-01
5.004270527703625904e-01
7.201163409784232527e-01
7.930589555050380213e-01
6.749226828898288177e-01
8.400284618099680412e-01
1.121460784798063326e+00
1.056468841501270850e+00
6.797012200538428139e-01
2.340679097370763628e-01
-8.960817898612433163e-02
-4.523811064633335988e-02
2.682871686236441566e-01
3.597029606557341497e-01
3.502236727155348672e-02
-2.232104698875312931e-01
-4.059548766111005513e-02
4.450599274884071144e-01
9.440812838757656200e-01
1.041622168760654610e+00
5.735788194476520996e-01
-7.138649835994585746e-02
-6.627686416618903120e-01
-1.110421677802891915e+00
-9.914471493747540887e-01
-3.404246375248796697e-01
4.708147398152795482e-02
-3.219756772345842843e-02
2.622385548820336046e-02
3.657117798186677038e-01
7.478003778636381771e-01
1.079582832823293925e+00
1.369207422737334978e+00
1.539628164968874779e+00
1.280056511491471039e+00
5.632016647868440806e-01
2.117138603308272859e-01
7.020697265686098865e-01
1.148934750692693241e+00
7.411323201582858955e-01
4.387610406142912201e-01
1.344424808983719188e+00
2.477271495444194116e+00
2.574245471353017400e+00
1.678140693463382460e+00
2.903386772872106336e-01
-9.851268561318086148e-01
-1.454380295850605354e+00
-9.763066250087244491e-01
-6.013693596569262556e-02
7.811576468182601651e-01
1.205653005955660717e+00
1.043168793008701467e+00
2.409028668943619389e-01
-8.305677512161270259e-01
-1.375927659860147756e+00
-1.201810618920434504e+00
-9.188412009527227031e-01
-1.083504038190542307e+00
-1.509970037374600116e+00
-1.566899255013398218e+00
-1.094083370306488057e+00
-5.767299226853127569e-01
-7.954209834855446859e-01
-1.780317327966870922e+00
-2.458661538728508678e+00
-2.297013160247013630e+00
-1.735184915762041591e+00
-1.075403489853258288e+00
-3.217961998395029166e-01
4.563946809631037604e-01
8.307513108291655346e-01
4.626725987652063332e-01
1.947503864737853696e-01
6.737687628423832953e-01
8.416263495428822905e-01
3.277189082969530487e-01
2.698739635318226915e-01
1.053373786638903242e+00
1.809556137037752421e+00
1.494853985403298724e+00
7.104507159520040416e-02
-1.231221676022814737e+00
-1.498482864060338704e+00
-1.107384865590919309e+00
-6.683716578208994674e-01
-2.046097903158753117e-01
2.817911994468577652e-01
3.893469210155338645e-01
2.292328748217751788e-01
-2.461596953351703754e-02
-6.692880562919624188e-01
-1.307312008638467971e+00
-1.520789509963135444e+00
-1.573765301523115667e+00
-1.742386572875145978e+00
-1.958507511712257898e+00
-1.762808050872464616e+00
-8.155769335046523238e-01
6.287332768214330958e-01
1.683972651859424241e+00
1.666970323559773925e+00
1.062574004135329098e+00
6.197109082044960360e-01
7.009428438555365126e-01
1.220567603278413182e+00
1.252442758266551381e+00
2.465111599486003169e-01
-1.001392431940642647e+00
-1.509557192904997791e+00
-1.064853808436632576e+00
-2.213170940672124776e-01
3.891689344261149430e-01
5.510049313388707404e-01
2.920674306838601519e-01
-3.226497121572300952e-01
-1.294722872222515475e+00
-1.996286367216599578e+00
-1.372387835494425889e+00
4.412918721471253414e-01
1.700759223842517764e+00
1.251373277184557375e+00
9.289375122568264975e-02
-6.333982025732303178e-01
-9.049586034195395978e-01
-7.726811016731622850e-01
-3.764625129330550490e-01
-2.501023677935461653e-01
-5.727685265326513120e-01
-7.440275236822267990e-01
-2.723533944703424581e-01
4.579468266634328377e-01
9.509719621200578565e-01
1.336370080070635069e+00
1.679870735745754295e+00
1.850605207628584381e+00
1.985093822536004415e+00
2.092101060667517221e+00
1.787120155218146822e+00
8.910470051386654156e-01
4.047484964110113076e-02
-1.198084896337851257e-01
2.642199927017186978e-01
6.281836926198152149e-01
4.318430162773002623e-01
-5.003452015941083353e-01
-1.600099554617130382e+00
-2.025580380176238648e+00
-1.910828088332150898e+00
-1.856912397437608053e+00
-1.614186824420821287e+00
-1.044036021406127501e+00
-5.501966824819723989e-01
2.533828652742079954e-02
7.562740431781219685e-01
8.947639660539050688e-01
2.161091926001997288e-01
-3.876800897900798959e-01
-3.537765312573315502e-01
6.207626247004732062e-02
4.596970847934597759e-01
4.846875493948538671e-01
5.437586935640331687e-02
-4.188243492716627325e-01
-2.899401614238427127e-01
2.926784046661063399e-01
2.957143524806237767e-01
-3.509244950645761807e-01
-7.117788433243757984e-01
-5.084612211171833929e-01
-6.088807677587095013e-02
6.144734196618113764e-02
-5.659559399002618285e-01
-1.333638729965414438e+00
-1.425930119721423139e+00
-9.584208574302470751e-01
-3.495106857130018674e-01
3.959846694937001199e-02
9.226889915686309340e-01
1.388090589581395751e+00
4.937256160192604604e-01
-1.665793249488910721e+00
-2.800269516629478872e+00
-2.696277537588749329e+00
-1.563165158651587117e+00
-9.817071881185976956e-01
-1.045556183026561170e+00
-1.032811216813996902e+00
-6.318829571249662269e-01
-1.983774296820221827e-01
-1.674458175815388972e-01
-3.056777757657076489e-01
-3.332890080663790111e-01
-3.956175065306934968e-01
-1.251366371097311081e-01
3.313145239970376466e-01
1.132175120532919743e-01
-6.688678054377396043e-01
-1.126476909411907812e+00
-8.979919556182519580e-01
-4.993324631294562277e-01
-2.819368765870550186e-01
2.777314244625319478e-03
5.427914242084909135e-01
1.164815166884722863e+00
1.284836598930571006e+00
5.713243850024360970e-01
-2.732414034845107031e-01
-5.310655787930467220e-01
-4.986206765205129510e-01
-3.942616017570955700e-01
-1.588706338875187640e-01
-1.442062118084605771e-01
-3.277612727806971660e-01
-9.246639594015650110e-02
1.541467979724186754e-01
-3.571699780030330729e-01
-8.676737623923427289e-01
-5.048764275315203998e-01
3.375037507361485223e-01
7.698418945564172722e-01
5.220254077364376855e-01
1.119337427437181037e-01
2.001915474800896044e-01
9.773331283865550612e-01
1.719867609294017496e+00
1.584427225054389821e+00
8.733741707694392398e-01
2.899895291567206046e-01
1.055811660197828322e-01
3.543260514240836878e-01
6.936712258566040123e-01
7.266881597561609674e-01
4.938642321871566376e-01
3.881950137997166594e-01
8.468296921176307057e-01
1.561873900578546026e+00
1.622033603657671463e+00
1.009275916516477967e+00
5.182017958918536671e-01
2.871422933236467689e-01
-2.537955582602857141e-01
-1.159173391118810237e+00
-1.633952903573546722e+00
-1.166706023508474077e+00
-1.580012861363131738e-01
7.415140913873907724e-01
9.776821105956150504e-01
4.900983951811566652e-01
-1.223296132123883190e-01
-6.264468639478043555e-01
-6.776011332331821624e-01
2.407979324966488255e-01
1.294321647293892985e+00
1.303000453143412507e+00
2.629273695809627442e-01
-1.100877773836025364e+00
-1.872496424422488648e+00
-1.618392774622021912e+00
-7.287268085506821702e-01
1.903366092390347819e-01
8.157392875982020231e-01
1.067944532840391370e+00
1.048663676218689389e+00
9.992633551896981103e-01
6.871893786894253120e-01
-2.206325853332503917e-01
-1.113378441594534696e+00
-1.249322202333805976e+00
-8.878637012056838085e-01
-4.677719069120370166e-01
1.339887374392753905e-01
8.226099641776429827e-01
1.164716368564004512e+00
8.475224529117822980e-01
2.877848783090590223e-01
3.674014252329547703e-01
8.574503213126185575e-01
8.669438227211874182e-01
3.211785244332985290e-01
-5.644819310954873881e-01
-1.642199045450891459e+00
-1.984040232416881766e+00
-1.137937052075167710e+00
-3.567945484773706877e-01
-3.242731124112400720e-01
-4.765536612908549685e-01
-4.623415068130384276e-01
-2.291760207042385089e-01
1.525804635382142227e-01
4.246646898469376152e-01
6.593957960288925058e-02
-9.866627378965028283e-01
-1.668171922971237953e+00
-1.547188191439321292e+00
-1.511305474427608875e+00
-1.514405408188734592e+00
-6.217628865597920607e-01
7.594983682768865485e-01
1.210983393809117681e+00
6.926847808770377757e-01
4.855044976376873267e-01
9.207877015253985720e-01
1.187032681829887970e+00
8.384045047486842206e-01
2.326401747032215417e-01
-1.623567172513020185e-01
-1.894125433707726236e-01
-2.607601931705313958e-01
-7.572919328984840659e-01
-1.077671865378716731e+00
-6.360865907338505432e-01
2.018361593964741740e-01
1.207010064219826928e+00
2.479486195703044515e+00
2.815667857529561058e+00
2.815667857529561058e+00
2.815667857529561058e+00
1.808556478953614821e+00
8.552812134192244731e-01
4.094561650090197125e-01
4.226937114418771735e-02
-3.418063541923259119e-01
-4.312250497108549019e-01
-1.391978727177965447e-01
1.331209711421885433e-01
1.293044188730468891e-02
-4.423830088281647810e-01
-1.031748463486765077e+00
-1.530264906480375720e+00
-1.878996078070819031e+00
-2.077493079991215463e+00
-2.008322218941959392e+00
-1.581390828721876085e+00
-9.595836430531687888e-01
-5.767006277601293140e-01
-5.333433475554660852e-01
-6.003405153795623450e-01
-5.898516746007660405e-01
-5.062399398668508965e-01
-4.893438491566477477e-01
-3.646502198102473113e-01
2.201387963055091157e-01
1.382730149967547284e+00
2.311407927152316244e+00
1.999577918901715323e+00
1.230985961103621573e+00
1.248147124907146077e+00
1.517897571851978267e+00
1.345486874648988307e+00
7.802072510625003288e-01
-7.849205829676067503e-02
-6.564397102375769677e-01
-4.777678703330739962e-01
-1.116224476027274093e-01
-1.993220046585165994e-01
-4.436293498247982359e-01
-3.462951459012296729e-01
1.130608090459226112e-01
4.206460131622694609e-01
1.167901456636946944e-01
-5.095043199012107005e-01
-1.013269658109238192e+00
-9.082490677915161514e-01
7.585295845826535432e-02
1.121318535462595412e+00
1.469703071270309414e+00
1.105149324819776124e+00
8.057246228021969214e-02
-1.021923163143134472e+00
-1.072177414882823587e+00
-2.104489156775765368e-01
1.776932508663681132e-01
-1.911021807987777488e-01
-3.231249843554641066e-01
-4.430372510103192454e-03
1.917834518100829111e-01
1.570540637722492860e-01
7.477205128285324687e-01
6.629218647824419719e-01
-3.829904475453499990e-01
-1.630287912857115051e+00
-2.080961968994234468e+00
-1.346889446909367516e+00
6.514461966548440279e-03
1.107697351831438581e+00
1.446263130604004798e+00
9.756372146422009894e-01
2.073987726391820774e-01
-2.236211258454489093e-01
-3.358115376853770817e-01
-6.894278997653816576e-01
-1.356066730539070120e+00
-1.755090174138657089e+00
-1.348659937184744306e+00
-3.596399846454562677e-01
3.656284230279378544e-01
5.203903141658565712e-01
2.768217062053719424e-01
-2.551174835230886062e-01
-6.096631123329860902e-01
-6.043578079968057182e-01
-6.880837477087726750e-01
-9.624590958480992997e-01
-1.392724049114169915e+00
-1.863494968046631728e+00
-1.955569922791384974e+00
-1.546844850568771745e+00
-1.044710382566549578e+00
-9.097670572430031077e-01
-1.144325608327812605e+00
-1.137073092834447241e+00
-4.682159831409005712e-01
4.158448639382643086e-01
8.795289579095630916e-01
1.048574585869993303e+00
1.369238256243223040e+00
1.547381052669330792e+00
1.395239550712002119e+00
1.117465077071876589e+00
4.537544571791323200e-01
-4.456354521222866127e-01
-1.054459019129247999e+00
-1.066837969011065645e+00
-4.372469324222381659e-01
1.461224781944582829e-01
1.178280161186584241e-01
-1.942582681367877595e-01
-3.282823646246386118e-01
-1.538727706911864890e-01
-5.171222579377586330e-03
-4.713961595183120412e-01
-1.395844286212648111e+00
-1.830456636834646433e+00
-1.100332966382066680e+00
2.621743787171489370e-01
9.162724315491270755e-01
2.173538930792200119e-01
-9.870801364619674612e-01
-1.650159862180630821e+00
-1.974096706578408744e+00
-2.278139985672250400e+00
-2.010838533194287514e+00
-1.129176002072657781e+00
-6.518678581482739709e-01
-9.003551361749259074e-01
-9.047512035325849800e-01
-3.571937163414696248e-01
1.036896262668607072e-01
4.431706955919360036e-01
9.300049092857740618e-01
1.426566901797317710e+00
1.723480229256792784e+00
1.735626426005954182e+00
1.594153893760812180e+00
1.521692090100608130e+00
1.327034171205991209e+00
9.117924791016334130e-01
6.612542064034893086e-01
5.067242742171739200e-01
2.053210155058683983e-01
-2.108619091803617257e-02
1.102531433736434197e-01
5.245568514861190801e-01
8.465506884900053652e-01
9.790172651404122073e-01
1.210167942135430108e+00
1.502283924348350119e+00
1.614573599337266074e+00
1.421591531017022181e+00
8.328312244190213542e-01
1.839735238755439151e-01
-1.633035169491674765e-01
-3.762189338508639680e-01
-4.455673172505534851e-01
-3.085326913915714675e-01
-2.986328986883898459e-02
3.837056578775908111e-01
4.332660790015894214e-01
-2.747356602066425291e-01
-1.111997538713505707e+00
-1.353556480564761966e+00
-1.213994140836763602e+00
-1.046453204063512166e+00
-4.225224099962069380e-01
7.769716519463957249e-01
1.532635393192361528e+00
1.233123026934980215e+00
5.456709663076683148e-01
4.021199038704008077e-01
1.035000678918870376e+00
1.686339225054529711e+00
1.361492031418156223e+00
2.319679601288403281e-01
-5.753640304720202270e-01
-5.014555147025940851e-01
-3.918084133442154698e-02
4.233104590195375105e-01
1.238975176722859395e+00
2.223626225135128642e+00
2.349954735106399184e+00
1.368186465862487156e+00
4.259582254872807394e-01
4.260114294482620356e-01
1.014796361710436523e+00
1.275447659564582503e+00
8.038089944059374492e-01
2.184565883951033322e-02
-5.259608898539398503e-01
-7.379126262380895085e-01
-9.284526935402775960e-01
-1.247342552754217015e+00
-1.311775487283865393e+00
-1.046423039128895338e+00
-8.170464554470429075e-01
-6.812853383231360915e-01
-6.471977703312590258e-01
-5.894111490683667798e-01
-2.117172126206570970e-01
3.823271082242760133e-01
8.004246584205820803e-01
8.584362592111172141e-01
6.315669462346715779e-01
2.472746511906298850e-01
3.194945819344276183e-02
1.542099869973004474e-02
-2.244419195274054424e-01
-6.015267227473169998e-01
-7.421988047341182559e-01
-6.142179122830587756e-01
-3.775768107183483657e-01
-3.765211422375414618e-01
-6.860990793382480968e-01
-9.220625598568684689e-01
-9.442256776112490924e-01
-8.852102700063848584e-01
-8.859972396559441243e-01
-9.503380830503437293e-01
-1.074915718011395516e+00
-1.319408843783749896e+00
-1.367992187225381517e+00
-7.225438108481855304e-01
2.406563308425664904e-01
8.934673922539543289e-01
1.324490025184190234e+00
1.299985829490264644e+00
4.863071550724076819e-01
-3.076174914476204614e-01
-3.023875510538902578e-01
2.423477201574923967e-01
9.979058315227348208e-01
1.690360355933660408e+00
1.896194562615711288e+00
1.695884651217648864e+00
1.168653449411499956e+00
5.446457528561968187e-02
-1.055301885372683879e+00
-1.088583900573211638e+00
-3.917258745980134460e-01
-5.603825270400203395e-02
2.753405433121589030e-02
4.939796206944401247e-01
1.263298038528875455e+00
1.714393448425054256e+00
1.597212190290256295e+00
1.106084406122983754e+00
5.930201082123712775e-01
5.601409930773666446e-01
9.513528969000656366e-01
9.754704576359131130e-01
2.261098011368893324e-01
-6.361878964294438443e-01
-9.101723295226026300e-01
-7.747423666605109949e-01
-6.722426168421973269e-01
-6.575902609407281441e-01
-4.612581198887633627e-01
-1.242204849859688265e-01
-5.443504551120026402e-01
-4.261738596059363449e-01
-4.859165406396392384e-01
-1.036105183955053910e+00
-1.454170673147963555e+00
-1.343999854752501166e+00
-8.410902766136577613e-01
-2.247104382478470608e-01
3.509495028121984994e-01
6.149078383664999814e-01
4.476507166007653860e-01
2.176192806711614580e-01
8.940024877793781299e-02
1.285763899611965522e-01
4.741943009089594208e-01
6.549610388607440825e-01
2.774289254617726685e-01
-7.205036016820441647e-02
1.648904456196377821e-01
5.801603126001104727e-01
3.817210373624851938e-01
-3.794734642944878056e-01
-8.557076971084101036e-01
-5.612519498742037927e-01
2.661680412786364136e-01
8.236279182034673685e-01
5.853672862089898121e-01
2.437967670053357849e-01
4.304651177005658358e-01
6.354089380135733434e-01
5.950350021081951546e-01
8.249836892520959752e-01
1.266594796173903692e+00
1.326463458282484131e+00
9.465737516541506968e-01
3.483413264784959162e-01
-1.689884548996231084e-01
-8.735642086744911661e-02
3.613756265933769085e-01
3.810019754745299081e-01
2.140816012233292751e-02
-8.110766906603640580e-02
3.397972571461073676e-01
1.069565492175294175e+00
1.610881651829906724e+00
1.419945849591076614e+00
4.952982807343020988e-01
-2.630407470571333173e-01
-1.777845230504961904e-01
2.725389176500109256e-01
5.739214958400560285e-01
8.684141371114864061e-01
1.008518982610034476e+00
4.697439990558126000e-01
-4.600315068962515519e-01
-7.082316160499266822e-01
-2.272136722129381170e-01
-2.583786176266523668e-02
-4.060663422261310274e-01
-8.390220358659296052e-01
-1.040775891045673029e+00
-1.099205627509445948e+00
-9.522523380798709747e-01
-5.892665496009273918e-01
-2.581067682736757907e-01
-2.947853835329777850e-01
-6.270535501796491440e-01
-6.120860713215182658e-01
-5.330662514645368999e-01
-1.210015914705770301e+00
-1.941239471300845842e+00
-1.944222690598186531e+00
-1.707258723113861176e+00
-1.570387100279251769e+00
-1.525959452139810324e+00
-1.525957493639479523e+00
-1.534875485387714678e+00
-1.704244849423451669e+00
-1.717085066230226387e+00
-1.163872760132226958e+00
-5.320727136896344911e-01
-5.189207934333798233e-01
-9.219313173455575550e-01
-1.214230915341576678e+00
-1.193943114965247521e+00
-7.078248806230627022e-01
1.292245870348016912e-01
7.138108820709209157e-01
5.837195962047017073e-01
7.290107772673103115e-02
-1.183391429310171744e-01
3.673666918794472602e-01
1.291328685303216872e+00
1.941026845197362904e+00
1.921961964837912484e+00
1.573532939451361523e+00
1.279488924646258408e+00
9.289779783295335491e-01
3.926460273314837102e-02
-1.287655284464733763e+00
-2.055221118653110857e+00
-1.762443839621995245e+00
-8.708043720158157308e-01
-1.898274083208929819e-01
-1.926492995669111530e-02
7.880673527098617723e-03
7.575617272040449657e-02
1.984024292487394370e-01
3.602357958446081865e-01
4.417417437757114596e-01
5.150652021235546663e-01
7.726527862356084020e-01
9.318289452669215045e-01
6.463893214144592614e-01
1.680023216701487798e-01
-1.883107475272443598e-01
-4.814306105763836441e-01
-9.682553482868573314e-01
-1.679154401679815445e+00
-2.228571421052082613e+00
-2.064374353398886086e+00
-9.717920255685894571e-01
3.177761368030793121e-01
9.450299708170184498e-01
1.054042145653022899e+00
1.214897637598346902e+00
1.308783502056547254e+00
8.442575136127354885e-01
-7.842305467796269192e-02
-8.654159229993189095e-01
-1.059864209165932936e+00
-8.158779388169042912e-01
-4.589944973773502079e-01
8.772225459255870994e-02
5.698615316875470516e-01
4.969277599401981660e-01
-1.332047466212854525e-01
-8.888391296104042327e-01
-1.074567881030179528e+00
-4.815557441114598491e-01
1.719168482895419015e-01
3.823446009898985865e-01
3.122715934761112200e-01
-1.238318702774581920e-01
-9.971428533829683749e-01
-1.507942662016691138e+00
-9.705623345288113546e-01
1.504323829210123531e-01
9.671590127555461658e-01
1.150146970048375739e+00
1.179959356029450124e+00
1.375543893536161466e+00
1.554988663167235829e+00
1.602964055204688654e+00
1.494353453667958131e+00
1.162750038427748045e+00
7.766067455732619251e-01
6.678195211261150899e-01
8.411007816407839455e-01
1.073189378390188464e+00
1.201296886161031807e+00
9.445159580131555765e-01
2.317917033648860536e-01
-5.722068452326365406e-01
-1.375105268256904711e+00
-2.137304442749595967e+00
-2.642332704408464572e+00
-2.720550522432235052e+00
-2.386768070239882800e+00
-1.567336371354860702e+00
-7.166442971063581302e-01
-1.673337756839211876e-01
-5.951546564762046770e-02
-8.751763387859400056e-02
2.265728321318242477e-01
8.488812845055387912e-01
1.475198721482416486e+00
1.908626338821311608e+00
2.130482898674865400e+00
2.215956304176887048e+00
2.056284930194126392e+00
1.660418827998689117e+00
1.285774104394028505e+00
6.960454629063762555e-01
-6.450553600739775129e-02
-1.282703691031055193e-01
4.249134088410422283e-01
5.586256979542214562e-01
2.445917413431460130e-01
2.288348436422829035e-01
4.805433371116006880e-01
5.388171944594801754e-01
4.386604456364666671e-01
4.451684815886248203e-01
5.273897011273737112e-01
5.123755675678838273e-01
2.897473860374109034e-01
-7.825436243593367203e-02
-2.623540348440226433e-01
-1.846276047957234323e-01
-2.791435164205449682e-01
4.843303934891330376e-01
1.580749862490923086e+00
2.081223165640530226e+00
2.018466508677343896e+00
1.603993519031103432e+00
7.738803816375797728e-01
-2.908706771911174008e-02
-3.856338398810492119e-01
-4.887890889716377529e-01
-3.183700096465639784e-01
2.591324897129508864e-01
8.334276556882911358e-01
8.744740170435874038e-01
3.463768775991476478e-01
-2.870500434886708585e-01
-4.628030976139030916e-01
-2.976244962161667118e-01
-4.244507831991291003e-01
-7.540344674649513967e-01
-7.113084993610306883e-01
-1.985414529631350233e-01
1.718365179514425300e-01
-7.805935653629617055e-02
-5.150081239963463231e-01
-4.915472466445466315e-01
8.204486264267638052e-02
6.352854166380074163e-01
6.199193602127562874e-01
1.641681550580119664e-01
-2.064494578696797755e-01
-3.531759174090329800e-01
-6.531891745165629981e-01
-9.408962925361483709e-01
-7.061249549025142569e-01
-3.956742906544044591e-01
-5.004620948248617029e-01
-4.450449414385624913e-01
2.065482803883006424e-01
1.089737607965074684e+00
1.713171724426061804e+00
2.061769533584776326e+00
2.269426317772404111e+00
2.193128500855692664e+00
1.856053235516849975e+00
1.289030402464014458e+00
5.450091777297032536e-01
1.648122320169217447e-01
4.395637866077045097e-01
1.051853990089880453e+00
1.585075305395551526e+00
1.527435476932702763e+00
6.991843760506297745e-01
-3.866055863999385278e-01
-1.043447129214723157e+00
-9.972340082014901075e-01
-4.915995644090839223e-01
6.460560545480086014e-02
4.100877581718833653e-01
3.867802874171440974e-01
1.308097707984999802e-01
-1.380379533363801647e-01
-5.787191998739976695e-01
-1.330013231051701661e+00
-1.753235093988806836e+00
-1.179630479881333960e+00
-2.740360338221576875e-01
-1.008084180063801155e-01
-6.861542569881422526e-01
-1.057500844333471690e+00
-6.823292218513534735e-01
-2.054551055591600783e-01
-7.734990084770497487e-02
-2.505250093663299524e-02
9.035625564850933988e-02
1.523497417646838825e-01
4.553091656422594835e-01
9.012395286197401045e-01
5.230002607014038185e-01
-8.496847441971556725e-01
-2.162790299404124816e+00
-2.424373764930972897e+00
-1.483739150429983278e+00
1.044516643936749672e-01
1.315291897788119835e+00
1.375457333683119732e+00
5.013007790042857126e-01
-2.913688546447127381e-01
-2.018975331154275188e-01
3.051988609743500613e-01
1.638739539917231092e-01
-6.900068889739311428e-01
-1.415080521261685043e+00
-1.375269782303297106e+00
-6.219437008502544106e-01
3.546391178739224936e-02
1.093365617104570392e-01
2.797446283441770154e-01
8.045261457275444394e-01
8.880158844417058717e-01
2.547124679160409633e-01
-6.533843679332843601e-01
-1.554647626794805726e+00
-2.244825733409101520e+00
-2.516951024737708043e+00
-2.395864792835780577e+00
-1.836329410960076514e+00
-7.138502882026959151e-01
5.452037279599238895e-01
1.156013336054988683e+00
9.387646585383527809e-01
3.612331737669028375e-01
9.335091569648618429e-03
1.436138510642531729e-02
7.927671703843226780e-02
2.145144520580120617e-01
4.602833572850063559e-01
4.317091664332244894e-01
1.532975817048280731e-01
-2.363797623706089257e-01
-8.862802030681962151e-01
-1.250439910532692434e+00
-1.120999683284462867e+00
-9.417465515057316106e-01
-5.694688273023975622e-01
3.824045580982653875e-02
4.739847264519199133e-01
5.350673770805970397e-01
5.473441175754254484e-01
9.140142240010015184e-01
1.239058646819016785e+00
9.990006583547511587e-01
3.317309161750481294e-01
-5.514686014101698452e-01
-1.359508650373093541e+00
-1.355372897046361880e+00
-5.150451662761995619e-01
1.536182312613972034e-01
2.866162785269272817e-01
2.547153613414274154e-01
1.805424919161720820e-01
8.824157144012195753e-02
2.188878285913057886e-01
7.135770836374815129e-01
1.023094942063535351e+00
4.068481771293513960e-01
-7.708977926856425134e-01
-1.492109234379700888e+00
-1.342654212942756109e+00
-5.930237671891321893e-01
1.928150981649914275e-01
4.946498759973779746e-01
3.040703559736151473e-01
-3.426162716775782435e-01
-1.534501832460069437e+00
-2.417203647543896938e+00
-2.402390712291231800e+00
-2.140466247397585509e+00
-1.783806030776634577e+00
-1.239295460231617740e+00
-8.403768462101722792e-01
-3.906749125708828263e-01
4.296160334614386178e-01
1.143330435702814896e+00
1.096993192337141654e+00
4.015598003128510451e-01
-3.391271281648009506e-01
-6.871862724291395441e-01
-6.461397331023540636e-01
-6.076340647787917826e-01
-8.081444296590117871e-01
-9.581057315313622480e-01
-8.935196910222295008e-01
-8.121277813068079610e-01
-5.186236378713497963e-01
6.602933251404814741e-02
3.958197820620633633e-01
4.608724123074102175e-01
5.643417983720057096e-01
7.640315341423862261e-01
1.291865875416357889e+00
1.919798586462472256e+00
1.932701543559872226e+00
1.256786056763614656e+00
5.124682441121366505e-01
1.175993646221469568e-01
1.933593474146218794e-01
9.490875939586383980e-01
1.950877936093821763e+00
2.275005274839223990e+00
1.890890412016004829e+00
1.367438293639573255e+00
9.341788205648989818e-01
7.802019699413844656e-01
8.668897481190027676e-01
5.984837506707104682e-01
-8.204257571058680421e-02
-5.411672939474906352e-01
-6.161148288969585662e-01
-4.450141826149535684e-01
6.141561293636828012e-01
6.332753532118982065e-01
8.599516815224622635e-02
-4.142891074055899958e-01
-5.305009176684882810e-01
-2.219716573030040829e-01
1.196319705731054839e-01
6.415183365137526461e-02
2.068906362716344937e-03
4.164426685351814705e-01
1.164864606745870113e+00
1.713827166729662066e+00
1.621329956178901632e+00
9.309098388840687521e-01
4.565479118324249769e-02
-5.680720768858938952e-01
-3.906473680476398314e-01
7.461143321561787278e-01
1.864435087233127009e+00
1.908827659683972389e+00
1.119191244703524157e+00
1.386195312353008247e-01
-7.157119805968672477e-01
-9.400012038803273740e-01
-5.037987641337775546e-01
-3.399802161022538183e-01
-1.060552594943468652e+00
-1.816722155856713705e+00
-1.501025556241331271e+00
-2.644915409693006092e-01
9.245225100741287783e-01
1.403075267111241864e+00
1.262466556700768683e+00
8.553296694854564119e-01
5.822669057148112115e-01
4.289341420505173863e-01
8.882582382742551519e-02
-1.790512276762444566e-01
-3.479422778337621924e-01
-7.952488352643911629e-01
-1.149539829071329899e+00
-8.811374176509365608e-01
-4.223752024385744042e-01
-3.523675676101643561e-01
-5.650718267936253314e-01
-7.920653101333883228e-01
-7.926402399705660962e-01
-5.608018917994624930e-01
-6.861671765949571844e-01
-1.121360668911910219e+00
-1.066960836985640260e+00
-6.321479259438943510e-01
-2.613382126565855224e-01
-2.882708009568477059e-02
-2.441576419574171819e-01
-7.662873470352421501e-01
-8.453371149255531902e-01
-2.793971716010579254e-01
1.214298661070309232e-01
-2.833383068012992889e-01
-7.530250430429978881e-01
-5.956347098214995750e-01
-5.068996448318773274e-01
-9.612394761327009984e-01
-1.313808632353842265e+00
-1.113100606216060884e+00
-5.829108684559676234e-01
-2.174266271677040563e-01
-2.215484329624749782e-01
-2.894673204566802771e-01
7.441338706867623061e-03
7.939811955120561482e-01
1.523163124578841732e+00
1.613813265602584757e+00
1.399638864335444044e+00
1.234336456036912111e+00
7.848891257097815322e-01
2.242503376742323029e-01
2.226521591446671000e-01
5.770775097293211475e-01
4.227289781207363428e-01
-2.800709659825899034e-01
-8.292729841363978283e-01
-1.054715990573976248e+00
-1.518011934759854187e+00
-2.222232114102900891e+00
-2.217962829772575528e+00
-1.399162534199788865e+00
-9.001543181768414392e-01
-1.562669664335492259e+00
-2.598183612346634419e+00
-2.502705104700209571e+00
-1.176273022734215523e+00
1.710093479014567763e-01
4.241442164978125873e-01
-4.611924143820260724e-01
-1.457341980791291736e+00
-1.793294536668128325e+00
-1.550568443148596431e+00
-1.070425142113799133e+00
-6.245548748513969350e-01
-1.522372428710339065e-01
5.095492523775051463e-01
8.638072873226859683e-01
4.589643383163420909e-01
-3.185850059119083588e-01
-8.718020859939424883e-01
-8.617803377886658067e-01
-3.066361499941521185e-01
3.582627144897465588e-01
5.394372547034862464e-01
4.043699613324562847e-01
5.842629519455567744e-01
7.371685217389813971e-01
3.048713820254738693e-01
-3.112744995990187613e-01
-3.940083319419618868e-01
2.351022540155573992e-01
8.628744409467759002e-01
8.274602986034379493e-01
3.051679441839137974e-01
-3.407683738143533758e-01
-7.114580949428859213e-01
-5.137927454433575125e-01
-1.031258199707370538e-01
-3.930270896698698918e-02
-2.999091552369689828e-01
-3.543637345362603552e-01
1.434226926548209657e-01
8.439913106869374460e-01
1.254818409280203717e+00
1.181653601766060380e+00
6.194735206920307657e-01
-2.381096950205457974e-01
-1.195849999059315882e+00
-1.613115239770838372e+00
-1.062483489499865152e+00
-3.962582508992236741e-01
-1.728319094246344167e-01
-3.999841685707508643e-03
7.603265762593983124e-02
-2.047064134755413878e-01
-6.014328950927971817e-01
-7.629635188388947942e-01
-3.780206133782577638e-01
3.476821309910771429e-01
6.561637124766752649e-01
7.498031344903145490e-01
1.250837072210078116e+00
1.578496939898462736e+00
1.232395292641799367e+00
6.310971540868656193e-01
-1.013480980494894934e-01
-9.517914432405528702e-01
-1.455949241279286932e+00
-1.199111550929707448e+00
-7.316027942751769653e-02
1.308971458743693583e+00
1.928623785694815851e+00
1.637533921660856873e+00
1.368790989387518975e+00
1.635019964487089084e+00
1.633723906720143892e+00
8.505289710519561286e-01
-1.285052496882388151e-01
-7.782014357755369094e-01
-8.420543375955125143e-01
-3.216696142524040902e-01
3.337162789619125269e-01
6.660757824055963949e-01
7.449825998433018404e-01
7.609692405757813027e-01
6.675969569361739353e-01
6.100283421394269157e-01
5.852693678900849905e-01
2.029682425263073242e-01
-7.738458468910894839e-01
-1.864411274476244218e+00
-2.283952504583221188e+00
-1.792556949596485039e+00
-9.163386543431738529e-01
-2.497045709362619437e-01
2.385024283734799022e-01
5.959972033913857326e-01
3.749193441415448191e-01
-3.333935583658569901e-01
-4.623879083243083721e-01
2.815351044154557059e-01
1.197781074849532557e+00
1.869409307632216244e+00
2.116450734733748007e+00
1.750471106582438319e+00
9.494724864302815925e-01
4.771072659731038224e-01
8.419353212438096534e-01
1.654321580064714858e+00
2.353364214095563511e+00
2.527315752966766915e+00
1.944701785514240999e+00
9.116550937753237216e-01
