4.721636778049834171e-02
3.164125104311904524e-01
2.147332024511670323e-01
-5.643490511104608531e-01
-1.334570806437085144e+00
-1.656510907893059104e+00
-1.866085921388868973e+00
-2.377218367033474333e+00
-2.519797977976697023e+00
-1.420544987041900908e+00
1.303986132190425862e-01
1.066681792184101640e+00
1.350954365032153159e+00
1.100289569914354226e+00
4.677418364289839259e-01
-1.176437089086545124e-01
-3.582952986900486136e-01
-5.146063645195415592e-01
-8.613012733187955794e-01
-1.213741315563948042e+00
-1.090600120862937450e+00
-5.557002373906707454e-02
1.173996110662619108e+00
1.269503244404054598e+00
3.571572228776215274e-01
-4.620411553480692213e-01
-7.655457048294658229e-01
-6.677613756588965943e-01
-1.557948414764176448e-01
5.143187620993004971e-01
8.573234910421175803e-01
1.170942368719434912e+00
1.599050697534063481e+00
1.428118946076916140e+00
8.519536539832470723e-01
6.410188832885571619e-01
7.721832117623292913e-01
1.185707655657822768e+00
1.831036972241685490e+00
2.219360111551056836e+00
1.952379915693586154e+00
1.003880978366256782e+00
-2.307557768393289979e-02
-5.539778012625605763e-01
-1.006288270536438434e+00
-1.731676839183848848e+00
-2.128876930364750564e+00
-1.681295818996860980e+00
-1.014942387805488178e+00
-9.716533537114009356e-01
-1.312076679141719104e+00
-1.179743062540008491e+00
-4.227909665351977098e-01
1.916711028866255051e-01
1.113846363405228586e-02
-5.318447778476742549e-01
-3.948431403473147139e-01
3.159156260671541760e-01
6.432763142600020911e-01
6.165499295501671861e-01
6.519225571599127633e-01
6.992017960394234510e-01
7.336128272175920229e-01
6.690777033311080535e-01
3.323620268277472922e-01
-1.302233972653085714e-01
-4.223471477702196442e-01
-6.064798527121787464e-01
-1.025526194152939219e+00
-1.546715804545080841e+00
-1.581849413736840182e+00
-8.471699342239050745e-01
-3.641642688157235158e-02
-9.810950096478399107e-02
-7.561311525895317853e-01
-1.117385506398887340e+00
-1.074751936008640385e+00
-7.609135318268908099e-01
8.549747707272851993e-02
9.460895868143887055e-01
9.195874031166739737e-01
2.924954960249631086e-01
-1.562578091318205242e-01
-4.288988631875608609e-02
4.529951307436629881e-01
6.725978579690637948e-01
1.184866731589838962e-01
-8.868877618382057237e-01
-1.332501675014588827e+00
-9.428188545598648052e-01
-4.312659133220163032e-01
-1.203374306673290900e-01
4.894383767501048199e-01
1.302061618284618527e+00
1.300360123201208751e+00
3.836845960300971914e-01
-4.014586792290246731e-01
-7.921598070810803582e-01
-1.171059234849282982e+00
-1.277375402323999598e+00
-8.798163536872321000e-01
-4.093664332078994494e-01
-3.808411542936231964e-01
-6.784840680530018764e-01
-7.456915771640020285e-01
-3.560580615851708375e-01
3.092316625749579884e-01
9.650253303679345862e-01
1.550262233119982680e+00
1.915183359208132874e+00
1.723023327139598937e+00
1.317614993189162531e+00
1.339347993506840639e+00
1.712243724938549372e+00
1.773052574273706883e+00
1.087366022937131360e+00
6.108812224005551184e-02
-5.724915873566179814e-01
-5.092676071283241956e-01
9.160352374168977130e-02
7.259800871819491741e-01
8.108307077490524151e-01
2.282493225614756482e-01
-4.506395808824248950e-01
-4.798494181901387656e-01
7.587303508861618917e-02
3.659150000105413358e-01
-1.759973749337923055e-02
-6.127630701498537613e-01
-7.893852580416926834e-01
-4.402133881118026060e-01
-1.854574690518751845e-01
-5.877495674253955249e-01
-1.633946309953527409e+00
-2.554726191544546499e+00
-2.571074599061264010e+00
-1.691512159738845389e+00
-3.117233273746318756e-01
7.342988619540429251e-01
7.055602226062819282e-01
-3.439385330584632944e-02
-8.643726824218213034e-01
-1.675403218628779278e+00
-2.177233042366188531e+00
-1.857495781593276218e+00
-8.162388344818390928e-01
-6.476227218008376307e-03
8.104100555558912955e-02
-1.118410231001259192e-01
-1.184462843154136941e-01
1.772976593396026479e-01
7.387553596743923201e-01
1.593716042072150563e+00
2.355569931511338755e+00
2.387292012210552983e+00
1.676162544909094665e+00
7.121906656618773868e-01
-3.206648602853032996e-03
-2.510691746778977995e-01
-7.781553087695319837e-02
2.946997370819145479e-01
5.479746608407223274e-01
6.694417733761439671e-01
8.474866617994265550e-01
1.116423504654100007e+00
1.422022016901031805e+00
1.512856189670424234e+00
1.061808028818362892e+00
4.322147583159695605e-01
3.063183332709538687e-01
4.646169797685386071e-01
1.816590091880272151e-01
-4.452421211453981842e-01
-5.963736137553606875e-01
-8.914294438022170308e-02
4.360321755624514961e-01
8.090233105467229402e-01
1.187726390205747995e+00
1.226734520809166007e+00
8.613233224026470847e-01
3.256808068967614322e-01
-2.573483719547661197e-01
-3.215058983342413135e-01
2.402045670992086490e-01
6.841809338643145555e-01
6.786918794230519802e-01
5.528122374022024221e-01
5.418437353947120894e-01
5.387845309480236988e-01
5.086421387326234278e-01
3.234063272038614767e-01
-1.525897356765750223e-01
-6.173398998317166653e-01
-6.541864002298979353e-01
-4.729508672180621209e-01
-6.398543070764840524e-01
-9.039467323415079081e-01
-7.456057697243210214e-01
-5.719849592624055568e-01
-5.019491218613095773e-01
1.817089979289339538e-03
4.535058748741385148e-01
6.631063270273266363e-01
6.300663527161626254e-02
-6.303847365231232125e-01
-4.475606085442553894e-01
1.820151618829314866e-01
4.306404173675896230e-01
4.619369037512567333e-01
5.356248923485655844e-01
5.093376980136340437e-01
2.872930092799388380e-01
9.520598273813418722e-02
3.226374908032833555e-01
8.086075155354496280e-01
1.291592995419339251e+00
1.917798332816272211e+00
2.406247150885455710e+00
2.189241124379829984e+00
1.487419914987755387e+00
1.239684279483696860e+00
1.579298269893733231e+00
1.395546748541689697e+00
3.090883379309697920e-01
-7.648310039673207328e-01
-1.312302849877761801e+00
-1.322203733992629360e+00
-9.952425476800799142e-01
-7.519256916024152915e-01
-5.697155224780290350e-01
-3.478118882117133270e-01
-4.849310004581550704e-01
-1.217619031331860668e+00
-1.813112468911856290e+00
-1.319441471070491811e+00
-1.906257094624028980e-01
4.329337040217141608e-01
4.292139558644799124e-01
2.893523023860483101e-01
1.806264312256521121e-01
-1.034809897585686200e-01
-3.138960772041497482e-01
1.039560661176373163e-01
6.742008381049837684e-01
7.026527318451880610e-01
4.828106215440794990e-01
1.675913433695514487e-01
-3.905428777815027064e-01
-6.259724869886439391e-01
-4.042647656817087709e-01
-1.678980409905211080e-01
2.331890069728551895e-01
8.381657039582459667e-01
1.256594370338348421e+00
1.048299296533124370e+00
3.860330557642568938e-01
2.667597089835704871e-02
2.618552199796241320e-01
7.666349993298050558e-01
9.600885361356766845e-01
4.143846178640517297e-01
-1.396519990205007666e-01
3.094053031471152848e-01
1.039019465449954716e+00
8.936868702809546150e-01
1.584113226842144284e-01
-1.003931397120601809e-01
7.988657770900211563e-01
2.115992304877922781e+00
2.178759900012136264e+00
9.173670380447273009e-01
-4.348427353589535277e-02
-5.052653921879605298e-02
1.576614547457427240e-01
-1.664687664245291243e-01
-9.639676261824432490e-01
-1.319440632049576401e+00
-7.757617463401241809e-01
-1.438231285465352005e-01
1.455481567424746214e-01
7.490384125224687217e-01
1.551330457086063985e+00
1.608795842354204364e+00
8.328254249607556225e-01
-2.167997101966489815e-01
-8.425840262542863002e-01
-7.217225110040086378e-01
-2.764828053350258941e-01
-6.087263086170248416e-02
-2.270265271012181785e-01
-3.388781557082017892e-01
-2.213155154620813081e-01
-2.344895321901103169e-01
-5.377660074028141057e-01
-1.054719025490812756e+00
-1.525442072003004412e+00
-1.640718258365906790e+00
-1.386155049692869401e+00
-6.500261696604322514e-01
2.377412677424317333e-01
2.660402096129111937e-01
-6.261241514732960312e-01
-1.335877335512267283e+00
-1.222440462247988080e+00
-5.652739652162298567e-01
1.565268717651132069e-01
6.203593927008481668e-01
7.511344919559468369e-01
6.630585136844269201e-01
3.597508324774749688e-01
2.324091428157266381e-01
7.601819057770168309e-01
1.430265085620078924e+00
1.096401760468974640e+00
-4.452251944313524445e-01
-1.899171328001125092e+00
-2.122897579123907974e+00
-1.085088053134201980e+00
5.061063509336226618e-01
1.552752567046819410e+00
1.508097294021186752e+00
8.730500638471839769e-01
2.529356955121462441e-02
-1.042364080008506111e+00
-1.687804030340307015e+00
-1.342379984834486839e+00
-6.859666604431942094e-01
-6.845325541016914483e-01
-1.210723787029184040e+00
-1.698361914469874057e+00
-2.220091221131113457e+00
-2.721755653601828584e+00
-2.728606401348382615e+00
-2.728606401348382615e+00
-2.608990142176206284e+00
-1.607233072195221713e+00
-1.012511308135231047e-01
8.294609465834035245e-01
7.797277737246186557e-01
2.567537015909386877e-01
-1.995726712564232230e-01
-2.424040006960014593e-01
6.639159799177962035e-03
7.079842187386981012e-02
-6.181655334157739462e-02
-1.907586560766936223e-01
-3.777380185224343823e-01
-4.617690812415156110e-01
-1.665372892946205274e-01
6.447802607883927617e-02
-1.980623574270668485e-01
-4.669456463801262003e-01
-1.733766725360208483e-01
5.251264090289976538e-01
1.083955477487529517e+00
1.059615191604942774e+00
3.071792956276844788e-01
-6.723506228607354362e-01
-1.112888760627989804e+00
-7.070246547782423896e-01
2.450775509690508724e-01
7.788289869665713239e-01
2.180670282325945786e-01
-5.578927763091927616e-01
-3.849788432399644522e-01
5.195688833700375930e-01
1.293320881742141770e+00
1.566489130584555411e+00
1.274968162618614675e+00
5.653691868996448822e-01
4.033641536653187476e-02
-1.453180135827917274e-01
-5.572334355579430243e-01
-1.293380523050365882e+00
-1.640682200757708875e+00
-1.188591767677021904e+00
-4.203736098047305414e-01
1.346903674354074099e-01
4.005178109211867121e-01
3.679503124249711710e-01
1.563546707938590630e-01
1.856271556413173485e-01
4.190122122841281604e-01
3.361709124102151280e-01
-1.371382190998223505e-01
-5.784737469187920533e-01
-7.117534905670257483e-01
-2.543954488053398189e-01
6.520246749189007041e-01
1.276056750098584214e+00
1.674743136442832236e+00
2.198657110275401116e+00
2.352631340494820034e+00
1.731607872793180292e+00
8.767349796305015097e-01
2.803450048125502025e-01
-3.083105883533029390e-01
-1.040525015148092036e+00
-1.561973503551834508e+00
-1.315362296290486288e+00
-4.661121758938232551e-01
-6.965098168232126685e-01
-7.832563020811315058e-01
-9.028950560727436736e-01
-7.424323141201819576e-01
-2.082695388274947157e-01
3.927953243844146264e-02
-3.470347538761286380e-03
2.344518675373385638e-02
-1.220536176243239845e-01
-3.298751275315858211e-01
-1.173316277679251340e-01
3.347963814227444823e-01
5.619675051652950337e-01
6.261007303161331139e-01
7.672504639301600537e-01
9.442509138848861339e-01
1.131185886444044941e+00
1.127155106827427478e+00
4.246462156255464415e-01
-4.396663898465723030e-01
-5.523854157241062657e-01
-3.671038638259857545e-01
-5.775187579365398394e-01
-1.042035886526660571e+00
-1.291505911301488840e+00
-1.015446419319617544e+00
-3.682254740288058992e-01
1.954498666534549844e-01
7.325615946816774748e-01
1.163278001335790179e+00
9.602601002174918632e-01
3.605742586232251745e-01
-9.663886008279566620e-02
-3.317115153911979752e-01
-4.534756301145140833e-01
-5.384774832753813634e-01
-5.335368617321341045e-01
-4.562317213305466246e-01
-4.641239374102376081e-01
-5.153510626639375980e-01
-4.145001987912388386e-01
3.019904470341005717e-02
6.218375294088934746e-01
7.937300946054473005e-01
7.477541153766357196e-01
7.888951324117496888e-01
5.221622949272803904e-01
1.054533551786186046e-01
-7.558843357597989920e-02
-3.286666079971872767e-01
-7.595655471383225832e-01
-8.931641816752028395e-01
-3.908862767981157171e-01
4.138507895084789778e-01
7.628208711920737572e-01
2.656266769460463584e-01
-7.081455326133406780e-01
-1.423292114713315959e+00
-1.495864135682724694e+00
-1.076768566529976878e+00
-5.367374663791130152e-01
4.831725243495837985e-02
7.395095031637596295e-01
7.882856721787265819e-01
-4.838878046616558737e-01
-1.851507580045586243e+00
-1.700599266115812247e+00
-5.153531759477548713e-01
1.977259738217983509e-01
3.457641854186198627e-01
8.082065899648487317e-01
1.397846992371521768e+00
1.257335637605834222e+00
5.259324749441117719e-01
-9.963013203638083903e-02
-4.656784186494984934e-01
-5.510743860232018010e-01
-1.656452354170963315e-01
3.533955192497599263e-01
2.947192646765323665e-01
-2.688577619582663281e-01
-5.514092982933911369e-01
-3.315549603460777317e-01
-8.211563400259577761e-02
1.694993077661636482e-01
7.151838408700338379e-01
1.268438476316738894e+00
9.980166530722782703e-01
-3.381877680275423570e-01
-1.656670140149949288e+00
-2.101842270885167174e+00
-2.017477750958498905e+00
-1.850515727249992359e+00
-1.528703188814171110e+00
-7.200281767287510792e-01
5.979911594575181288e-01
1.713518765648402775e+00
1.894545693979615031e+00
1.500068672706792894e+00
1.304380684103043198e+00
1.168851883096557298e+00
8.979644736487339962e-01
6.402704472285850601e-01
2.783584899033030857e-01
-1.256704621056109750e-01
-1.376133137072456936e-01
4.484249541905085401e-01
1.207098559865085186e+00
1.390909452759026443e+00
7.743350625244980190e-01
-3.051761864093455734e-01
-1.514048902960331677e+00
-2.247457469680619990e+00
-1.950126697637947215e+00
-1.151176575208858521e+00
-7.949944512885179781e-01
-9.443941125673859238e-01
-9.438451842713961870e-01
-5.717705353427255943e-01
-1.858329878649090661e-01
5.102398295392236022e-02
-9.893457702819752342e-02
-8.680537235977606736e-01
-1.808166472929386037e+00
-2.007513375766763808e+00
-1.346600690882149953e+00
-6.595720589595339689e-01
-4.153069887130675375e-01
-7.769337083927441157e-01
-1.530191025156067974e+00
-1.570776445621325124e+00
-3.193833844660916021e-01
1.305277603234696215e+00
2.084656662134322769e+00
1.622401644024457523e+00
3.142647598334861736e-01
-1.069477505105692838e+00
-1.842757975393384484e+00
-1.737266539945984123e+00
-1.024933815801106318e+00
-3.848379895772446879e-01
-1.792002512924531221e-01
-1.918742951706789990e-01
-2.872763076945383798e-01
-5.013989899627054880e-01
-5.865392112886576026e-01
-3.100896006271661731e-01
3.104940993778612102e-01
1.250240511585152925e+00
2.061251461411068853e+00
1.819846600276823434e+00
5.094688250547254604e-01
-4.965406725452329861e-01
-2.556563260069338317e-01
4.873727834503737144e-01
7.654633684733875842e-01
7.836334616780775697e-01
1.046950508075429331e+00
1.624029211954903795e+00
2.028441047339109904e+00
1.960252949689646806e+00
2.043029195495531969e+00
2.526100891091731526e+00
2.594674264463094904e+00
1.947173600229261670e+00
1.336964811315205504e+00
9.700976494384633275e-01
3.880695594613309818e-01
-1.904607340215572209e-01
-3.072936359534360617e-01
-2.460418445251697506e-01
-3.894029164036640345e-01
-6.492587091361176066e-01
-7.836073612546091693e-01
-7.317769408591504599e-01
-7.089224530178739325e-01
-6.339346686008167087e-01
-1.124242976697832908e-01
8.432511223661263156e-01
1.668733361166928830e+00
1.765199849886869954e+00
1.202531961729644827e+00
7.346330656670370107e-01
9.103956215650775841e-01
1.353623892702889409e+00
1.201734736265833936e+00
3.949006527636793606e-01
-3.142023860722383821e-01
-4.786426463743836957e-01
-4.816542406411530863e-01
-6.902903716927314415e-01
-6.600235047121456589e-01
-3.734254723476460730e-02
6.086278125932760297e-01
5.457918722052201854e-01
-2.873859834363053922e-01
-1.216086480972490502e+00
-1.453830233547477979e+00
-9.165010724074406090e-01
6.172878885401575921e-01
6.276015336009824752e-01
-6.836640543861545460e-02
-8.465771025597125243e-01
-8.097722138421389326e-01
-2.382783730960798263e-01
1.016490498164359796e-01
-4.226893531609673266e-02
-7.628012139429726224e-01
-1.725850717961423975e+00
-2.220079689332817185e+00
-1.945230569071688009e+00
-1.169567161154471790e+00
-4.355462012707513875e-01
-1.066471948932086189e-01
-5.962329878500606528e-02
-6.328140057927024442e-02
-6.928778673748545169e-02
-1.647705608859552640e-01
-3.066747285367434905e-01
-6.214405140553978107e-02
3.815888067123031080e-01
1.222625778111838535e-01
-8.478287273257840706e-01
-1.683050635925230409e+00
-2.044757661223504108e+00
-2.197988416948977619e+00
-1.988803457512676953e+00
-1.009268652368058072e+00
1.956481934470269135e-01
8.011353034010159080e-01
1.103201047588674211e+00
1.388019256228950393e+00
9.890228090229790103e-01
-9.125788666610884503e-02
-7.617487318418464382e-01
-5.936454483745093880e-01
-2.541674954846549483e-01
-2.871993713778281943e-01
-5.628027956894482431e-01
-6.022997493317606699e-01
-3.243804168101994678e-01
-3.151368566836162954e-01
-8.239220485199761912e-01
-1.245096801828918576e+00
-1.313095926090199983e+00
-1.497075251276411167e+00
-1.759199103205203452e+00
-1.534100132711665010e+00
-7.874315311430749587e-01
2.267003366805474263e-01
1.276093422457135418e+00
1.866950659046669569e+00
1.761839557801171186e+00
1.282908882101746251e+00
4.780267610620996255e-01
-8.452722946919467573e-01
-1.946021808916904794e+00
-1.796879488029367034e+00
-9.014535613259823110e-01
-3.757852252197341758e-01
-3.445753374410225889e-01
-1.728117814513049078e-01
7.104367751447998591e-01
1.876251166586371921e+00
2.297864739492636144e+00
2.045261861789223090e+00
1.706031254827955479e+00
1.081101068243194074e+00
1.065963195028169080e-01
-5.236874468229663071e-01
-3.949461948483483642e-01
1.535776981365549465e-01
4.950821668003477227e-01
7.355566989774037223e-02
-6.875848950678382643e-01
-7.094170603464517999e-01
6.986351925354092329e-02
6.067693952844819272e-01
4.071015541892378797e-01
6.523636607542000754e-02
2.225121009970132402e-03
1.487080604029273889e-01
4.832048596242380367e-01
6.919384708317709576e-01
2.600877672494901760e-01
-5.970321473121036338e-01
-1.072144562115668665e+00
-9.695110360341140376e-01
-6.116106687787092877e-01
-1.171787829377776424e-01
4.386190887643419134e-01
9.092784227814927345e-01
1.098452511466792902e+00
9.445855842789139256e-01
3.162690096928144068e-01
-5.306361345339776214e-01
-7.185145238191184003e-01
-5.387136742196509120e-02
7.003842201024895742e-01
6.647886594099450264e-01
-1.714135590123496700e-01
-9.001693495596693184e-01
-8.653137977863912811e-01
-3.848834885224041713e-01
1.675811503968759608e-01
8.946430774623908011e-01
1.262203999238229679e+00
6.020989317132311447e-01
-3.698869234004857898e-01
-5.531921923775356964e-01
-1.493436507890198162e-01
-1.766975478785555720e-01
-7.507140645616457997e-01
-1.046861725125991072e+00
-7.974091024588302323e-01
-4.894144608468920521e-01
-5.878248571399732336e-01
-1.030411616031780220e+00
-1.186108073895488113e+00
-6.239148473280400342e-01
5.068693111101900683e-01
1.739798356476768282e+00
2.230117459688964132e+00
1.764353649539482483e+00
1.015452258169194710e+00
9.320004388157729358e-02
-1.126355633532216016e+00
-1.692978617654449458e+00
-9.197793484076647319e-01
1.884026374406616300e-01
5.216025619362073540e-01
2.153656399673882782e-01
-2.225597102323529919e-01
-4.047167544760476576e-01
-1.613823621069555847e-01
-1.988501313461472561e-02
-1.323080500344467891e-01
1.113237817783473138e-01
7.011709126501733946e-01
1.061524364393672926e+00
8.961262370348530570e-01
2.865729875434974150e-01
-6.278071278141256206e-01
-1.571934933196843076e+00
-1.489606430565672213e+00
1.084527734977327740e-01
1.928881032096606551e+00
2.719917513347330118e+00
2.691054915409621273e+00
2.072969142504474505e+00
9.933981889431550139e-01
9.801954767868580054e-02
-4.487448687593239074e-03
2.308023691929587118e-01
2.052032781391865957e-01
-2.077536482469646006e-01
-6.514854888843950587e-01
-3.827812770885039018e-01
3.432866470765347233e-01
4.275481830188359034e-01
-2.658551878294101445e-01
-8.724752299681748369e-01
-9.091186114663629692e-01
-1.049858005799458205e+00
-1.738163676373326805e+00
-1.919954470287571269e+00
-1.125048890137763991e+00
-3.554156083844223768e-01
-6.580530983807494905e-02
2.377255670411892660e-02
1.146453640358178205e-01
6.111240314096193504e-01
1.652943924318263980e+00
2.523121321601839995e+00
2.515194602568694204e+00
1.746515929062330441e+00
1.036693443049392371e+00
9.170566288384842668e-01
9.762903882905281661e-01
8.131637609708686210e-01
6.994494571077487510e-01
8.977155244471294315e-01
1.219739111201427084e+00
1.159425769719354182e+00
5.218685368791948775e-01
-1.500583457266132514e-01
-3.475558596207027340e-01
-1.923700845006067195e-01
-4.427916799576418067e-02
-6.280139538396375953e-02
-3.342539795900500987e-02
1.372666457887647129e-01
1.869618143615427164e-01
-9.576605712561782335e-03
-2.527802729383322733e-01
-3.410598527314510631e-01
-5.420257731193407758e-02
4.788620431316690240e-01
5.961854500361161158e-01
4.305238232488685091e-01
4.570903865401054200e-01
1.835461397107963077e-01
1.634750833940784853e-01
6.194416055178693092e-01
1.101941587886036578e+00
1.266440962983269580e+00
7.556735242103671535e-01
-4.414604070473254205e-01
-1.145672220456562584e+00
-9.429447801585865152e-01
-8.869325869361404102e-01
-1.304606711688022003e+00
-1.250120522430105963e+00
-2.644475642289966788e-01
6.469380375149959006e-01
4.030298157060370756e-01
-7.106169389885930165e-01
-1.475261985520759600e+00
-1.335439104042602354e+00
-7.889147239993145044e-01
-4.252977018827373001e-01
-4.727710736782722023e-01
-8.150113135496691585e-01
-9.793469447015235030e-01
-7.200367915388158346e-01
-4.850729644339726310e-01
-6.365606220930997150e-01
-9.354861588840424069e-01
-9.429582643235336903e-01
-3.043662407211088494e-01
5.326565457025541628e-01
5.736095334159919679e-01
-1.132919935964003810e-01
-7.888649500519689939e-01
-1.086736967194879888e+00
-7.886045076270761234e-01
-1.023811239095357289e-01
3.505527388393362420e-01
8.393197783665153067e-02
-7.122675031315777172e-01
-1.183880761880747645e+00
-9.115925502138649827e-01
-3.926646953582774158e-01
-1.824079546204323832e-01
-2.478822261099803692e-01
-3.516749558230760631e-01
-5.588422100138051851e-01
-1.016712156244510057e+00
-1.045058427891282671e+00
1.487520725855864534e-01
1.771986794183038061e+00
2.391877086453114476e+00
1.877205023524967320e+00
1.172322506818945342e+00
8.493363926797877772e-01
4.871951274104819318e-01
-3.527066403418773616e-02
-8.425310509175744367e-02
4.171697792798219617e-01
9.616106482024151525e-01
1.234607363581826434e+00
1.147610030339590859e+00
1.064279213796305967e+00
1.748922250484625796e+00
2.704899735875851530e+00
2.202469251839201281e+00
8.432564462525421467e-02
-1.955824869173309999e+00
-2.718983011100450931e+00
-2.225225476851461437e+00
-1.014017518792327266e+00
-2.201970667388663816e-01
-2.693910128750401367e-01
-6.261941005544044980e-01
-1.007227766379015010e+00
-1.408020655851004221e+00
-1.545399145873267210e+00
-1.210776187889540223e+00
-9.318503739469782277e-01
-1.039737126424779889e+00
-1.209950540160239951e+00
-1.615033742143301643e+00
-2.276007136653000362e+00
-2.347322344521756143e+00
-1.598576840486110040e+00
-6.043759735108834574e-01
1.478403414278798567e-01
5.763851587175721214e-01
1.072477864428084349e+00
1.460465163987849868e+00
1.281520062080059530e+00
1.095777581514663312e+00
1.148164187844161965e+00
8.118069685095943289e-01
2.107393874995413252e-01
-4.778343308970628422e-02
-5.557208755723119786e-02
-8.727653661279012598e-02
-2.234810828208498301e-01
-5.271060764886530414e-01
-5.521345734935729777e-01
3.580451968103134236e-02
6.780988051802031569e-01
9.825925769885093253e-01
9.919807228578918501e-01
4.939983640556340205e-01
-4.276613615864167106e-01
-1.101189731395392890e+00
-9.453771235319916588e-01
-1.250708058210849849e-01
6.729518654089543528e-01
1.074363059786205055e+00
1.290321921597756383e+00
1.718880342769335323e+00
2.126351481764078510e+00
1.685976353047966558e+00
4.009510309082165991e-01
-5.675835705621664617e-01
-4.131290101017049410e-01
3.547248432070831958e-01
1.175115817412175856e+00
1.955550821667261685e+00
1.897768150907624740e+00
5.666015741117004234e-01
-9.110141775729608815e-01
-1.463182540847735247e+00
-1.343745511877709964e+00
-1.147151847986700002e+00
-7.154361751925845114e-01
6.901799105644783328e-02
6.452583465545577157e-01
6.222611558575732449e-01
3.967254576373649422e-01
3.702438295117816969e-01
-4.902996333937616885e-02
-1.231215033275600668e+00
-2.272397512355662563e+00
-2.520801574806793344e+00
-2.101207866141153513e+00
-1.239262900647481569e+00
-3.410334712232117038e-01
1.017356202153652522e-01
2.566882202527982493e-01
5.647961289602561052e-01
8.810531165146777699e-01
8.387745916896685028e-01
5.747756257472753649e-01
5.378606764575125654e-01
5.926169588232345076e-01
2.580008594245450371e-01
-1.970412035321093824e-01
-2.644577323777112521e-01
-9.982039029080688654e-04
8.464578737343324277e-02
-4.505060832488817502e-01
-8.918715616495562770e-01
-3.953455164269155109e-01
4.365409577186498691e-01
6.862305917631297270e-01
4.918696567710750811e-01
3.542991965649344155e-01
3.278529772039318058e-01
3.893399220358096380e-01
8.589992795196800257e-01
1.615814368764557418e+00
1.852819854850971781e+00
1.424681975877460038e+00
9.388037667089254024e-01
8.049713045071172912e-01
7.700646151554366714e-01
4.720079261773213464e-01
2.556797596204079745e-02
-2.927186466372933005e-01
-2.163411243608343582e-01
2.329007026586165860e-02
-1.749024777742146097e-01
-7.135898813347866243e-01
-7.661663024841386394e-01
-1.959170914746422854e-01
9.911335708774726694e-03
-3.140845548839144019e-01
-1.587428784391907710e-01
5.895099499242804075e-01
9.247063445367896817e-01
4.595856509364393827e-01
-1.495479654042181084e-01
-4.672549114248383817e-01
-4.473478630581790294e-01
2.424408205784579339e-03
3.658040073970304507e-01
1.063363720639988741e-01
-1.339162117138861241e-01
2.885355550541695568e-01
9.406612995019617562e-01
1.345084629541866361e+00
1.430648776646832321e+00
1.040170289111893354e+00
1.783750137064800401e-01
-3.605746473288841125e-01
-7.462972789743642643e-01
-1.887561352775287693e+00
-2.758457195509597337e+00
-2.758457195509597337e+00
-1.775913969440380269e+00
-1.709234644971296124e-01
1.173103385530914311e+00
1.805025372873208189e+00
1.641852779027533016e+00
1.230805942614833448e+00
1.041287211171269877e+00
1.005936064411921516e+00
7.681245885459132561e-01
1.776210301013085302e-01
-3.659219105845083475e-01
-4.317917352753259386e-01
-1.750331748039614665e-01
-1.715230634670018017e-01
-2.499441048749040106e-01
2.288901836968117443e-01
8.971732196297299566e-01
1.239656359377829142e+00
1.278767445549373383e+00
1.006786774392328665e+00
3.171337041593039752e-01
-6.674618364781028657e-01
-1.183945714844202080e+00
-1.033192479950875819e+00
-1.211204113249711112e+00
-1.790984322702649401e+00
-1.480495345935880946e+00
-2.296720955108604301e-01
2.707657528616945197e-01
-4.238394257081861682e-01
-9.077668987114440036e-01
-4.528015722035397261e-01
1.653381568743964580e-01
3.712768757576448975e-01
4.956568709644580406e-01
7.140023119591508705e-01
8.812986857483472436e-01
8.278581330191320253e-01
3.485935516560063618e-01
-1.749477614340151921e-01
-1.974746047974273166e-01
-3.666445389419318301e-01
-8.842501210594452266e-01
-7.336046490627488037e-01
-9.060431649767779205e-02
8.456706749862780148e-02
4.431034650300683109e-02
3.963986619573814374e-01
6.925630211632560762e-01
2.150675790705340873e-01
-6.532601671183823067e-01
-1.125590021871813562e+00
-1.186142520202130957e+00
-1.176707242792682795e+00
-1.190860552476265211e+00
-1.141055934904030789e+00
-6.833137009734698841e-01
2.236594056971335231e-01
8.378912421773558883e-01
6.995099453627166008e-01
3.642566040317179454e-01
5.066588175199029376e-01
8.146271209129541946e-01
5.662253124363455514e-01
-9.384780495083926144e-02
-2.174996617632319051e-01
7.648214781602932222e-01
2.197917546391920940e+00
2.761580444072933016e+00
2.761580444072933016e+00
2.649129777344795933e+00
1.707328499213507378e+00
7.972909661884574062e-01
3.738744756552490889e-02
-7.003203081927068530e-01
-8.459507381282629357e-01
-1.087691682004432447e-01
7.814009542625126592e-01
1.115800768062702009e+00
1.120148623709682267e+00
1.356765618462365097e+00
1.610700605455951173e+00
1.127424844474523846e+00
-2.127492790748839180e-01
-1.264661898107993121e+00
-9.257536149208369647e-01
4.175712175140874338e-01
1.659828032981817580e+00
2.360496228490271520e+00
2.424891344496394652e+00
1.824480967448027124e+00
9.856962625546673573e-01
1.934039347348191495e-01
-5.913863612389469449e-01
-1.052155606292236589e+00
-1.062964424056271451e+00
-1.091026807824913458e+00
-1.230323534713396727e+00
-1.390833433704514732e+00
-1.800128612970575803e+00
-2.281023124538456681e+00
-2.219948332064331620e+00
-1.352598471397881585e+00
-8.229620974462358018e-02
8.797176661601622261e-01
1.188273930272786050e+00
1.055339899553630056e+00
7.826584085534554758e-01
4.934702485086995272e-01
3.069492898909703671e-01
3.064775201759122880e-01
3.074270773713020377e-01
1.087425172640379828e-01
-1.217683948725020449e-01
-9.422627886828804922e-02
-4.389539448893256535e-02
-6.676624849733280020e-02
3.646732833758281056e-01
8.987835581763753412e-01
5.223737393540945906e-01
-5.102683643576235717e-01
-9.501850265546954999e-01
-4.367302943782794267e-01
-8.205245619282550487e-03
-3.600150698786653281e-01
-7.611766731469332692e-01
-6.884351488918383222e-01
-5.166798904813109106e-01
-2.789191692000658196e-01
9.560745246971810718e-02
8.292435640837836353e-02
-3.844993393588445607e-01
-8.064215605230276029e-01
-1.179155828036990483e+00
-1.452417650850277520e+00
-1.281727666162758794e+00
-8.109475726935162498e-01
-4.620901484350790067e-01
-2.227583719376086402e-01
5.122051593783671919e-02
3.203166180379655725e-01
4.513006952696242968e-01
1.041946715835527226e-01
-8.673192004749776807e-01
-1.883794808937308440e+00
-2.190898219403544900e+00
-1.871728533754278390e+00
-1.435774580052095351e+00
-9.917758312082531891e-01
-3.666928774661202817e-01
3.573801019347340180e-01
5.856584600906595828e-01
2.439828828676336991e-01
4.547524452925689326e-02
3.100636208699398266e-01
6.414886828564613230e-01
5.649580477989831762e-01
3.599035718539619899e-02
-5.710853827625058665e-01
-6.944045443731373668e-01
-9.035356240221946444e-02
7.555400857059689779e-01
1.174277613863473624e+00
9.442843945780626802e-01
2.008186561278685889e-01
-7.153621325560294286e-01
-1.160199094907847117e+00
-9.024502403318392929e-01
-3.967078848064630736e-01
1.065409805553775707e-01
5.518207647543761363e-01
9.455199145894039869e-01
1.192736452542616954e+00
1.050058665567907168e+00
8.957728626201101330e-01
9.719712154301777263e-01
8.148721986135167850e-01
2.486276150495262682e-01
-3.389941805134153996e-01
-5.546236689775503326e-01
-5.022202663674362189e-01
-4.127059058947816217e-01
-2.099426991146025046e-01
1.379006141578870692e-01
3.813650336123894369e-01
3.894011559206381201e-01
3.285896707911330483e-01
3.301957471992009729e-01
4.491599983359584325e-01
5.619108178328097170e-01
2.160374635770331009e-01
-6.058166736082098991e-01
-9.274080455032071013e-01
-3.155671833108066315e-01
3.315560026842553354e-01
3.722543284660491669e-01
1.174756069345122667e+00
1.797450852704508995e+00
1.724773656240276676e+00
1.060463538861289523e+00
-8.651289504163532651e-02
-1.616405702848727532e+00
-2.788905954059217596e+00
-2.788905954059217596e+00
-2.788905954059217596e+00
-2.422519018339066132e+00
-1.289402897796467995e+00
-1.394676589971501415e-02
1.285372784437854188e+00
1.807004615426792249e+00
1.144847097486785259e+00
3.858722251153255400e-01
5.916743933673650480e-01
1.418192259013487222e+00
1.941621969958134297e+00
1.881324463080420006e+00
1.483564352741301828e+00
7.045923764745152251e-01
-5.267696299164633666e-01
-1.371367846255461931e+00
-1.125189787685970666e+00
-6.197770628747808486e-01
-4.103137206472093901e-01
1.913354429893086850e-01
8.866753912044422758e-01
6.509547532182580198e-01
-2.311773796121684432e-01
-8.183156895174338308e-01
-5.731317913383808804e-01
2.262095373905803064e-01
6.567052085753427582e-01
2.902438459105045609e-01
-4.290542296017781781e-02
2.985709821288698440e-01
6.514880587952643909e-01
1.793518392698454644e-01
-8.802118435091951243e-01
-1.472106762538861746e+00
-1.220714234792341646e+00
-8.900468666909366888e-01
-1.029174478751742949e+00
-1.136318543858738428e+00
-6.366435840623954068e-01
2.277495387647942293e-01
6.935865017754589967e-01
6.906083733746130049e-01
7.162888711035294564e-01
7.743931658902715176e-01
6.662450793267962190e-01
2.060445616865423657e-01
-4.747791498401967569e-01
-8.746933989193109715e-01
-8.605852372413902440e-01
-6.833066828882103927e-01
-3.791614113676798903e-01
1.269151637205156169e-01
6.030152080688049310e-01
7.663369505509721735e-01
6.154653272145580445e-01
5.168479803517820326e-01
7.580674996288933043e-01
1.122891812903929587e+00
1.336584837151911342e+00
1.333579349762153310e+00
9.837822075708066993e-01
2.271353309233224427e-01
-5.491913468969968903e-01
-9.318362594178417613e-01
-6.479454512449663861e-01
3.342764377860250047e-01
1.106019367781361895e+00
1.021622487467587437e+00
7.664912724905651453e-01
7.700081786879895418e-01
8.324204008561975066e-01
1.027421702226773759e+00
1.301523678637737325e+00
1.536645890450980101e+00
1.835164331699021378e+00
1.985356772121779967e+00
1.727363259887743085e+00
1.205884086357196905e+00
6.386921794664790486e-01
3.529970116881785414e-01
7.585404995937582440e-01
1.351702805532779994e+00
9.675245027899372907e-01
-1.371107345207878969e-01
-7.386989032572891523e-01
-7.351193412571932484e-01
-6.386500655153166672e-01
-4.735151323930144041e-01
-1.920213082699251395e-01
6.154844158368933012e-03
1.052930182003111864e-01
9.140526528758778635e-02
-1.596770397104958217e-01
-4.053494363768856967e-01
-2.194358822424596622e-01
1.505649757886672914e-02
-2.646544217267723376e-01
-6.506937521169066097e-01
-7.253675304608722119e-01
-5.042834054917323394e-01
-2.694819627843590970e-01
-3.908496440488921642e-01
-8.203222065843418509e-01
-1.409763549042716280e+00
-1.885273599781029485e+00
-1.861640373522924552e+00
-1.558999327386157763e+00
-1.414273463484915450e+00
-1.472628624072234160e+00
-1.472628120055284873e+00
-9.759352328969286283e-01
-1.621408134511548860e-01
2.195138268584250762e-01
1.047462559029566226e-01
-3.322176180182767058e-01
-8.624548713372187647e-01
-6.995396869022459940e-01
2.461685962929232585e-01
1.092229170747016198e+00
1.181531221790772967e+00
5.406731591723413777e-01
2.674970612952053822e-02
2.689231723672485530e-01
8.434816260402340227e-01
9.428089820295616486e-01
1.965570693848442962e-01
-7.774066526404408428e-01
-1.110147648951661292e+00
-4.460545915279623963e-01
7.396911021029165534e-01
1.253429371154761940e+00
6.932646304366513190e-01
-1.081454996217451753e-01
-6.112030504645995510e-01
-8.450173928540949397e-01
-9.586825655050632555e-01
-1.342972826953424681e+00
-1.929378325524237381e+00
-1.999401670284398191e+00
-1.240037289274076304e+00
-3.739965292290807763e-01
-2.725712422996001694e-01
-7.761720803815975733e-01
-1.136018410482550589e+00
-1.049151904453948125e+00
-6.951856718391261625e-01
-1.886046194712731605e-01
9.768331906326968572e-02
-4.200100484286060087e-01
-1.127670340205971344e+00
-9.838490756058579922e-01
-2.654340998826273390e-01
4.144897531673328861e-01
1.032589806914633535e+00
1.537273434270753691e+00
1.401682425848903124e+00
6.777688436611306599e-01
7.537855474260998778e-02
-2.767882118497771438e-01
9.240852947628001163e-03
1.323732644722687812e+00
2.452939551090989045e+00
2.147053310518479474e+00
1.187189718875831801e+00
6.967335938591288080e-01
4.344052762527939038e-01
2.396353962008678784e-01
4.022921264522241191e-01
3.985249699714095151e-01
-1.097151996706699911e-01
-6.636070761987408195e-01
-1.022737896868874952e+00
-1.000198218073307332e+00
-3.597050006897598573e-01
2.744295619185395663e-01
3.339532038469964492e-01
2.572078645898602245e-01
1.782663826441457100e-01
-5.442196106024498048e-02
-1.044428955376679735e-01
1.919838204317355634e-01
4.348866620998465549e-01
3.843771622081681993e-01
4.425598441998585542e-01
6.809747789611966251e-01
5.375919143461581617e-01
-6.784267695071503901e-02
-7.140324602715171221e-01
-1.205445481570452726e+00
-1.470978813327187940e+00
-1.234455260997725290e+00
-5.753831678808156713e-01
5.371453826231362694e-01
4.726213312217155682e-01
3.942507996344352811e-02
6.584457456227458746e-03
3.024448001918612627e-01
5.337122003927953218e-01
7.237236438682493889e-01
6.739976712188193719e-01
4.188290598411841259e-01
2.722524522964125948e-01
3.207243701116736512e-01
7.025037341132686075e-01
1.275304486597212961e+00
1.294757192407100188e+00
5.994940429376081070e-01
2.286770158700983657e-01
6.560806129530069031e-01
1.209749203463284850e+00
1.191296664135318428e+00
4.881919857811062302e-01
-4.079683319219069570e-01
-8.200105298684039479e-01
-5.751963169386472563e-01
2.064102681168170431e-02
5.890563300276506764e-01
7.655217710089892158e-01
3.713656331509786468e-01
-3.494972957388999268e-01
-7.376506962736816275e-01
1.467234659539880595e-02
1.632943372823412620e+00
2.454070795273409988e+00
1.759312228464908978e+00
8.856138340117390984e-01
1.056206052810120477e+00
1.567107027212953252e+00
1.357481481073770091e+00
8.598368819547527186e-01
9.739394173407351918e-01
1.476953367992690502e+00
1.374073425147450234e+00
3.154259512625754991e-01
-1.088489964316005087e+00
-2.038621259733243818e+00
-2.072633334719339526e+00
-1.329901336195357553e+00
-5.726151708968806320e-01
-5.503022496213780812e-01
-1.006236215411684398e+00
-1.132560216341371495e+00
-8.805868550496624980e-01
-4.856385679222302576e-01
1.589370513363323190e-01
8.248402750091111679e-01
1.314285427201886236e+00
1.882139009741702118e+00
2.245561184371168473e+00
1.870618144662180793e+00
9.011260171539139385e-01
-4.309506234464665492e-02
-7.337965163577988559e-01
-1.638884475533231688e+00
-2.542815502649648618e+00
-2.410809557215450649e+00
-1.204461801404719479e+00
-1.457950179309074334e-01
-1.263265641483885815e-01
-8.272623177495694868e-01
-1.418556741053139891e+00
-1.381356854538960954e+00
-9.204596841175149979e-01
-4.122726396475451249e-01
1.096984712665853984e-01
5.980155664253410386e-01
9.619290808812639426e-01
1.169979117472010666e+00
1.265767104210914651e+00
1.148198311419548201e+00
6.853484957542894662e-01
1.743633615095242506e-01
-4.695915256862640691e-02
-2.926833952343462983e-02
2.453861953845634103e-01
7.092885064147446128e-01
8.610575596247566077e-01
7.477884383156931936e-01
9.065745741108752753e-01
1.080599963990951373e+00
7.030220594463471029e-01
5.278607045731143615e-02
-2.674512376998540164e-01
-2.831695798243098472e-01
-2.164217110374654918e-01
-1.124164797083150036e-01
-1.837774309788005322e-01
-3.048572572668078462e-01
3.456775827038582188e-02
6.016138816408165280e-01
7.040944299212579249e-01
4.028992077264228477e-01
1.855713866985043703e-01
1.717159936775859985e-01
8.851950082447618273e-02
-3.110156783780999024e-01
-7.019786564270201756e-01
-4.828739164068145961e-01
4.338755913395256902e-01
1.187430865234468058e+00
8.054396696295175184e-01
-2.911049938310171226e-01
-1.050686644111483270e+00
-1.404297959122293049e+00
-1.642628365556104697e+00
-1.702006871425793433e+00
-1.258388389064880375e+00
-2.727146448872705409e-01
6.450174024860487743e-01
8.555844158541094924e-01
3.697273064301205281e-01
-3.479929987066081032e-01
-1.026941681579235821e+00
-1.509588196962604600e+00
-1.611760301255107830e+00
-1.193989895785440014e+00
-7.418367644115169135e-01
-8.524118708243465514e-01
-9.170174651574687363e-01
-3.265746239539198958e-01
4.372316151160012820e-01
8.469364691679422963e-01
9.836219413134636991e-01
1.236260910404076041e+00
1.694021543430164645e+00
1.803506227952377028e+00
1.143313202071120749e+00
1.277571601218721598e-01
-5.631915739017636646e-01
-5.628561823992351831e-01
3.256018974245501463e-01
1.436606133083219383e+00
1.351679259329988669e+00
2.074473368929710404e-01
-5.473868703210349462e-01
-6.423592101991457692e-01
-5.881109467605870611e-01
-5.383191649905400000e-01
-7.075492849285385244e-01
-1.202603594959910538e+00
-1.672182766554902056e+00
-1.632976272487968394e+00
-9.858455468913720487e-01
-2.633804845977741893e-01
-7.284686680923903486e-03
-1.171723742258222595e-01
-1.447687182022899255e-01
3.592238023431910954e-02
2.291487111513592148e-02
-2.946391277531585917e-01
-5.452772390780172840e-01
-4.386789769340715961e-01
-1.981385103084444266e-01
-3.895207050846519192e-01
-7.790685522332183588e-01
-5.233849245973595243e-01
3.864999582199664108e-01
1.244359335330110783e+00
1.668353695558655980e+00
1.657645671870852988e+00
1.235565930088367237e+00
6.657996713636449293e-01
5.267334114357518082e-01
1.009571855955750053e+00
1.340599813122754114e+00
5.330924393620991575e-01
-1.030888928005138316e+00
-2.085570739749254443e+00
-2.294126810938641015e+00
-2.193475886913216044e+00
-1.794435991235276751e+00
-9.342545011300763536e-01
-4.994241553390389998e-01
-8.223510788559185158e-01
-7.646789802621283272e-01
-6.944752969408331256e-02
4.138944895920799727e-01
4.219844832488451325e-01
5.020870494578064808e-02
-5.151207539136990476e-01
-8.931346657392114086e-01
-1.070762027537889294e+00
-1.291119046671206361e+00
-1.489530468340743097e+00
-1.439938470046891350e+00
-1.188139750511802317e+00
-8.669925972471453912e-01
-4.109500481061791888e-01
3.323746671980959411e-01
1.015841350937449983e+00
9.280241862462625946e-01
3.344959879884557563e-01
