-1.059533825212372049e-01
-3.020443928379680232e-01
-4.963604674051951826e-01
-1.528341290434512556e-01
8.538951253873158231e-01
1.796517341229941778e+00
1.742348582752322628e+00
7.638874484753258587e-01
6.505258686586640714e-03
2.044452224062074386e-01
8.866834692451260880e-01
1.248652810935406254e+00
9.020466246251629405e-01
9.281462442747040464e-02
-5.521663516310609809e-01
-8.004092999093478378e-01
-7.378882411602947222e-01
-4.052942776097107624e-01
5.637327692535437987e-03
2.645049716499179304e-01
5.016505312394691218e-01
1.060358538985318511e+00
1.865260329872224565e+00
2.371865739363121950e+00
2.169261903483415299e+00
1.274097268798819238e+00
2.084213632074564948e-01
-3.437736824502572452e-01
-2.727647322769604157e-02
6.552804948389958639e-01
6.389863677875194936e-01
-8.680961344179585759e-02
-7.072025072811360946e-01
-9.268447826273307211e-01
-9.383571154776840784e-01
-8.280071183009960478e-01
-2.290255555807457766e-01
8.238285917759893273e-01
1.627536724613338759e+00
1.962699050527130895e+00
2.108821004807556854e+00
2.388166352642701273e+00
2.705443380178170987e+00
2.341308479719386604e+00
9.901109062894891677e-01
-4.787203185431097574e-01
-1.204666903931549626e+00
-1.300669728092455291e+00
-1.110110509706646154e+00
-7.354486169684070207e-01
-2.633978302633574464e-01
9.011623024065502918e-02
6.443568180141748258e-02
-7.803449282716645730e-02
5.385691330762479301e-02
2.770830686091507178e-01
1.824022487396739778e-01
-3.907472458635298795e-01
-1.316868058853240431e+00
-1.912643045052085267e+00
-1.824517186554897696e+00
-1.741527249860348681e+00
-1.840029707922784086e+00
-1.650458075811540359e+00
-9.573297767425139604e-01
1.218478395148273052e-01
1.075698238128171447e+00
1.480948831933930787e+00
1.284285031926320597e+00
6.257032240108951759e-01
-1.609643267457459836e-01
-4.376084719829013148e-01
5.990732488914576881e-02
6.035093028026130568e-01
6.961366789664078514e-01
6.031054960870650961e-01
5.442079866779059305e-01
5.366759552396838107e-01
4.017890847494848816e-01
3.062303142466293870e-02
-4.459187507795634997e-01
-9.216405960941865816e-01
-1.289175338770900181e+00
-1.406850644716323817e+00
-8.787021050628853747e-01
3.779092599110792650e-01
1.385932659194137662e+00
1.265386013240594076e+00
5.951169816197852125e-01
3.842812856608728289e-01
6.716990897548064110e-01
1.018519594819937035e+00
1.242600263795424542e+00
1.520449659364979000e+00
2.068008816449626419e+00
2.317001498686218408e+00
1.426942531901009392e+00
-1.483443579130234447e-01
-8.518380714801170317e-01
-4.455076229256703102e-01
-3.103250729783713635e-01
-8.394931468391179097e-01
-1.228181199984701433e+00
-1.128500372893951553e+00
-7.783129265032782129e-01
-3.944946276896742487e-01
-2.198240851409128949e-01
-6.047824301356417021e-01
-1.447532808219683442e+00
-2.074176205562932473e+00
-2.213806775938568894e+00
-2.262384806842894225e+00
-2.324989790811497592e+00
-1.905976404622857112e+00
-8.175516128601988397e-01
3.372720315836318372e-01
7.590450603176877031e-01
2.537120646454540385e-01
-5.276059868325191360e-01
-1.109955458794769534e+00
-1.334206009320481723e+00
-1.016753985237470514e+00
-2.553644772256387085e-01
7.169711573250520109e-01
1.302498842251858413e+00
9.329450857822698673e-01
4.318876760060010034e-02
-5.182759827534554331e-01
-5.580215463926599950e-01
-3.590951172998231855e-01
-6.861876916485525058e-02
3.310742209134379666e-01
3.993065432177103080e-01
-1.301239502924608216e-01
-7.838149351883206828e-01
-1.200503170112437790e+00
-1.159331450291247734e+00
-7.769210276249047809e-01
-6.969239122657110430e-01
-9.683469531256687635e-01
-9.548716742445707562e-01
-6.178669851730697049e-01
-3.847834272401589040e-01
-2.274635072375472689e-01
1.411776822648471430e-01
2.358282916165808096e-01
-5.834838244278924835e-01
-1.336846499002330768e+00
-8.885251274404623034e-01
-6.967585465792869651e-03
2.689767121127698002e-01
2.240904227489736444e-01
3.571415421214207964e-01
5.693160277392630420e-01
7.206322968744172108e-01
6.759891271290953130e-01
2.656273227330868680e-01
-2.873728083286831714e-01
-5.566073107649609497e-01
-3.435032630847270618e-01
1.189460452381718852e-01
3.546857336970539176e-01
2.640848004292878914e-01
2.054887766205811539e-01
3.622502213459746212e-01
4.350701502339573978e-01
4.975784603385741828e-02
-5.256902224394504053e-01
-6.337531416197426104e-01
-3.261527529112181467e-01
-1.427687825398209209e-01
-1.738086032246678458e-01
-1.902133067804563371e-01
-2.265522107176386191e-01
-4.321317675089931254e-01
-4.703111076019939607e-01
-5.254651336431846037e-02
2.748685321203463983e-01
6.105528452306942244e-02
-2.160608178910603527e-01
-8.699640490433520335e-02
9.768646344333721532e-02
4.085187308720668597e-01
1.368290964940225951e+00
2.344188548469123834e+00
2.322676706645836475e+00
1.251229683990704444e+00
-1.136550792679953820e-01
-8.740116987730486287e-01
-9.679858343420362221e-01
-8.553633380341904013e-01
-6.224157818217864735e-01
-5.548235010684197110e-01
-1.036032747144914890e+00
-1.259393755167038442e+00
-4.843833071662735912e-01
3.074690526010350200e-01
5.085242426871680044e-01
6.296501620636481000e-01
5.130533055920403207e-01
6.287107242044417399e-01
9.679242101197352843e-01
8.005442751496358866e-01
2.439257765358893992e-01
-1.947326443603920598e-01
-1.452845350443937034e-01
2.070686262974496539e-01
4.234863742423866095e-01
5.807297476167280759e-02
-7.860523892473652019e-01
-1.495356861110410884e+00
-1.608330012346557147e+00
-1.219108116724501034e+00
-5.684907808252068762e-01
1.569759316284249084e-01
4.697487959961499371e-01
1.736614807930812743e-01
-4.522028999884397660e-01
-7.441968542849140000e-01
1.928826985618491358e-03
1.073315787279065514e+00
1.209189160702205390e+00
6.576267672640160322e-01
3.535596124826579922e-01
4.803699502077954375e-01
5.432452941163835591e-01
2.928590080541338958e-01
-4.197892695347037878e-02
-4.291141919966844909e-01
-7.642718285461010952e-01
-8.371232355127280478e-01
-8.597177303668288584e-01
-9.011504273138770671e-01
-7.386926999551122197e-01
-4.092652447578637442e-01
-8.905072479633083238e-02
2.532702892993539123e-01
4.912707364710676150e-01
2.767496155899175636e-01
-1.270668782604696678e-01
-2.217906477757557726e-01
-1.795175646659174784e-01
-8.471367180311675793e-02
4.529726544941298227e-02
4.843927483451930527e-02
7.649773622924836702e-02
-2.140918294689028167e-01
-1.200784201187450329e+00
-2.016707698373850999e+00
-1.886894170854683583e+00
-1.315747908448023251e+00
-8.494432756797656303e-01
-6.140902035849099549e-01
-6.456410267716234941e-01
-5.298651687354951623e-01
-1.878259850730709946e-01
6.114680389846473968e-02
3.277191144626932506e-01
6.874363204094203761e-01
1.041990042943876649e+00
1.305742067098933257e+00
1.190907546968820396e+00
5.471470739002023409e-01
-2.365096060335081796e-01
-8.474953269373399767e-01
-1.340179991793505110e+00
-1.795725707549465922e+00
-2.315958702592477270e+00
-2.649608701973869440e+00
-2.360475309573893732e+00
-1.632835387644124614e+00
-9.960648133718483788e-01
-6.792526085123641311e-01
-4.951117776108221458e-01
-3.991456551677107223e-01
-4.346508955820689302e-01
-6.068347539462011497e-02
7.973536834564284304e-01
1.141257295532955851e+00
5.616210691013030498e-01
-1.652019280745579133e-01
-1.707990576511984049e-01
3.597300045194458673e-01
7.396902630176163118e-01
9.512020801710863172e-01
1.238359252634541718e+00
1.437488982377245872e+00
1.365301348551140714e+00
1.284262467299286170e+00
1.196306667009985336e+00
7.342065160439774640e-01
1.177358837521274570e-01
-8.780664272462743170e-02
1.887442544758301810e-01
5.937065645271624170e-01
8.846124030811581829e-01
1.059735608215086389e+00
1.083546188320210213e+00
8.509809138718610333e-01
6.215944620311635305e-01
8.215185015927816137e-01
9.872573944277924785e-01
4.469972988015326609e-01
-2.722035965943950808e-01
-1.278935606092461708e-01
9.314520248368035604e-01
1.899458831943191317e+00
2.050141869209050061e+00
1.380599520583065454e+00
2.839211549179385674e-01
-7.185354503641309121e-01
-1.538982119894081624e+00
-2.097095978521911430e+00
-2.318949730519819230e+00
-2.416315219564371120e+00
-2.146200070031389906e+00
-1.373035042168916586e+00
-7.004078110128868495e-01
-4.919540396020089523e-01
-5.250126394858318779e-01
-6.599057290116597807e-01
-9.972188489664175481e-01
-1.302471200865026102e+00
-1.142378081963096426e+00
-7.596319992241306052e-01
-7.205809836076817465e-01
-8.377229483165551382e-01
-5.711979764656208713e-01
5.948970012765961851e-02
5.151904046651516467e-01
4.252063739513128882e-01
7.756897386107994979e-03
-2.183400192468134826e-01
1.511049642538257742e-01
9.582068078957441948e-01
1.343136863343008747e+00
8.519950945330976300e-01
1.549428223316326979e-02
-6.327902781518637276e-01
-1.002713248883263741e+00
-1.061104764186384219e+00
-7.606610988221882419e-01
-1.408891605191521235e-01
4.007524630246442898e-01
5.001283573319086351e-01
3.624240838982127344e-01
-1.326582776058429260e-02
-5.921485184596489981e-01
-7.688582502795123785e-01
-4.510695182159823458e-01
-2.366045662191282317e-01
-3.813114550848768491e-01
-5.736172410626558804e-01
-3.263723135629617023e-01
5.236053597128076387e-01
1.219810624757346140e+00
9.626189441741015429e-01
2.424502180010326413e-01
2.755811197647466473e-02
4.009569713717206496e-01
9.056886661972354258e-01
1.533867971145588260e+00
2.169637182454934532e+00
2.125272957091584036e+00
1.513563376325819387e+00
1.303359161640280206e+00
1.500076952722378953e+00
1.554147126417225078e+00
1.716959004744776029e+00
2.041829465643483665e+00
1.874454472266337879e+00
1.209434118888432330e+00
7.210842694752327420e-01
3.798619779958078424e-01
-3.771081565446295358e-01
-1.261275026665070520e+00
-1.608395962916962851e+00
-1.399796622621170217e+00
-7.179344404519748535e-01
3.035365157104696343e-01
1.029816256183212930e+00
9.346558930400999943e-01
3.163603550310423729e-01
3.958147675216296818e-02
4.471946325901259289e-01
9.113316361665111387e-01
8.426311548195062340e-01
9.460328969715343927e-02
-1.078384272690000367e+00
-1.816673845213633731e+00
-1.593258682054328190e+00
-7.677825509777472801e-01
1.555743557800021160e-01
9.492168421322589866e-01
1.524984942991799874e+00
1.594396338879873865e+00
8.033748046029489664e-01
-3.870125232323678999e-01
-9.624380462485240262e-01
-6.956863488392318606e-01
-4.753997742858481756e-01
-3.908901466293215887e-01
2.483408742982999573e-02
6.384964236949112193e-01
1.059655030471056358e+00
5.360088282238169022e-01
-6.063658056060622359e-01
-1.129598117314992489e+00
-7.777718946547206302e-01
-2.887259744169921594e-01
1.197806773423136378e-01
6.562113946062618774e-01
7.518690585452371122e-01
-2.734538404530635902e-01
-1.853117170656294332e+00
-2.628201866588630864e+00
-2.012827375610708014e+00
-8.312797004594543182e-01
-1.678352705591482641e-01
-1.994320472077552309e-01
-2.082562654078339293e-01
1.776018171894561473e-02
-6.487338568623271517e-02
-2.916995866999382292e-01
-2.754925119195264505e-02
5.585654340289197828e-01
7.075825731487799253e-01
2.475631112308138149e-01
-1.072849802497810173e-01
7.363867666370668696e-02
3.309573850475978629e-01
2.215694566014165812e-01
-8.074444590977529479e-02
-2.825827069105155687e-01
-4.742483419966437297e-01
-7.111470047088761515e-01
-7.216332293975120660e-01
-3.878567120776641453e-01
-1.172665429683824451e-02
7.358147814817177224e-02
-9.782474066760256382e-02
-1.917940772938876437e-01
-1.431575662027565754e-01
-5.047853168020974834e-01
-1.524005454914265201e+00
-2.389290787168880215e+00
-2.224561978468172718e+00
-1.210836807361699519e+00
-2.273740321947350096e-01
1.502572093344176907e-01
4.993587795489200232e-02
-1.777035215185749362e-01
-3.370144305107614646e-01
-3.744484065233208425e-01
-2.002289870837458963e-01
4.015926872504924083e-01
1.339945594744060164e+00
2.098384549573095725e+00
2.049171177902882501e+00
1.293518281252651114e+00
9.602461497103383925e-01
1.690574503729971312e+00
2.492500202816370081e+00
2.239755965295816775e+00
1.358775661587614092e+00
9.074453276384816247e-01
7.314991547418533413e-01
2.623691422867089895e-01
-6.297614201365370201e-02
4.638003717523403457e-02
2.230538276909528606e-01
5.947045728024462352e-02
-5.110894144222644098e-01
-1.013552377860708731e+00
-9.821998913148539678e-01
-4.619031203165127053e-01
-4.542098017790974912e-02
-2.373956980979600451e-01
-6.588815520664850212e-01
-8.630770629208308620e-01
-9.383136508246574525e-01
-8.953976891366253188e-01
-8.974462595952847899e-01
-1.088453734190428568e+00
-9.552328980185579299e-01
-4.464178788661276043e-01
-4.683917368511537060e-01
-1.326592496442552394e+00
-2.009555432819673637e+00
-1.755168662465252938e+00
-1.061663798295135575e+00
-4.598850190281300043e-01
8.229511244078256682e-02
3.358935414929924423e-01
1.572502900617158417e-01
1.605093505529963382e-01
5.190022493128110259e-01
3.437590964805913307e-01
-4.966475506755586022e-01
-1.006979948268992953e+00
-8.353553267162758811e-01
-4.351948996767022737e-01
-3.892936046268820061e-01
-9.484810547436638428e-01
-1.583650295369766869e+00
-1.476507649223022911e+00
-6.740509234325009480e-01
2.900960381748295819e-02
4.620985312164238579e-01
8.018582787539852985e-01
5.378546262711144665e-01
-2.577038360235328063e-01
-6.596230037356960452e-01
-5.972618892373148247e-01
-3.559556372421907589e-01
-3.910419574528473802e-02
-4.039321514978887195e-02
-1.437435736663608132e-01
2.279399381903572663e-01
4.987928320009748506e-01
1.907482872796196771e-01
-4.646462225763371701e-02
-3.010447507922105279e-03
1.075363159405958238e-02
1.189928294808081932e-01
5.935581825656897070e-01
1.198349002378689354e+00
1.328148223377159542e+00
7.140653339562528235e-01
-1.760279129858728364e-01
-4.061851212783363918e-01
2.961199659202947143e-01
9.148110981479624648e-01
3.951032659590651974e-01
-9.890763632148712459e-01
-2.298284456561419109e+00
-2.719846482408990074e+00
-2.004319235856009129e+00
-6.026641622528028375e-01
3.784514279273987758e-01
8.274120288414316127e-01
1.439188494454010536e+00
2.018777498629376055e+00
2.037488368845916220e+00
1.569373573023208124e+00
8.671223391970580563e-01
6.270500484341172687e-01
1.060848011822984605e+00
1.146220266087576212e+00
5.459612444617041316e-01
1.290987131849369134e-02
-9.303532682840441603e-02
1.748822608129572131e-01
5.260471889175561966e-01
4.417170402172103105e-01
-8.895388761979247660e-02
-7.663964733433212828e-01
-1.410296551843639667e+00
-1.712180851875001464e+00
-1.693932314289456675e+00
-1.665835964025634386e+00
-1.410027485705510619e+00
-5.949916338316085795e-01
5.607816149875912703e-01
1.520318614156940473e+00
2.049142367834657197e+00
2.110699649122896648e+00
1.588516772881591876e+00
7.410269152201135467e-01
3.212040520107581898e-01
6.488339191376463200e-01
9.174627854729754395e-01
3.134386552415568405e-01
-7.331495916285183378e-01
-1.330609985351212110e+00
-1.335972854642127894e+00
-1.057025309519012524e+00
-4.900725795937186935e-01
2.332539842287903731e-01
7.219113410349589088e-01
8.976078539842260451e-01
1.080734640007529057e+00
1.266787963417717489e+00
8.448960252507691226e-01
-1.201138348047498666e-01
-6.651158013645624978e-01
-3.825115365722603356e-01
4.692178055519544144e-01
1.637694453126098848e+00
2.386039748624059431e+00
1.802359587993701995e+00
4.992200984011767040e-01
5.709968720736924297e-02
7.464618847230979348e-01
1.413686573536535152e+00
1.441276360408558110e+00
1.183832540965397362e+00
8.082467896614989877e-01
3.050386043280258197e-01
-4.751328552113524145e-02
-1.033432769024723807e+00
-1.841390721095579774e+00
-1.952257967764456037e+00
-1.552316429707476964e+00
-1.316407380736075217e+00
-1.379863498968430857e+00
-1.280827636774264811e+00
-8.906029880734855908e-01
-7.428065222966591108e-01
-1.142183509726138135e+00
-1.315788996207358563e+00
-5.423894559334357934e-01
6.200087355600930605e-01
1.326078414212665812e+00
1.699897577774851065e+00
1.961506097448234565e+00
1.771154843866073580e+00
1.124524425732124966e+00
3.690313645075924409e-01
-2.519801666300057197e-01
-3.897463204645880697e-01
4.537308515250568219e-02
5.065212502288930496e-01
6.915765031479998992e-01
1.036676333964871244e+00
1.527489715940428816e+00
1.529856188887496637e+00
9.644704111398147983e-01
3.697529669762629201e-01
2.162338561485993849e-01
3.777680483596582151e-01
5.627966701352266066e-01
7.993366957553230678e-01
1.030314085278685843e+00
1.064950936725113539e+00
8.827825979124220845e-01
7.482132385052893131e-01
6.497362859881365971e-01
3.119980672619447892e-01
2.390261645282256431e-01
7.334535000409524441e-01
9.786295328414890138e-01
5.084030807948727304e-01
4.102806601815203735e-02
1.538301637805220279e-01
3.161666537934969545e-01
-5.451610042026661801e-02
-7.446418126712632812e-01
-1.254998367218924660e+00
-1.402037238456533386e+00
-1.328292029166352251e+00
-1.045323029239351165e+00
-5.720169998610037387e-01
-2.470093104726880928e-01
-2.972306301864975353e-01
-4.814006722283219464e-01
-3.840351479673909663e-01
-3.500466977271887020e-02
2.583687526509545473e-01
1.695125142732887835e-01
-4.180687966504777475e-01
-9.025426662484727913e-01
-8.012954929178156549e-01
-5.092012618875672025e-01
-2.946038162655024717e-01
-4.918571990232137314e-02
-8.125475088122770251e-02
-8.562822732507257006e-01
-1.981905532510812362e+00
-2.210686339045559556e+00
-1.125733197987048628e+00
8.809674330531416797e-02
3.845583936782645540e-01
-3.488838583563699802e-02
-4.499250052646660003e-01
-5.265811444164605337e-01
-3.957635529702714927e-01
-2.947498297946692380e-01
-4.580463417032313855e-01
-7.182179532630972307e-01
-7.324697366108334773e-01
-7.439137858536741810e-01
-1.052389107271738844e+00
-1.419261856704695957e+00
-1.577266392806426776e+00
-1.517273668964897126e+00
-1.252046109129328233e+00
-1.098067028862339756e+00
-1.172067661258679117e+00
-6.221813593772841378e-01
8.783085189868664600e-01
2.220508285784606795e+00
2.405029524828360188e+00
1.696909978449803624e+00
9.175028126919482219e-01
5.010235708000393418e-01
4.306738306270388450e-01
4.322275261932720380e-01
7.102642219961678716e-02
-8.023133385597233103e-01
-1.581606172080335604e+00
-1.778095856612463166e+00
-1.552157208260851906e+00
-1.083336194762579252e+00
-5.093268821591254714e-01
-9.326261111728319231e-02
1.059962991352588618e-01
1.711896871685710531e-01
-1.225183693181428612e-01
-8.232192894089949142e-01
-1.353445875548286104e+00
-1.235459657285359336e+00
-6.447069032970814684e-01
-1.895654195673264208e-01
-3.556915172062616870e-01
-9.469120263555548256e-01
-1.348322746192073929e+00
-9.215263651179815829e-01
3.046077185809297205e-01
1.284288680389902071e+00
1.445385541303829235e+00
1.207976803364001928e+00
1.000240320790313886e+00
1.161600035575516277e+00
1.532946667231345872e+00
1.444718436149956986e+00
8.352773280299097269e-01
1.688230105699654870e-01
-3.353985288749081750e-01
-4.134205016754657902e-01
2.964318350501702337e-01
1.342723722702734657e+00
2.089983085478770430e+00
2.522434020712134295e+00
2.515054073854174455e+00
1.908995786756201518e+00
1.005902004343398604e+00
8.885152956881660347e-02
-4.233207033756355986e-01
-3.576953785355637683e-01
-3.824689701556896471e-01
-9.175376559821087907e-01
-1.424173646879315358e+00
-1.118694055371786122e+00
-2.127669350731427600e-01
3.194224991475967945e-01
3.678492622967929337e-01
5.698921289610664465e-01
9.174382055463969898e-01
7.615493792971115283e-01
3.953285391112447422e-02
-4.174017459733291857e-01
-4.361671714573715497e-01
-4.736873969630054360e-01
-1.059053100714006657e-01
7.981387630743833617e-01
1.385953799888739235e+00
1.451319032597354397e+00
1.151720418061609186e+00
1.185921812543345027e-01
-1.218838067159965233e+00
-1.519542973351955650e+00
-3.241646578488709407e-01
1.260652574390530356e+00
1.891215961865928330e+00
1.625412215974027630e+00
1.252893714345116649e+00
9.287160245472223519e-01
5.169796728675445374e-01
3.303466664842914513e-01
4.562088582745232324e-01
4.608753846563050649e-01
3.065812735458051455e-02
-6.776970452252981669e-01
-9.534429536620945278e-01
-4.960889784953507187e-01
1.393699330196835895e-01
5.168589023728455967e-01
7.610362962864224423e-01
9.982991647204326746e-01
1.097022142093704300e+00
1.031367959839608828e+00
8.516510210942658254e-01
6.087018626189062420e-01
3.785250720380091694e-01
3.200131551121965234e-01
5.456097124014992472e-01
7.578068520276260989e-01
4.354364960864048339e-01
-3.856567386303138556e-01
-8.846118268036435861e-01
-9.211341234460962424e-01
-1.132871432571301629e+00
-1.244870922222826248e+00
-8.883456287740087998e-01
-7.105460742980036493e-01
-9.112195307003746469e-01
-9.175393504806400591e-01
-5.934934747711441139e-01
-2.082879637620004276e-01
1.472143012186785151e-02
6.895138846677489886e-01
1.505166062296695140e+00
1.941576550470047735e+00
2.162497509542292029e+00
2.179126155650375374e+00
1.665447076890231193e+00
1.025529262048687995e+00
8.795649444263029526e-01
8.792343435902134630e-01
7.618367872390815476e-01
9.455396452299865695e-01
1.200522988988448780e+00
1.267387705990590030e+00
1.650852372549802549e+00
2.267522460504081128e+00
2.359761585379228421e+00
1.882087876738055776e+00
1.050690173820266748e+00
-3.531741912662406287e-03
-6.892757870695978006e-01
-6.951079468406453632e-01
-4.664211686735963425e-01
-5.249253548709126305e-01
-6.839590951212023429e-01
-5.683079117486520282e-01
-2.316917996992031992e-01
2.704319032833479852e-01
5.366433681456885818e-01
-2.369932167031217791e-03
-8.785601124912506554e-01
-1.158767701830080377e+00
-8.372634288056223228e-01
-5.458875494936653583e-01
-6.177605609380451002e-01
-5.386794365810360086e-01
3.325215027926518574e-01
1.176279216132192662e+00
7.491102933836386590e-01
-6.936699313708868386e-01
-2.007234398472664605e+00
-2.280944114692021518e+00
-1.291569745852731543e+00
2.595355768478423975e-01
1.316302217103594074e+00
1.489487710687992461e+00
1.048873530338972904e+00
2.898761314739692341e-01
-4.495056062583845935e-01
-7.117381452138610287e-01
-4.537642505377656454e-01
-4.784836723950972592e-01
-1.079388427120958172e+00
-1.492705961280444527e+00
-1.108527295023072456e+00
-4.441173966261216521e-02
1.077326405231779471e+00
1.644638214368197016e+00
1.310622469590521311e+00
2.504315741647603066e-01
-8.055194811931406518e-01
-1.195948537116792387e+00
-1.031297978161636930e+00
-8.383875037843839806e-01
-1.079554445407879593e+00
-1.771151537601653558e+00
-2.153590595198891400e+00
-1.522630874768751363e+00
-3.389866291902425832e-01
5.222138979086230481e-01
8.821038591741084955e-01
9.639708335783783166e-01
1.027013547594178400e+00
1.083731897322142590e+00
7.922314287071705596e-01
9.520553818153362768e-02
-4.648834885264294114e-01
-3.987592086820527237e-01
1.316551948880740480e-02
2.167534065579087843e-01
6.497009115121524236e-02
-3.641437360926237377e-01
-9.056543312774104626e-01
-1.285241025098405654e+00
-1.117041436541481358e+00
-4.134716737351867288e-01
4.841906827055118129e-02
-2.739630757454038570e-02
-2.372468908919505570e-01
-4.836518625195835863e-01
-7.132245117805965373e-01
-7.679315609730613668e-01
-4.105683618082792696e-01
3.903884113239730058e-01
1.133732378441487221e+00
1.313031594499778354e+00
1.037612967807465925e+00
6.517961835617652744e-01
1.424781024744318503e-01
-3.044756280623545641e-01
-6.332017838640735530e-02
8.759878847558225656e-01
1.679347830328679736e+00
1.828002568951460072e+00
1.603142758139800783e+00
1.349829526354791920e+00
1.152660309733308353e+00
1.013114570242952928e+00
7.711603661055000947e-01
6.499151951999589949e-01
8.651988756160776672e-01
6.529702370168668502e-01
-4.503745796122443634e-01
-1.448536684293001420e+00
-1.522653110639266227e+00
-1.036734262107267490e+00
-4.229191665128917421e-01
-1.221929913094765840e-01
-4.298878251187805422e-01
-1.020763401152417149e+00
-1.420431967246028826e+00
-1.450785794459208633e+00
-1.250586051753146410e+00
-6.939855230633419358e-01
2.658300862178437085e-01
9.333901675552531696e-01
1.158332951340731221e+00
1.215347407772473742e+00
7.822960386491658591e-01
1.146953457653135389e-01
3.062634568084686079e-02
3.941893813463994700e-01
5.745923648029944708e-01
6.255667409790687250e-01
9.840501285646694463e-01
1.434210690200012017e+00
1.087423544538122178e+00
-2.942103765354447953e-01
-1.737407837435092972e+00
-2.154615271433489632e+00
-1.521325341150830734e+00
-6.938641922079663571e-01
-3.209814450381823780e-01
-4.145366049890211180e-01
-5.663138992369401992e-01
-7.475769064611192949e-01
-1.184583878433420612e+00
-1.246156932320976907e+00
-3.460129213068123821e-01
6.918282745858969074e-01
7.817440153364816346e-01
1.105807456938133065e-01
-2.970750571700124798e-01
-1.759993867589380590e-01
-3.067504611680659798e-01
-9.602108171361494193e-01
-1.589773392306991218e+00
-1.821219457432181166e+00
-1.609471217760511497e+00
-9.616142075579674486e-01
-1.852067744773935876e-01
-6.944231608433121955e-03
-5.176881560786069647e-01
-9.038005853573334303e-01
-6.698984467260415965e-01
-9.574008011384808198e-03
6.043311867607867871e-01
8.256626078960200843e-01
9.529425737989434264e-01
1.108362823149197984e+00
1.047676183750166468e+00
1.125986529556351812e+00
1.074227117641324725e+00
1.109029628426046188e-01
-1.119732823881489869e+00
-1.553849315796744124e+00
-1.236772444048325648e+00
-5.839535943118268069e-01
1.927252560258304881e-01
5.500302206808596051e-01
8.022111317317531798e-02
-7.162640024118565041e-01
-1.086095697532262205e+00
-6.672672096321398127e-01
6.359533588036379859e-02
3.062525113001922095e-01
2.422287711375246122e-01
4.596106856687579567e-01
8.739872671832019657e-01
8.561324549922528782e-01
2.063729676950792902e-01
-2.964725447055763241e-01
-2.324058777261020503e-01
-1.615152266695877026e-01
-6.191155335619776823e-01
-1.300639992614143425e+00
-1.480202908950760898e+00
-8.209717887164000860e-01
2.482367758875323183e-01
6.014553721958676435e-01
1.085891561955054208e+00
1.654768827232868889e+00
1.438384520558873003e+00
9.288601125874446085e-01
4.606134906769739357e-01
-1.812786686908469599e-03
-3.117536725615299154e-01
-4.145498006286394560e-02
6.465476533472791498e-01
8.696538551841899167e-01
3.616741633444008897e-01
-3.447302803377849667e-01
-6.979392076149834034e-01
-6.915927384160319713e-01
-7.700285912221541684e-01
-9.674214897787060119e-01
-7.842887480757687602e-01
-1.884427683579648072e-01
2.549054019937004312e-01
3.968997999652806863e-01
5.954310947145495803e-01
1.087823696646603722e+00
1.526840249620481149e+00
1.206114519489872139e+00
3.527928520064339546e-01
6.849599410250443998e-02
5.916033461287801831e-01
1.024042164985188519e+00
5.114606570693616128e-01
-7.091737492254337472e-01
-1.681128515834132919e+00
-2.184932163275135952e+00
-2.641046377387754163e+00
-2.729430310774567658e+00
-2.132049061184061234e+00
-7.920359768222220431e-01
1.237094687582460661e-01
3.267359048264335541e-01
2.350765306158252022e-01
1.268982651869012546e-01
4.960127287986422218e-01
1.614266852780786854e+00
2.496725824457400655e+00
2.045535622657462138e+00
6.778880518792764764e-01
-1.164965444593305394e-01
3.338051590551137093e-01
1.176104951262190390e+00
1.436631556808964927e+00
9.548995670875005670e-01
1.316253225037870289e-01
-2.891238172397143091e-01
2.993557576577971988e-02
8.519050084100786291e-02
-1.097654712349944717e+00
-2.346430425093604999e+00
-2.061126548839364414e+00
-6.718804492389691685e-01
4.784661788135960991e-01
1.092573402310613728e+00
1.416122424750088094e+00
1.306727900146939847e+00
6.774017866849623148e-01
-3.615068474497958734e-02
-2.328379401384002290e-01
2.154534263388684923e-01
8.519291292954856987e-01
9.964411003391585586e-01
4.553965883191083419e-01
-1.466494563399946272e-01
-2.204146193797054953e-01
-4.104755139469878217e-02
1.994640277630020664e-02
2.902169747310681669e-01
8.141335798451453387e-01
1.269189054243971215e+00
1.550503631420958373e+00
1.361747681565672607e+00
9.389913096170207085e-01
1.008933103971435097e+00
1.389489921305858466e+00
1.655036512448968100e+00
1.668645604009320715e+00
1.104871051794806602e+00
1.241155353244632747e-01
-4.661421963568732618e-01
-2.352441289291034021e-01
3.352444220964533872e-01
6.510828935746707513e-01
7.582753297948687798e-01
7.201949592802395772e-01
4.963198726010019657e-01
3.272272412534444341e-01
1.645500829280949207e-01
-3.120698531291025146e-01
-1.010757964059377567e+00
-1.576129002910195975e+00
-1.802939471096198565e+00
-1.381265863626584212e+00
-3.754687317354715725e-01
2.151744472111106754e-01
-1.019163669584830650e-01
-4.873480480511609425e-01
-2.960657678224457023e-01
2.024110011518008290e-01
5.916599481614680522e-01
6.962480098287975316e-01
6.220785295486601640e-01
8.012438476775459728e-01
1.333441049708780080e+00
1.568962371532065969e+00
1.248911381761643957e+00
9.510523898365259576e-01
6.072988946515822661e-01
-8.408657024609339503e-02
-5.360590566974894333e-01
-3.097596383567412515e-01
1.328732049013359728e-01
3.084465567016564935e-01
1.826149678499618401e-01
-1.947009187105768202e-01
-6.920653890491145210e-01
-1.272005693016895700e+00
-1.720726693423403342e+00
-1.623261246543654890e+00
-1.276558456161517086e+00
-1.269007062117055940e+00
-1.397630055893684053e+00
-1.050489322847801610e+00
-3.696320427104755058e-01
-3.088672245230058566e-01
-1.367748656154723408e+00
-2.325628873811306452e+00
-1.829605891980792487e+00
-8.499724284300891330e-01
-6.980251288032085499e-01
-8.368694855061974414e-01
-5.840524619954819974e-01
-3.245366259020518451e-01
-4.586908568705391209e-01
-7.100184600815480085e-01
-7.665572250341625704e-01
-7.389383314673415581e-01
-7.177591175411470736e-01
-5.749206226987394475e-01
-3.522791266132934695e-01
-1.083713901000276647e-01
3.264831334961829090e-01
8.268302026452519771e-01
8.052910526854736295e-01
1.595679872180864323e-01
-4.960191598567385562e-01
-6.087252484409378939e-01
-2.742189528188770931e-01
1.371534826634667747e-01
5.783273227832126384e-01
8.852784276436150845e-01
8.873781786005423555e-01
8.417402390240555921e-01
7.871299757274725639e-01
6.126899387340569714e-01
4.639690394700184406e-01
1.021177682621288441e-01
-8.297240213356795735e-01
-1.734076381211685725e+00
-1.714276799298125376e+00
-1.040339909085522541e+00
-7.458690347831379297e-01
-5.398282669845162474e-01
5.168808934072882666e-01
2.033197602551628957e+00
2.730178402540036853e+00
2.344460370371889812e+00
6.359639758195704262e-01
-9.256204834773379408e-01
-1.650600583346847117e+00
-1.573648159038067762e+00
-1.162875540936704422e+00
-1.022145256126802071e+00
-9.356600370829312174e-01
-4.858820928128914640e-01
3.977325275860017773e-02
2.648921367698831575e-01
3.026984153935490252e-01
4.263173023422207608e-01
6.058202376792356514e-01
5.120179534661427612e-01
-8.200474017196125731e-02
-8.323454350857582007e-01
-1.058748432596647193e+00
-7.019307755620399769e-01
-2.823381838632572083e-01
2.081156014361564346e-02
2.757558046851044109e-01
1.430727907857781145e-01
-5.363739599462572505e-01
-1.023405173738525464e+00
-7.241157573644753098e-01
-8.139579753248511740e-02
1.641268026292835025e-01
-1.051638563574836538e-01
-1.313713892117154558e-01
2.470652983501002431e-01
5.968751449154789945e-01
5.938971441905763760e-01
2.534855398737698717e-01
-5.434079344680519119e-01
-1.314108243981581881e+00
-1.483187025257546754e+00
-1.190355013394982064e+00
-8.219753508581387758e-01
-8.588829907759070181e-01
-1.400909023746994997e+00
-2.020030276315025741e+00
-2.349682077876022124e+00
-2.138519199005020965e+00
-1.482904296535938915e+00
-6.666398994842674952e-01
1.539774054932358804e-01
4.797062896494351802e-01
2.180255674376686825e-02
-6.517893190211928589e-01
-1.047461594048317401e+00
-8.402972452158390393e-01
3.298963716128447965e-01
1.842173080391948714e+00
2.516458349169646613e+00
2.102460111809223431e+00
1.626503016780030286e+00
1.736435159984906829e+00
1.702463260324794003e+00
9.453670359333965489e-01
2.483028772376591475e-02
-4.477326543153452021e-01
-3.857754855991449849e-01
2.123164241545706377e-01
9.931302438617620743e-01
1.107641089817847257e+00
5.198601556559944159e-01
2.974338848919256817e-01
6.483354070310920481e-01
7.577156034886365354e-01
2.944808128841199246e-01
-4.310143221284153947e-01
-8.326703468190214119e-01
-4.230214865103859578e-01
5.379052388535680018e-01
1.318326146332759574e+00
1.580471121860022032e+00
1.346230132320987094e+00
6.148640677411462141e-01
-4.860108418580691980e-01
-1.150574233061435470e+00
-7.927782832835756910e-01
-1.497094439284099854e-01
6.859359097711877074e-02
5.808318693183938536e-02
1.664568745617942269e-01
3.735066933202339512e-01
4.128938956918831171e-01
3.005066327485489408e-01
1.800776740050689662e-01
3.430389171657130531e-02
-1.058325729774902135e-01
-2.264770148583672982e-01
-6.423687497121288725e-01
-1.488624888593191420e+00
-1.892989885277472251e+00
-1.177385085877875603e+00
-5.873395648481102155e-02
5.588724799508381080e-01
5.043302688537327771e-01
2.846451852319802911e-01
1.972896059169750860e-01
-1.714885766749360552e-01
-5.329374709692387135e-01
-2.204706796611524411e-01
3.000436743976115928e-01
3.225419787554283935e-01
-8.229054471091454270e-02
-4.967683193095272509e-01
-7.028833199210092753e-01
-7.844346549858958184e-01
-5.820689923408625122e-01
2.324383753102614580e-01
1.180465937168421409e+00
1.331700209498511311e+00
7.092872086580845892e-01
1.092750207993339329e-01
9.389544817570472796e-03
5.100347354720133897e-01
1.311270507045729561e+00
1.628820983675451917e+00
1.151366889765029544e+00
5.418644777677995572e-01
2.875232777522857552e-01
6.495761366230870526e-02
-2.875315355789758720e-01
-5.749444994188270819e-01
-8.097448973263919880e-01
-8.716975516395976120e-01
-4.434237486839055498e-01
2.362489472626133624e-01
6.179985843404987023e-01
4.647569770874026007e-01
-1.944287478207093744e-01
-8.337043255369218642e-01
-9.121206393583338734e-01
-6.861165263783319812e-01
-2.415866953496993152e-01
5.918002030027210703e-01
1.240589236821359798e+00
9.028076342099725649e-01
-2.768791680168708469e-01
-1.079807283139603502e+00
-7.438632627051066093e-01
1.422360434716403721e-01
8.091521336996269076e-01
1.068004162693325432e+00
9.130626941086712467e-01
4.298921994577731831e-01
2.549512170515523812e-01
9.013532878470109644e-01
1.787579307751052227e+00
1.916323240690192442e+00
1.109432160378193144e+00
9.111510814390287594e-02
-4.439389224545325918e-01
-4.455674011091766973e-01
-4.120659527768429919e-01
-5.485391423169116987e-01
-3.779308282769586191e-01
2.398596603952725115e-01
6.761677434116016849e-01
5.680448259811095024e-01
3.636489242871548400e-01
5.162638667240716517e-01
8.400536156062400339e-01
1.127573407078563461e+00
1.239324404705251848e+00
9.311592548017195714e-01
3.594393249000429336e-01
-1.080448264271735570e-02
-8.270159256960629701e-02
1.514416340886935892e-02
1.375431570205231935e-01
1.987091540093580133e-01
5.486333981900638479e-01
1.296841272695943070e+00
1.757604851047924521e+00
1.408482384028467704e+00
5.364791427985560190e-01
-5.043242118239671390e-01
-1.575434920060289068e+00
-2.364445714354835637e+00
-2.450909827327922397e+00
-1.630898317387884378e+00
-5.765956734918117332e-01
-2.945510926355070502e-01
-4.227840018130693545e-01
-1.534286467274211530e-01
3.653583462046384733e-01
8.813598009884210382e-01
1.035827979073501881e+00
5.821931585925029795e-01
2.197890294294140290e-01
3.544354654958805084e-01
3.541714443114452604e-01
-1.938732136316674848e-01
-9.658689779379738827e-01
-1.567922095445686947e+00
-1.831758847433940574e+00
-1.603024915113807847e+00
-9.691709018787704188e-01
-3.670641289893608050e-01
8.630422280087547693e-02
5.056520673927271670e-01
5.408986132056196050e-01
-2.637853648412519791e-01
-1.299136069312162300e+00
-1.625026493628245916e+00
-1.602365338906240222e+00
-1.924252657978641201e+00
-2.389080870035487525e+00
-2.544234491225816797e+00
-2.266343593420574454e+00
-1.601387237580454759e+00
-8.845609844402705368e-01
-5.382236538052372898e-01
-5.190998579886041409e-01
-4.154757363267428394e-01
1.836516537019743101e-02
6.591022635045138411e-01
1.287724496192431456e+00
1.696554426930291459e+00
1.866148946560918231e+00
1.707816661325031626e+00
1.156336570148035481e+00
6.831086069788149251e-01
4.620818341490862680e-01
-7.847213571692385203e-02
-3.488793693145150199e-01
-4.353166948084283838e-01
-1.050076074128702130e-01
1.569042149617551341e-01
-6.147347888303744678e-02
-6.285897977802462622e-01
-7.827543001471060080e-01
3.156990351032429309e-02
1.127386422490642470e+00
1.442615900942436191e+00
9.902249194255081655e-01
4.170987470871076463e-01
-3.713226062563992208e-02
-2.378984724202720669e-01
-3.442492943008657741e-02
4.432575206908602183e-01
1.194761401847102444e+00
2.354315327563042626e+00
2.758942545169115412e+00
2.758942545169115412e+00
1.934586180247244602e+00
5.662893514547374663e-01
-3.270079505112333251e-01
-6.153438119925236371e-01
-4.789640744926400018e-01
-1.731633667430191037e-01
1.122832869242146453e-01
4.658205099227096802e-01
8.742693170722704021e-01
9.509814690986219121e-01
8.160145400036521446e-01
6.494741585983239140e-01
6.381386035799599399e-02
-6.854463235309639080e-01
-6.507877756533476665e-01
-1.392163314989275924e-01
-2.279198556748068261e-01
-6.801996138849327744e-01
-7.595929859372403392e-01
-4.652522518480125546e-01
-2.447124069366997112e-01
-5.583134821477975240e-01
-1.082148074621294143e+00
-1.105697935960373579e+00
-8.290626657188153725e-01
-5.318631717068461606e-01
-1.177928380064501360e-02
6.146133992617289765e-01
9.024714319283712038e-01
6.938590950231801058e-01
3.442468794308684021e-01
-3.860796502833193505e-02
-6.388661949737436396e-01
-9.813210205371375450e-01
-5.820196010821026000e-01
9.637974740858330086e-03
1.739410133393938518e-01
1.315422165577364855e-01
2.315235072014630024e-01
4.312648357066287130e-01
8.227235705860531656e-01
1.307119527689622140e+00
1.226075154219816943e+00
4.784845367383391279e-01
-1.100581608741954404e-01
-9.809745737192296366e-02
1.718329989599182983e-01
3.843642692960009821e-01
3.028558602921000986e-01
-3.414462997072435502e-01
-1.185487815407948009e+00
-1.302171856593139054e+00
-4.097648865988950950e-01
5.994555137253466670e-01
7.043773338351531077e-01
-2.229871759095285177e-01
-1.354442874677084241e+00
-1.898086636997641241e+00
-1.902081264701875218e+00
-1.429295147985781833e+00
-2.114237998814852693e-01
1.400020233455398833e+00
2.108320640151848835e+00
1.555580719378485188e+00
8.857915676684311457e-01
5.487431883165941882e-01
-5.070231905131337632e-03
-9.367826650505679531e-01
-1.792791627604699789e+00
-2.192433354635332066e+00
-2.135190550365595019e+00
-1.481981578945832601e+00
-3.218513502429844464e-01
4.824062883333275487e-01
2.950456435376694331e-01
-4.708700367175932544e-01
-1.104784167288094476e+00
-1.129442859536939014e+00
-6.163769997635255571e-01
-1.686165740196931551e-01
-1.463553487247227537e-02
7.205021635948277714e-02
1.968844169653761467e-01
5.818181940370356631e-02
-3.747036853622929264e-01
-3.056528744899134620e-01
3.849433512817658221e-01
7.514941287985780205e-01
5.091512715833438341e-01
1.946711262169731615e-01
1.256678819215860110e-01
1.301740513006634792e-01
1.749118014456530479e-01
4.431854078345042192e-01
7.336285017844811351e-01
8.366202572806232807e-01
7.329298474149491538e-01
1.424305510215237713e-01
-7.786476832215475374e-01
-1.137329794594823973e+00
-5.669269831748949828e-01
2.871936047503861889e-01
6.216881495875529184e-01
4.770623477837817594e-01
3.036881147680459136e-01
-1.149715410743057803e-01
-1.102025036120861001e+00
-1.938215066989843471e+00
-1.441621766247553449e+00
7.436125239468102666e-02
1.099341494073427627e+00
1.314598580677603268e+00
1.498948810587747094e+00
1.855260186391083810e+00
2.117224548331510192e+00
2.118159994367343035e+00
1.784418517588091335e+00
1.309830099034742679e+00
7.097757426733920516e-01
-6.513978525235432533e-03
-2.621713846898318656e-01
-2.010187007849764951e-01
-5.162118319628045127e-01
-8.828741447642860507e-01
-6.715382536933718338e-01
-3.440392583652744363e-01
-8.031104610314254710e-01
-1.883238297722618304e+00
-2.459874742307895712e+00
-2.125889862770599770e+00
-1.507300393154148210e+00
-1.037924414996997946e+00
-6.449703307409022646e-01
1.258531973939261972e-01
1.018143170998522029e+00
9.621626174668113096e-01
-5.485638220337187010e-02
-9.488367682466706254e-01
-9.136943438156097663e-01
-9.899336581648948696e-02
7.267937741757275472e-01
1.006002107657728128e+00
7.871609621437190007e-01
4.058335278719477079e-01
-7.127331653241684994e-02
-4.071094673469211611e-01
-3.550043418715805310e-01
-1.721138192250840082e-01
4.960023623075048710e-02
4.262749387082729879e-01
8.152498154908695005e-01
1.042058057706287233e+00
1.112358687016058889e+00
1.271746106074797655e+00
1.514642696032894476e+00
1.483287838065696862e+00
1.118389137547852741e+00
6.665389959246844631e-01
3.322269638686985438e-01
4.474824548567095384e-02
-4.862107889254921322e-01
-1.193429622880197494e+00
-1.566480687162157714e+00
-1.368100774442721823e+00
-9.403146570308834606e-01
-4.435085976168485211e-01
8.930513401457294831e-02
4.553920371260847810e-01
7.883132581906019398e-01
1.269964535716153309e+00
1.502571100431298268e+00
9.195884324253573716e-01
-2.233967286479141834e-01
-1.216697923702105166e+00
-1.837347787176491387e+00
-2.192517352877040082e+00
-2.155188378646088587e+00
-1.726293177833256198e+00
-1.036986302037192109e+00
