5.196054820346162062e-01
2.269615005966443277e-01
-7.880276324821751111e-01
-1.668123175652161283e+00
-1.933874299112853246e+00
-1.732789323967655282e+00
-1.168625613712784617e+00
-3.798561688556952309e-01
1.089621872932169111e-01
2.049445750138774447e-01
1.776539490372276708e-01
-1.994202104175280543e-01
-7.228003541354965922e-01
-4.574211519221423328e-01
3.197102351853399749e-01
1.407817370682127867e-01
-6.293562373691184986e-01
-3.444725953048615730e-01
8.388845007008003396e-01
1.572296239812077223e+00
1.030292915046143953e+00
-3.917875331293805830e-01
-1.471930031922847437e+00
-1.616568767242246185e+00
-1.047767071761306346e+00
-1.020827605591938525e-01
9.083857660825988001e-01
1.333049398686304787e+00
8.229229830300134330e-01
8.590313870743013225e-02
-1.231451464944176843e-01
6.172018302111170751e-02
-3.994980900995709350e-02
-8.024494287245722557e-01
-1.782263533985601667e+00
-2.013788725799404045e+00
-9.230172820128228484e-01
6.533061036090721529e-01
1.439346928918489699e+00
1.333849177141765541e+00
1.157284668746524137e+00
1.300058605362728992e+00
1.187330378853390433e+00
2.408855563030346814e-01
-8.211598483506431512e-01
-1.071338319516088156e+00
-9.394968266177505800e-01
-8.655323055449567482e-01
-7.293482098705390548e-01
-7.139092888273929072e-01
-7.994148506707851043e-01
-4.440947754777511136e-01
5.549409142072234680e-01
1.751820834306282437e+00
2.670076368112241916e+00
2.760208575450849633e+00
2.760208575450849633e+00
2.633807965557644515e+00
1.738071938349576406e+00
1.021176323532992480e+00
3.604147483728867285e-01
-1.066953029841886946e-02
3.599780124389621028e-01
1.050226147688678502e+00
1.248105260466255917e+00
8.984414069901200950e-01
5.278383337790353291e-01
4.589317540784493832e-01
4.881741515191087011e-01
4.922254196640740709e-01
7.222552134873458929e-01
9.759784855964317440e-01
5.942652243139466828e-01
-3.706362149691567742e-01
-9.882944348573636795e-01
-9.424991453697506572e-01
-9.249528944322868984e-01
-1.282652094701990153e+00
-1.328584603530962749e+00
-4.488503651081371948e-01
8.986186049649284024e-01
1.895732370156378188e+00
2.219199876595767673e+00
1.936699959335434817e+00
1.277819988650665373e+00
4.366573050301417180e-01
-4.404487293716654039e-01
-1.074420648352395258e+00
-1.217573362611586774e+00
-9.504761917485513578e-01
-5.247421222890874537e-01
-2.358815736813119346e-01
-3.322931075004613710e-01
-5.103752189425947439e-01
-3.509664541058750142e-01
-5.294070901636458576e-02
-1.806233399913401982e-01
-8.059095536716159858e-01
-1.198328211913816554e+00
-7.557575765842846627e-01
2.249905145808424323e-01
9.111216696319113240e-01
9.373096367059511325e-01
4.659442760882232526e-01
-2.331118021304882659e-01
-7.967167625700523059e-01
-1.011374770211916907e+00
-9.559521367969485706e-01
-8.799987837851117600e-01
-7.273917277511385837e-01
-1.839264598759152991e-01
3.104802754044426183e-01
1.596153955584633521e-01
-4.315533146260632780e-01
-8.191723735738294376e-01
-8.859169543786885592e-01
-1.249093114738186294e+00
-1.906715723147873742e+00
-2.047719546688984149e+00
-1.557427973425947965e+00
-9.779674926790582479e-01
-4.927717253803922670e-01
4.758944096549229397e-02
5.058529462749238315e-01
5.025038361752826033e-01
1.015644057901619740e-01
-3.713575436522039142e-01
-6.517740185075266979e-01
-7.193480915271093235e-01
-9.300934413711778870e-01
-1.065687607545827698e+00
-4.346476308084561424e-01
4.919850444951527901e-01
8.051320719606125387e-01
7.494130161803057577e-01
9.681837768824250734e-01
1.329718010237795678e+00
1.122063373166642508e+00
2.018090403667866517e-01
-5.793218536284462372e-01
-6.178203536250095329e-01
-2.944710704200502738e-01
-1.192171642302766038e-01
-1.125453752459002060e-01
-1.817346024839050223e-01
-4.606952358494256772e-01
-8.079491088004641108e-01
-7.631480986506562481e-01
-5.250925330102476085e-01
-5.326235510435595177e-01
-4.140867298538140062e-01
1.090039561983301153e-01
5.624003983804628515e-01
3.305017861004249102e-01
-6.191090749315010244e-01
-1.317114156527347202e+00
-8.832259048365130871e-01
2.179428091554576896e-01
1.006906367592539597e+00
1.227152770039244167e+00
1.118080136784520562e+00
7.680272761806908877e-01
5.990238240411046265e-04
-1.051205202772071967e+00
-1.764830767818195589e+00
-1.633473367081299088e+00
-6.911982421297896417e-01
5.017927275817186672e-01
1.261811281126004936e+00
1.284119940380322955e+00
1.043981412095820405e+00
1.038691122524741717e+00
1.079264214256096865e+00
9.413761200321575373e-01
8.876031731089921717e-01
8.724985249443969471e-01
5.340040962196270780e-01
3.348079854847578751e-01
8.367412847662418773e-01
1.600327224063453624e+00
1.781151193415604350e+00
1.082478375847700347e+00
7.940727526195766328e-02
-6.276873687479888053e-01
-7.963451693447084478e-01
-1.523270095079393704e-01
8.508446442974400004e-01
9.520659667346361710e-01
-1.507472298411925149e-01
-1.172576592154615627e+00
-1.348688247596852019e+00
-1.254902818405981169e+00
-1.096627861012849925e+00
-3.134326731138232236e-01
9.084146890264143126e-01
1.301800904145229421e+00
4.641883828566295556e-01
-4.704393890649333221e-01
-8.145862515131419013e-01
-6.606424013234259984e-01
-4.305238232488685091e-01
-4.570903865401054200e-01
-1.835461397107963077e-01
-1.634750833940784853e-01
-6.194416055178693092e-01
-1.101941587886036578e+00
-1.266440962983269580e+00
-7.556735242103671535e-01
4.414604070473254205e-01
1.145672220456562584e+00
9.429447801585865152e-01
8.869325869361404102e-01
1.304606711688022003e+00
1.250120522430105963e+00
2.644475642289966788e-01
-6.469380375149959006e-01
-4.030298157060370756e-01
7.106169389885930165e-01
1.475261985520759600e+00
1.335439104042602354e+00
7.889147239993145044e-01
4.252977018827373001e-01
4.727710736782722023e-01
8.150113135496691585e-01
9.793469447015235030e-01
7.200367915388158346e-01
4.850729644339726310e-01
6.365606220930997150e-01
9.354861588840424069e-01
9.429582643235336903e-01
3.043662407211088494e-01
-5.326565457025541628e-01
-5.736095334159919679e-01
1.132919935964003810e-01
7.888649500519689939e-01
1.086736967194879888e+00
7.886045076270761234e-01
1.023811239095357289e-01
-3.505527388393362420e-01
-8.393197783665153067e-02
7.122675031315777172e-01
1.183880761880747645e+00
9.115925502138649827e-01
3.926646953582774158e-01
1.824079546204323832e-01
2.478822261099803692e-01
3.516749558230760631e-01
5.588422100138051851e-01
1.016712156244510057e+00
1.045058427891282671e+00
-1.487520725855864534e-01
-1.771986794183038061e+00
-2.391877086453114476e+00
-1.877205023524967320e+00
-1.172322506818945342e+00
-8.493363926797877772e-01
-4.871951274104819318e-01
3.527066403418773616e-02
8.425310509175744367e-02
-4.171697792798219617e-01
-9.616106482024151525e-01
-1.234607363581826434e+00
-1.147610030339590859e+00
-1.064279213796305967e+00
-1.748922250484625796e+00
-2.704899735875851530e+00
-2.202469251839201281e+00
-8.432564462525421467e-02
1.955824869173309999e+00
2.718983011100450931e+00
2.225225476851461437e+00
1.014017518792327266e+00
2.201970667388663816e-01
2.693910128750401367e-01
6.261941005544044980e-01
1.007227766379015010e+00
1.408020655851004221e+00
1.545399145873267210e+00
1.210776187889540223e+00
9.318503739469782277e-01
1.039737126424779889e+00
1.209950540160239951e+00
1.615033742143301643e+00
2.276007136653000362e+00
2.347322344521756143e+00
1.598576840486110040e+00
6.043759735108834574e-01
-1.478403414278798567e-01
-5.763851587175721214e-01
-1.072477864428084349e+00
-1.460465163987849868e+00
-1.281520062080059530e+00
-1.095777581514663312e+00
-1.148164187844161965e+00
-8.118069685095943289e-01
-2.107393874995413252e-01
4.778343308970628422e-02
5.557208755723119786e-02
8.727653661279012598e-02
2.234810828208498301e-01
5.271060764886530414e-01
5.521345734935729777e-01
-3.580451968103134236e-02
-6.780988051802031569e-01
-9.825925769885093253e-01
-9.919807228578918501e-01
-4.939983640556340205e-01
4.276613615864167106e-01
1.101189731395392890e+00
9.453771235319916588e-01
1.250708058210849849e-01
-6.729518654089543528e-01
-1.074363059786205055e+00
-1.290321921597756383e+00
-1.718880342769335323e+00
-2.126351481764078510e+00
-1.685976353047966558e+00
-4.009510309082165991e-01
5.675835705621664617e-01
4.131290101017049410e-01
-3.547248432070831958e-01
-1.175115817412175856e+00
-1.955550821667261685e+00
-1.897768150907624740e+00
-5.666015741117004234e-01
9.110141775729608815e-01
1.463182540847735247e+00
1.343745511877709964e+00
1.147151847986700002e+00
7.154361751925845114e-01
-6.901799105644783328e-02
-6.452583465545577157e-01
-6.222611558575732449e-01
-3.967254576373649422e-01
-3.702438295117816969e-01
4.902996333937616885e-02
1.231215033275600668e+00
2.272397512355662563e+00
2.520801574806793344e+00
2.101207866141153513e+00
1.239262900647481569e+00
3.410334712232117038e-01
-1.017356202153652522e-01
-2.566882202527982493e-01
-5.647961289602561052e-01
-8.810531165146777699e-01
-8.387745916896685028e-01
-5.747756257472753649e-01
-5.378606764575125654e-01
-5.926169588232345076e-01
-2.580008594245450371e-01
1.970412035321093824e-01
2.644577323777112521e-01
9.982039029080688654e-04
-8.464578737343324277e-02
4.505060832488817502e-01
8.918715616495562770e-01
3.953455164269155109e-01
-4.365409577186498691e-01
-6.862305917631297270e-01
-4.918696567710750811e-01
-3.542991965649344155e-01
-3.278529772039318058e-01
-3.893399220358096380e-01
-8.589992795196800257e-01
-1.615814368764557418e+00
-1.852819854850971781e+00
-1.424681975877460038e+00
-9.388037667089254024e-01
-8.049713045071172912e-01
-7.700646151554366714e-01
-4.720079261773213464e-01
-2.556797596204079745e-02
2.927186466372933005e-01
2.163411243608343582e-01
-2.329007026586165860e-02
1.749024777742146097e-01
7.135898813347866243e-01
7.661663024841386394e-01
1.959170914746422854e-01
-9.911335708774726694e-03
3.140845548839144019e-01
1.587428784391907710e-01
-5.895099499242804075e-01
-9.247063445367896817e-01
-4.595856509364393827e-01
1.495479654042181084e-01
4.672549114248383817e-01
4.473478630581790294e-01
-2.424408205784579339e-03
-3.658040073970304507e-01
-1.063363720639988741e-01
1.339162117138861241e-01
-2.885355550541695568e-01
-9.406612995019617562e-01
-1.345084629541866361e+00
-1.430648776646832321e+00
-1.040170289111893354e+00
-1.783750137064800401e-01
3.605746473288841125e-01
-8.203254747660982948e-01
-1.587695947961511589e+00
-2.077126601988251942e+00
-1.762137682793285531e+00
-7.426197724690581925e-01
3.947434913781056598e-01
1.404052270931586133e+00
1.978665917459312640e+00
1.912274801326375062e+00
1.624709364252977961e+00
1.338063379719250934e+00
6.833079825714603039e-01
-2.046257057867439944e-01
-4.629877113072276562e-01
2.376791204772253918e-01
1.109045014849170174e+00
1.287167734565442645e+00
8.542090617436672861e-01
2.428629005871623947e-01
-2.791632450231502638e-01
-4.259222231379222734e-01
-2.685720097692991248e-01
-2.488268745830706299e-02
3.653209151711729330e-01
7.491747084638670229e-01
5.618387450923642001e-01
-3.437653473394398085e-01
-1.086689933681705078e+00
-9.178600772343831204e-01
-5.369095497345995893e-01
-9.614311694613809633e-01
-1.834530193393919761e+00
-2.249682873595554966e+00
-2.353616303404176158e+00
-2.448350835520366697e+00
-2.009017664920832669e+00
-7.066726716944171649e-01
6.002695717015956722e-01
9.665473342615685803e-01
4.978243132447864316e-01
-1.844825273588450165e-01
-5.847118719878428017e-01
-6.789024712178686194e-01
-6.694748752829539074e-01
-5.784177092991342750e-01
-2.561201868342383170e-01
4.382100082039011579e-01
1.102835991900078083e+00
1.228675702279660387e+00
8.850567703729995683e-01
3.886553220452044766e-01
1.046902662113893684e-01
4.390065381167684855e-01
1.304150030909578817e+00
1.952287790368737008e+00
1.935861640657077665e+00
1.436538666979401579e+00
6.867637734158745788e-01
-2.278996716925332233e-01
-1.033339948726162527e+00
-1.367591238650827101e+00
-1.187749529884592592e+00
-6.653803757965673915e-01
-9.187315004013897612e-02
1.830479626088803713e-01
-1.737848234746975935e-03
-6.751153636619854348e-01
-1.575773072722767010e+00
-2.028162219955576884e+00
-1.712091903659242575e+00
-8.717927340374831413e-01
-3.556284145843646716e-02
3.779921955682695178e-01
3.777864123037334987e-01
-3.675599674007799800e-02
-5.372137585892781120e-01
-3.701785085031620848e-01
2.656888390079537587e-01
4.924627471751866215e-01
1.384254820813141940e-01
-5.773861087654810209e-01
-1.355499899654236895e+00
-1.340419552803562731e+00
-2.504892764397720906e-01
7.579987824121128259e-01
9.295785667992197965e-01
7.569956347420839782e-01
6.265890587079301355e-01
6.273287928690733928e-01
7.396669577101323556e-01
5.594522301439891487e-01
-2.231393913056153588e-01
-1.079156343476444624e+00
-1.334714866477257678e+00
-1.244494404727821912e+00
-1.219731981768399587e+00
-8.577846140875040604e-01
1.295463812440145746e-01
1.170652998615169471e+00
1.611633494554653767e+00
1.401219283812812577e+00
8.512789110401253190e-01
5.913083817517488239e-01
1.169479637242045289e+00
2.087030789331095537e+00
2.421914393982302460e+00
1.937065038458520849e+00
1.151142799500541658e+00
8.738554690880533382e-01
1.304287689064181910e+00
1.688516268756402150e+00
1.565645699959831161e+00
1.263529190453909212e+00
8.650103113820996059e-01
1.540835579207119055e-01
-5.469121861320483946e-01
-6.904783954706430471e-01
-6.162250365689964093e-01
-6.998392674169375827e-01
-3.620399545243759287e-01
4.872499680556481305e-01
1.303191512612390301e+00
1.886074711608305643e+00
2.134335021030769663e+00
1.851863908833159877e+00
8.836851150219008355e-01
-3.249989198030982518e-01
-9.402285508344876419e-01
-8.936999388137534250e-01
-1.015702930550278715e+00
-1.603224037171374183e+00
-1.860724717142260065e+00
-1.488786913427434744e+00
-9.183287851113609568e-01
-4.873040078705994649e-01
-5.035861347182181147e-01
-6.960630078995325709e-01
-3.305241282102300837e-01
3.575442750222749266e-01
5.566837794568254560e-01
1.931144082616683411e-01
-8.813505403557653217e-02
2.130494617839472915e-01
5.463430692166995062e-01
8.073792627853809689e-02
-9.014497432443807634e-01
-1.416026414997758165e+00
-9.940719432465330296e-01
-9.873631318890005448e-02
3.695565158872972655e-01
2.045998495581990984e-01
-1.228889088250684491e-01
-5.855285827222143080e-01
-1.213337973470822062e+00
-1.676652156943331473e+00
-1.727072432635001320e+00
-1.371816822099068078e+00
-9.059288088269324968e-01
-6.129775482232526773e-01
-5.981416093144382717e-01
-7.630028352254151214e-01
-7.375780180524256213e-01
-5.216286284048212707e-01
-5.786980537684138781e-01
-6.951748361084196803e-01
-1.667714323330993509e-01
7.096329507039845774e-01
1.017609000765179461e+00
8.977081693603293777e-01
7.991494767897954210e-01
5.823685906991409311e-01
4.534627033892191239e-01
5.488916885435443094e-01
5.506701267791114240e-01
6.182534193550464074e-01
8.643993171978784362e-01
7.970974867966623689e-01
3.559285627292643195e-01
-2.464884731852602998e-02
-6.360733362125292611e-02
1.520050073883555675e-01
2.703690167319366400e-01
2.597896756947326580e-01
3.387291562568194858e-01
4.271810213333722683e-01
2.981909650893888597e-01
-3.708535990070794403e-02
-4.788516770610363182e-01
-8.622326281603807097e-01
-7.018545168492789088e-01
3.291689022586914010e-02
3.546517622848207596e-01
3.542334089772115197e-02
1.123291490661450370e-01
7.549470795917991861e-01
9.393709160101665345e-01
2.741099020679948484e-01
-3.206610094966918512e-01
-1.856256264951436363e-01
9.266396659494234578e-02
-1.174756069345122667e+00
-1.797450852704508995e+00
-1.724773656240276676e+00
-1.060463538861289523e+00
8.651289504163532651e-02
1.616405702848727532e+00
2.788905954059217596e+00
2.788905954059217596e+00
2.788905954059217596e+00
2.422519018339066132e+00
1.289402897796467995e+00
1.394676589971501415e-02
-1.285372784437854188e+00
-1.807004615426792249e+00
-1.144847097486785259e+00
-3.858722251153255400e-01
-5.916743933673650480e-01
-1.418192259013487222e+00
-1.941621969958134297e+00
-1.881324463080420006e+00
-1.483564352741301828e+00
-7.045923764745152251e-01
5.267696299164633666e-01
1.371367846255461931e+00
1.125189787685970666e+00
6.197770628747808486e-01
4.103137206472093901e-01
-1.913354429893086850e-01
-8.866753912044422758e-01
-6.509547532182580198e-01
2.311773796121684432e-01
8.183156895174338308e-01
5.731317913383808804e-01
-2.262095373905803064e-01
-6.567052085753427582e-01
-2.902438459105045609e-01
4.290542296017781781e-02
-2.985709821288698440e-01
-6.514880587952643909e-01
-1.793518392698454644e-01
8.802118435091951243e-01
1.472106762538861746e+00
1.220714234792341646e+00
8.900468666909366888e-01
1.029174478751742949e+00
1.136318543858738428e+00
6.366435840623954068e-01
-2.277495387647942293e-01
-6.935865017754589967e-01
-6.906083733746130049e-01
-7.162888711035294564e-01
-7.743931658902715176e-01
-6.662450793267962190e-01
-2.060445616865423657e-01
4.747791498401967569e-01
8.746933989193109715e-01
8.605852372413902440e-01
6.833066828882103927e-01
3.791614113676798903e-01
-1.269151637205156169e-01
-6.030152080688049310e-01
-7.663369505509721735e-01
-6.154653272145580445e-01
-5.168479803517820326e-01
-7.580674996288933043e-01
-1.122891812903929587e+00
-1.336584837151911342e+00
-1.333579349762153310e+00
-9.837822075708066993e-01
-2.271353309233224427e-01
5.491913468969968903e-01
9.318362594178417613e-01
6.479454512449663861e-01
-3.342764377860250047e-01
-1.106019367781361895e+00
-1.021622487467587437e+00
-7.664912724905651453e-01
-7.700081786879895418e-01
-8.324204008561975066e-01
-1.027421702226773759e+00
-1.301523678637737325e+00
-1.536645890450980101e+00
-1.835164331699021378e+00
-1.985356772121779967e+00
-1.727363259887743085e+00
-1.205884086357196905e+00
-6.386921794664790486e-01
-3.529970116881785414e-01
-7.585404995937582440e-01
-1.351702805532779994e+00
-9.675245027899372907e-01
1.371107345207878969e-01
7.386989032572891523e-01
7.351193412571932484e-01
6.386500655153166672e-01
4.735151323930144041e-01
1.920213082699251395e-01
-6.154844158368933012e-03
-1.052930182003111864e-01
-9.140526528758778635e-02
1.596770397104958217e-01
4.053494363768856967e-01
2.194358822424596622e-01
-1.505649757886672914e-02
2.646544217267723376e-01
6.506937521169066097e-01
7.253675304608722119e-01
5.042834054917323394e-01
2.694819627843590970e-01
3.908496440488921642e-01
8.203222065843418509e-01
1.409763549042716280e+00
1.885273599781029485e+00
1.861640373522924552e+00
1.558999327386157763e+00
1.414273463484915450e+00
1.472628624072234160e+00
1.472628120055284873e+00
9.759352328969286283e-01
1.621408134511548860e-01
-2.195138268584250762e-01
-1.047462559029566226e-01
3.322176180182767058e-01
8.624548713372187647e-01
6.995396869022459940e-01
-2.461685962929232585e-01
-1.092229170747016198e+00
-1.181531221790772967e+00
-5.406731591723413777e-01
-2.674970612952053822e-02
-2.689231723672485530e-01
-8.434816260402340227e-01
-9.428089820295616486e-01
-1.965570693848442962e-01
7.774066526404408428e-01
1.110147648951661292e+00
4.460545915279623963e-01
-7.396911021029165534e-01
-1.253429371154761940e+00
-6.932646304366513190e-01
1.081454996217451753e-01
6.112030504645995510e-01
8.450173928540949397e-01
9.586825655050632555e-01
1.342972826953424681e+00
1.929378325524237381e+00
1.999401670284398191e+00
1.240037289274076304e+00
3.739965292290807763e-01
2.725712422996001694e-01
7.761720803815975733e-01
1.136018410482550589e+00
1.049151904453948125e+00
6.951856718391261625e-01
1.886046194712731605e-01
-9.768331906326968572e-02
4.200100484286060087e-01
1.127670340205971344e+00
9.838490756058579922e-01
2.654340998826273390e-01
-4.144897531673328861e-01
-1.032589806914633535e+00
-1.537273434270753691e+00
-1.401682425848903124e+00
-6.777688436611306599e-01
-7.537855474260998778e-02
2.767882118497771438e-01
-9.240852947628001163e-03
-1.323732644722687812e+00
-2.452939551090989045e+00
-2.147053310518479474e+00
-1.187189718875831801e+00
-6.967335938591288080e-01
-4.344052762527939038e-01
-2.396353962008678784e-01
-4.022921264522241191e-01
-3.985249699714095151e-01
1.097151996706699911e-01
6.636070761987408195e-01
1.022737896868874952e+00
1.000198218073307332e+00
3.597050006897598573e-01
-2.744295619185395663e-01
-3.339532038469964492e-01
-2.572078645898602245e-01
-1.782663826441457100e-01
5.442196106024498048e-02
1.044428955376679735e-01
-1.919838204317355634e-01
-4.348866620998465549e-01
-3.843771622081681993e-01
-4.425598441998585542e-01
-6.809747789611966251e-01
-5.375919143461581617e-01
6.784267695071503901e-02
7.140324602715171221e-01
1.205445481570452726e+00
1.470978813327187940e+00
1.234455260997725290e+00
5.753831678808156713e-01
6.769954016294776888e-01
6.471832464714758482e-01
2.550691389209522320e-01
8.012929205313681913e-02
2.645100575722182656e-02
-2.223933296278134686e-01
-6.079351708425991818e-01
-8.413801581013288233e-01
-8.051810467936105775e-01
-8.227207373304931126e-01
-9.360850170303487428e-01
-5.273360108357002529e-01
8.324320628321990601e-01
2.467626081868019128e+00
2.730315587165595304e+00
1.908752055375928069e+00
8.989977436631062524e-01
7.556639485528718891e-01
7.689048182303329648e-01
4.283223634416070957e-02
-1.097684595661063911e+00
-1.453912980154826506e+00
-4.585499443879121895e-01
8.789870518494712348e-01
1.310528051312061404e+00
6.682295401216000741e-01
-5.625391617147030843e-01
-1.544489595481917332e+00
-1.583415034345575734e+00
-1.027647710706514728e+00
-6.097670648202196952e-01
-3.174903428567254493e-01
1.533501846953034264e-01
6.296345783271802832e-01
7.512703703095160446e-01
7.547922870792169725e-01
1.125763068711269188e+00
1.573098318311348054e+00
1.609719957342456986e+00
1.388546257588766375e+00
1.344923742214016782e+00
1.471708021518404186e+00
1.308552568905895663e+00
8.117620618569215685e-01
5.192680547732444474e-01
6.963484018006469434e-01
1.035853830319742208e+00
1.059133451555959837e+00
6.278064466029135149e-01
2.395834933310598269e-01
3.505531459688671636e-01
6.955681211123404539e-01
9.246278854062179864e-01
8.759759175463571745e-01
4.474235928461660072e-01
-3.394977640761549093e-02
-1.259905011532644059e-01
9.954032290547781825e-02
5.501890898012424813e-01
1.077480610596333710e+00
1.217871419157273705e+00
1.161123734523167084e+00
1.163746720472145668e+00
9.024062958790664002e-01
6.073207528349194861e-01
9.145522168776097915e-01
1.496011329914414434e+00
1.426208519526939611e+00
8.675072987124294865e-01
4.824369699726415162e-01
1.262887095107026458e-01
-5.165936490046360019e-01
-1.171493463444109873e+00
-1.309074044153771821e+00
-1.066520352573894437e+00
-9.811108932492959012e-01
-1.065203403919640524e+00
-1.409730100743250780e+00
-1.976849736812258840e+00
-1.969355706040803122e+00
-1.162704546812056483e+00
-4.122917553161975501e-01
-3.715867111831295810e-01
-9.065439115308286944e-01
-1.621899393240623821e+00
-1.884576811856587097e+00
-1.199405719503897405e+00
-4.264419567336841244e-01
-6.810821277173135790e-01
-1.369313556402667054e+00
-1.584959916650923173e+00
-1.511128977331419154e+00
-1.118190224967125390e+00
-2.635315390055496532e-01
5.052668911798663398e-01
9.308579086867915242e-01
1.189513336095622709e+00
1.148262897750629286e+00
8.287474253143517489e-01
6.016562581925684050e-01
7.548936301550336347e-01
9.609517615593168305e-01
5.978046187974545012e-01
-1.473316959691312600e-01
-7.130724338783868133e-01
-8.060515422929963592e-01
-3.893081493917421310e-01
1.261347545637926393e-01
2.637028777409074487e-01
3.209486321451644475e-01
3.836606195672664366e-01
1.949570582521615303e-01
-1.707926565680840392e-01
-5.825885075653768341e-01
-4.904859781761098381e-01
4.187199753404449720e-01
1.181061756339689239e+00
8.712678636502799723e-01
7.677098368169819886e-02
-3.193421878946032244e-01
-5.683860567275550446e-01
-1.025607095173194372e+00
-1.250570186946962759e+00
-8.822297005978463336e-01
-2.685922797974579779e-01
1.431438760727201387e-01
4.634633013628546849e-01
7.005946642789303569e-01
5.617890178958159231e-01
3.692162211956065421e-01
4.907353324388650795e-01
6.500701615789939991e-01
7.002636480996614621e-01
8.332813856572337530e-01
1.022462680357747677e+00
8.655680851856872859e-01
2.314626724059982710e-01
-4.963290365049219388e-01
-1.030820977225614943e+00
-1.140447393304495849e+00
-6.472061526423812383e-01
2.059857461914071583e-02
4.556681932360766574e-01
7.196583020301792200e-01
7.923570240544902665e-01
7.048605943368451143e-01
6.268633117188584514e-01
6.490044916422125221e-01
6.251374129107337696e-01
3.856469926555901040e-01
2.717175051184594903e-01
6.387661839271048247e-01
1.160218083542069678e+00
1.124687017699997682e+00
4.788696573835860004e-01
-1.374119581445643890e-01
-5.169534246980549419e-01
-6.676497846828891580e-01
-2.353707219322829780e-01
3.495915968143916142e-01
2.714877404552631379e-01
-4.487301148420585334e-02
-5.776826396442179962e-02
1.151966367082989107e-02
-4.720182816879163468e-02
-2.904886186844742313e-01
-6.270083189710826677e-01
-7.586275240543010057e-01
-5.360709285366521692e-01
-3.253180836252101416e-01
-4.251007186836143203e-01
-3.667001180588039255e-01
2.091258659929981223e-01
9.840660902645977925e-01
1.708957645018601257e+00
2.261355646651737494e+00
2.027858960057236537e+00
7.913280435029275139e-01
-3.983202190720099289e-01
-8.712512720766609764e-01
-1.044566806816708882e+00
-9.163901568991962288e-01
-3.289813514139514061e-01
-1.028415885900116171e-02
-7.036272782261673298e-01
-2.065667702030993258e+00
-2.729852547631376414e+00
-2.511829031660848255e+00
-1.851180559873965681e+00
-1.550546300153677448e+00
-1.289648693412897007e+00
-9.426505210562695636e-01
-8.668616435507107143e-01
-9.337563723387969361e-01
-8.103367657509996658e-01
-6.795952394621754822e-01
-1.051266277519427694e+00
-1.939098678364622019e+00
-2.421822867807810642e+00
-1.652323449032490510e+00
3.785385705911543663e-01
8.421790833249248598e-01
1.043509255892514531e+00
6.217365327131544328e-01
-1.102542159659813774e-02
-2.090428864096526840e-01
2.183278258565466978e-01
8.961242294506149841e-01
1.394606852833425226e+00
1.703756233641843032e+00
1.663217937370911281e+00
1.111539515035927961e+00
4.815512950835565409e-01
-9.186666970298359991e-02
-8.034603126696809872e-01
-1.220524749305456735e+00
-1.111573908679448275e+00
-9.789273340576452043e-01
-6.935489646145517328e-01
1.069625825019094451e-01
4.118431398604052718e-01
-4.956750170481419304e-01
-1.463323235036782188e+00
-1.329667450327325584e+00
-4.500760158914645648e-01
1.654775278658824345e-01
9.889361330000075168e-02
-4.410835378109788651e-01
-1.023333873677050532e+00
-1.246275752722429520e+00
-7.280541105545781377e-01
4.901539335615803794e-01
1.379858658208845679e+00
1.198976006452725729e+00
5.029687879721187471e-01
7.238852953934639400e-02
1.213217171756499208e-01
4.290494455067637714e-01
6.217831322418260198e-01
5.127207555107972103e-01
2.966242256445734693e-01
4.063710883959797404e-01
7.936919064618367381e-01
8.987488314950484725e-01
5.906699936054099487e-01
2.743822941381998670e-01
-1.711634853157371350e-01
-8.599663656254460387e-01
-1.007936441093473245e+00
-4.514467175691653789e-01
1.376812885013680710e-01
6.765581026103777429e-01
1.285135387925297357e+00
1.332804052267275274e+00
3.133244197730454261e-01
-1.087972272986907685e+00
-1.708123819468424953e+00
-1.171675293831801357e+00
-2.442703458428332475e-01
1.383317426137858908e-01
4.376777845169128878e-02
1.754464466843985160e-01
8.315099037022373185e-01
1.556935778444662244e+00
1.574549999042034409e+00
6.479000833835180106e-01
-8.413513907491613208e-01
-2.131652563213656926e+00
-2.664604679138199206e+00
-2.691307542160056521e+00
-2.695983541997803989e+00
-2.326071303984377003e+00
-9.088277242784298382e-01
1.035968441470347390e+00
2.026619353135896251e+00
1.518882910797746399e+00
5.815834675987585634e-01
1.037953716714167668e-01
-2.764608697736989362e-01
-1.177637932307436186e+00
-1.976242634567956458e+00
-1.737805260306542809e+00
-8.950997942777630945e-01
-1.763285624100933979e-01
1.460103865477961615e-01
-5.352233950020316572e-02
-2.485310942807974210e-01
2.015659307873680917e-01
7.466927157434001261e-01
6.344205806822319493e-01
1.892565707912545470e-01
6.355820896849534440e-02
4.604529884979009502e-01
1.079166893704662344e+00
1.234377494111044804e+00
9.245421577340484642e-01
9.893326394873194207e-01
1.422331773733468196e+00
1.373069130709041907e+00
7.066041680840113859e-01
1.331922151712591484e-01
-2.578938894149593319e-02
-1.660489676306747264e-01
-4.630170003327989114e-01
-3.704606501140975672e-01
3.222819376085969689e-01
6.953365423673103507e-01
3.763227795830608180e-01
1.435787129998105094e-01
2.347580210712277016e-01
4.348767562753292903e-01
9.996232536302033234e-01
1.796444083073347464e+00
1.970543950467827266e+00
1.191020528511183008e+00
1.344354481455774519e-01
-3.386568996085227434e-01
5.918538157371827473e-03
5.989867395654276949e-01
5.960152373532228154e-01
1.735087585415670264e-01
2.147640198052937488e-01
4.955292102359182826e-01
7.908999022756466046e-02
-7.465366966820711214e-01
-9.003556405191294187e-01
-4.007845802865191431e-01
1.195351263955673760e-01
3.486292597142181537e-01
2.123608693753206156e-01
-3.563510716885258112e-01
-1.252841630310008281e+00
-1.639363200078764349e+00
-7.791589603628649163e-01
6.129789782757386618e-01
1.435839350044983309e+00
1.520517846067118706e+00
1.045967837229054398e+00
2.759054946508792128e-01
-3.422943027482188705e-01
-7.200491830373172419e-01
-7.298508149122148181e-01
-2.420700210081518644e-01
2.255817370334686489e-01
1.977657355435853692e-01
-8.166143366355931021e-02
-3.021983149649108413e-01
-5.235085315820168228e-01
-4.998544981225716555e-01
-7.821770968451979833e-02
2.861700249195056611e-01
5.263383846695818269e-01
9.213542774298884019e-01
1.281325868404865620e+00
1.284506244853591772e+00
1.032942631538591005e+00
6.988218206791553255e-01
-4.045529613440869421e-02
-1.002870199010783558e+00
-1.568012431380646055e+00
-2.011255245727032293e+00
-2.480250037467365498e+00
-2.357586622552345634e+00
-1.552071582121385074e+00
-7.713805668096946899e-01
-5.424560780702124552e-01
-5.890876560399802564e-01
-5.404666297812409370e-01
-5.819208015583628990e-01
-7.199292248896692614e-01
-5.417182329792394890e-01
1.429276098192040767e-01
9.003148778338110336e-01
9.115167789089864137e-01
7.260818242048711069e-02
-1.015451015246898292e+00
-1.983292663816898393e+00
-2.540124636056257934e+00
-2.125075099218185493e+00
-7.085355655219779392e-01
5.390574957227203257e-01
6.360221846871813023e-01
3.183926327011413898e-02
-2.389970962514649522e-01
-8.028236513916187089e-02
-1.393798576116955512e-01
-6.869490587310039809e-01
-1.276834409915593049e+00
-1.289185441639458141e+00
-6.484678541542436836e-01
3.705858452718097662e-01
1.284985094198523470e+00
1.492558488715102216e+00
1.174876100386912148e+00
1.084040675190264036e+00
1.247350724587423576e+00
1.135371084176857170e+00
6.904393149838859989e-01
3.533572481434606449e-01
2.217775320665635874e-01
3.294115667292314975e-01
5.627590855896346111e-01
3.838080847864028811e-01
1.194786108125386603e-01
3.804532730189792988e-01
8.643320956593293358e-01
1.012152618856019481e+00
9.715901129497255262e-01
8.262104492546115120e-01
5.305318258676499088e-01
2.309406292023120089e-01
4.104903325566342659e-02
4.430516331278585955e-03
1.559395813869073749e-02
-3.611520849266307009e-01
-1.057739353034162333e+00
-1.338335150441671395e+00
-1.064897902188485457e+00
-5.682219859974360077e-01
-9.450357232617265235e-02
1.519617969374055244e-01
2.863749465847332809e-01
4.015488018787180535e-01
5.004270527703625904e-01
7.201163409784232527e-01
7.930589555050380213e-01
6.749226828898288177e-01
8.400284618099680412e-01
1.121460784798063326e+00
1.056468841501270850e+00
6.797012200538428139e-01
2.340679097370763628e-01
-8.960817898612433163e-02
-4.523811064633335988e-02
2.682871686236441566e-01
3.597029606557341497e-01
3.502236727155348672e-02
-2.232104698875312931e-01
-4.059548766111005513e-02
4.450599274884071144e-01
9.440812838757656200e-01
1.041622168760654610e+00
5.735788194476520996e-01
-7.138649835994585746e-02
-6.627686416618903120e-01
-1.110421677802891915e+00
-9.914471493747540887e-01
-3.404246375248796697e-01
4.708147398152795482e-02
-3.219756772345842843e-02
2.622385548820336046e-02
3.657117798186677038e-01
7.478003778636381771e-01
1.079582832823293925e+00
1.369207422737334978e+00
1.539628164968874779e+00
1.280056511491471039e+00
5.632016647868440806e-01
2.117138603308272859e-01
7.020697265686098865e-01
1.148934750692693241e+00
7.411323201582858955e-01
4.387610406142912201e-01
1.344424808983719188e+00
2.477271495444194116e+00
2.574245471353017400e+00
1.678140693463382460e+00
2.903386772872106336e-01
-9.851268561318086148e-01
-1.454380295850605354e+00
-9.763066250087244491e-01
-6.013693596569262556e-02
7.811576468182601651e-01
1.205653005955660717e+00
1.043168793008701467e+00
2.409028668943619389e-01
-8.305677512161270259e-01
-1.375927659860147756e+00
-1.201810618920434504e+00
-9.188412009527227031e-01
-1.083504038190542307e+00
-1.509970037374600116e+00
-1.566899255013398218e+00
-1.094083370306488057e+00
-5.767299226853127569e-01
-7.954209834855446859e-01
-1.780317327966870922e+00
-2.458661538728508678e+00
-2.297013160247013630e+00
-1.735184915762041591e+00
-1.075403489853258288e+00
-3.217961998395029166e-01
4.563946809631037604e-01
8.307513108291655346e-01
4.626725987652063332e-01
1.947503864737853696e-01
6.737687628423832953e-01
8.416263495428822905e-01
3.277189082969530487e-01
2.698739635318226915e-01
1.053373786638903242e+00
1.809556137037752421e+00
1.494853985403298724e+00
7.104507159520040416e-02
-1.231221676022814737e+00
-1.498482864060338704e+00
-1.107384865590919309e+00
-6.683716578208994674e-01
-2.046097903158753117e-01
2.817911994468577652e-01
3.893469210155338645e-01
2.292328748217751788e-01
-2.461596953351703754e-02
-6.692880562919624188e-01
-1.307312008638467971e+00
-1.520789509963135444e+00
-1.573765301523115667e+00
-1.742386572875145978e+00
-1.958507511712257898e+00
-1.762808050872464616e+00
-8.155769335046523238e-01
6.287332768214330958e-01
1.683972651859424241e+00
1.666970323559773925e+00
1.062574004135329098e+00
6.197109082044960360e-01
7.009428438555365126e-01
1.220567603278413182e+00
1.252442758266551381e+00
2.465111599486003169e-01
-1.001392431940642647e+00
-1.509557192904997791e+00
-1.064853808436632576e+00
-2.213170940672124776e-01
3.891689344261149430e-01
5.510049313388707404e-01
2.920674306838601519e-01
-3.226497121572300952e-01
-1.294722872222515475e+00
-1.996286367216599578e+00
-1.372387835494425889e+00
4.412918721471253414e-01
1.700759223842517764e+00
1.251373277184557375e+00
9.289375122568264975e-02
-6.333982025732303178e-01
-9.049586034195395978e-01
-7.726811016731622850e-01
-3.764625129330550490e-01
-2.501023677935461653e-01
-5.727685265326513120e-01
-7.440275236822267990e-01
-2.723533944703424581e-01
4.579468266634328377e-01
9.509719621200578565e-01
1.336370080070635069e+00
1.679870735745754295e+00
1.850605207628584381e+00
1.985093822536004415e+00
2.092101060667517221e+00
1.787120155218146822e+00
8.910470051386654156e-01
4.047484964110113076e-02
-1.198084896337851257e-01
2.642199927017186978e-01
6.281836926198152149e-01
4.318430162773002623e-01
-5.003452015941083353e-01
-1.600099554617130382e+00
-2.025580380176238648e+00
-1.910828088332150898e+00
-1.856912397437608053e+00
-1.614186824420821287e+00
-1.044036021406127501e+00
-5.501966824819723989e-01
2.533828652742079954e-02
7.562740431781219685e-01
8.947639660539050688e-01
2.161091926001997288e-01
-3.876800897900798959e-01
-3.537765312573315502e-01
6.207626247004732062e-02
4.596970847934597759e-01
4.846875493948538671e-01
5.437586935640331687e-02
-4.188243492716627325e-01
-2.899401614238427127e-01
2.926784046661063399e-01
2.957143524806237767e-01
-3.509244950645761807e-01
-7.117788433243757984e-01
-5.084612211171833929e-01
-6.088807677587095013e-02
6.144734196618113764e-02
-5.659559399002618285e-01
-1.333638729965414438e+00
-1.425930119721423139e+00
-9.584208574302470751e-01
-3.495106857130018674e-01
3.959846694937001199e-02
9.226889915686309340e-01
1.388090589581395751e+00
4.937256160192604604e-01
-1.665793249488910721e+00
-2.800269516629478872e+00
-2.696277537588749329e+00
-1.563165158651587117e+00
-9.817071881185976956e-01
-1.045556183026561170e+00
-1.032811216813996902e+00
-6.318829571249662269e-01
-1.983774296820221827e-01
-1.674458175815388972e-01
-3.056777757657076489e-01
-3.332890080663790111e-01
-3.956175065306934968e-01
-1.251366371097311081e-01
3.313145239970376466e-01
1.132175120532919743e-01
-6.688678054377396043e-01
-1.126476909411907812e+00
-8.979919556182519580e-01
-4.993324631294562277e-01
-2.819368765870550186e-01
2.777314244625319478e-03
5.427914242084909135e-01
1.164815166884722863e+00
1.284836598930571006e+00
5.713243850024360970e-01
-2.732414034845107031e-01
-5.310655787930467220e-01
-4.986206765205129510e-01
-3.942616017570955700e-01
-1.588706338875187640e-01
-1.442062118084605771e-01
-3.277612727806971660e-01
-9.246639594015650110e-02
1.541467979724186754e-01
-3.571699780030330729e-01
-8.676737623923427289e-01
-5.048764275315203998e-01
3.375037507361485223e-01
7.698418945564172722e-01
5.220254077364376855e-01
1.119337427437181037e-01
2.001915474800896044e-01
9.773331283865550612e-01
1.719867609294017496e+00
1.584427225054389821e+00
8.733741707694392398e-01
2.899895291567206046e-01
1.055811660197828322e-01
3.543260514240836878e-01
6.936712258566040123e-01
7.266881597561609674e-01
4.938642321871566376e-01
3.881950137997166594e-01
8.468296921176307057e-01
1.561873900578546026e+00
1.622033603657671463e+00
1.009275916516477967e+00
5.182017958918536671e-01
2.871422933236467689e-01
-2.537955582602857141e-01
-1.159173391118810237e+00
-1.633952903573546722e+00
-1.166706023508474077e+00
-1.580012861363131738e-01
7.415140913873907724e-01
9.776821105956150504e-01
4.900983951811566652e-01
-1.223296132123883190e-01
-6.264468639478043555e-01
-6.776011332331821624e-01
2.407979324966488255e-01
1.294321647293892985e+00
1.303000453143412507e+00
2.629273695809627442e-01
-1.100877773836025364e+00
-1.872496424422488648e+00
-1.618392774622021912e+00
-7.287268085506821702e-01
1.903366092390347819e-01
8.157392875982020231e-01
1.067944532840391370e+00
1.048663676218689389e+00
9.992633551896981103e-01
6.871893786894253120e-01
-2.206325853332503917e-01
-1.113378441594534696e+00
-1.249322202333805976e+00
-8.878637012056838085e-01
-4.677719069120370166e-01
1.339887374392753905e-01
8.226099641776429827e-01
1.164716368564004512e+00
8.475224529117822980e-01
2.877848783090590223e-01
3.674014252329547703e-01
8.574503213126185575e-01
8.669438227211874182e-01
3.211785244332985290e-01
-5.644819310954873881e-01
-1.642199045450891459e+00
-1.984040232416881766e+00
-1.137937052075167710e+00
-3.567945484773706877e-01
-3.242731124112400720e-01
-4.765536612908549685e-01
-4.623415068130384276e-01
-2.291760207042385089e-01
1.525804635382142227e-01
4.246646898469376152e-01
6.593957960288925058e-02
-9.866627378965028283e-01
-1.668171922971237953e+00
-1.547188191439321292e+00
-1.511305474427608875e+00
-1.514405408188734592e+00
-6.217628865597920607e-01
7.594983682768865485e-01
1.210983393809117681e+00
6.926847808770377757e-01
4.855044976376873267e-01
9.207877015253985720e-01
1.187032681829887970e+00
8.384045047486842206e-01
2.326401747032215417e-01
-1.623567172513020185e-01
-1.894125433707726236e-01
-2.607601931705313958e-01
-7.572919328984840659e-01
-1.077671865378716731e+00
-6.360865907338505432e-01
2.018361593964741740e-01
1.207010064219826928e+00
2.479486195703044515e+00
2.815667857529561058e+00
2.815667857529561058e+00
2.815667857529561058e+00
1.808556478953614821e+00
8.552812134192244731e-01
4.094561650090197125e-01
4.226937114418771735e-02
-3.418063541923259119e-01
-4.312250497108549019e-01
-1.391978727177965447e-01
1.331209711421885433e-01
1.293044188730468891e-02
-4.423830088281647810e-01
-1.031748463486765077e+00
-1.530264906480375720e+00
-1.878996078070819031e+00
-2.077493079991215463e+00
-2.008322218941959392e+00
-1.581390828721876085e+00
-9.595836430531687888e-01
-5.767006277601293140e-01
-5.333433475554660852e-01
-6.003405153795623450e-01
-5.898516746007660405e-01
-5.062399398668508965e-01
-4.893438491566477477e-01
-3.646502198102473113e-01
2.201387963055091157e-01
1.382730149967547284e+00
2.311407927152316244e+00
1.999577918901715323e+00
1.230985961103621573e+00
1.248147124907146077e+00
1.517897571851978267e+00
1.345486874648988307e+00
7.802072510625003288e-01
-7.849205829676067503e-02
-6.564397102375769677e-01
-4.777678703330739962e-01
-1.116224476027274093e-01
-1.993220046585165994e-01
-4.436293498247982359e-01
-3.462951459012296729e-01
1.130608090459226112e-01
4.206460131622694609e-01
1.167901456636946944e-01
-5.095043199012107005e-01
-1.013269658109238192e+00
-9.082490677915161514e-01
7.585295845826535432e-02
1.121318535462595412e+00
1.469703071270309414e+00
1.105149324819776124e+00
8.057246228021969214e-02
-1.021923163143134472e+00
-1.072177414882823587e+00
-2.104489156775765368e-01
1.776932508663681132e-01
-1.911021807987777488e-01
-3.231249843554641066e-01
-4.430372510103192454e-03
1.917834518100829111e-01
1.570540637722492860e-01
