3.918103111298829044e-01
2.228885832009831203e-01
-4.929823365590627060e-01
-1.038659411354063478e+00
-1.027340457418451036e+00
-8.441421496829853988e-01
-1.084839020275139454e+00
-1.475922650029425132e+00
-1.361870441857734759e+00
-1.042212026001817282e+00
-6.555264122120839643e-01
1.461932721506796484e-01
9.451636661336469958e-01
1.422745852590790339e+00
1.829486790911846850e+00
1.896300933964982782e+00
1.497815238619491840e+00
9.597484944714159694e-01
4.472572076734431246e-01
1.804970279242150699e-01
1.724601778055414036e-01
2.944893201054497034e-01
5.094648744916050465e-01
5.707693299215442773e-01
3.986329676214499518e-01
1.360626510332449135e-01
-3.291272936452107056e-01
-8.829437851731434250e-01
-8.589262420787858732e-01
-1.075248001901303874e-01
4.015166000634130539e-01
2.381157859612145072e-02
-6.140342537172392978e-01
-4.581380897984023148e-01
7.867524704887980391e-01
2.100474341504078524e+00
2.258357981861058850e+00
1.432115138535067222e+00
5.902660686094693965e-01
-2.023223360544020022e-02
-8.532785803520542833e-01
-1.812609106874321530e+00
-1.943425135176807927e+00
-1.197446494751116974e+00
-5.934909615298683550e-01
-2.990314444706270169e-01
1.769381459844187043e-01
5.129585229956107328e-01
1.824369602984488303e-01
-5.249851266756501156e-01
-1.071151174476122181e+00
-1.108677350513541215e+00
-3.390177752608022343e-01
7.697369330670175147e-01
1.398532792176164330e+00
1.529324467644083585e+00
1.354936260658616387e+00
1.121430119435916417e+00
1.365529809725778421e+00
1.833936481107122818e+00
1.512307327146300562e+00
5.359196801859030801e-01
9.241349820931513137e-02
3.520278945951042515e-01
6.004038359029418848e-01
7.758913938086258177e-01
1.134785676629546325e+00
1.378523613984220741e+00
8.320509240063292955e-01
-5.909569487845476310e-01
-2.089827503984281964e+00
-2.688278825443194187e+00
-1.942515620101506579e+00
-3.903735584027889227e-01
9.340002643657833170e-01
1.346198548555735730e+00
9.851325068366414417e-01
7.942448716225245509e-01
1.058253258830673227e+00
1.081522853106890558e+00
7.044192862661221577e-01
4.696309641311071509e-02
-9.304646925457461526e-01
-1.779132352407816420e+00
-2.083994592280636660e+00
-1.944540791859678430e+00
-1.532767281563418793e+00
-9.193490419279370940e-01
-2.063053593794218765e-01
2.108440766929968457e-01
2.928220741085425516e-01
5.469822409506361893e-01
8.524808583476967128e-01
5.679182719623045994e-01
-3.385590069099693178e-01
-1.118645998024707877e+00
-1.326853537838015740e+00
-1.499404614513264011e+00
-1.672050685627588740e+00
-1.064767660384654313e+00
-8.408349375240724288e-02
-1.495699229574881106e-01
-1.377403271939280360e+00
-2.508715312357554073e+00
-2.719968467748581809e+00
-2.059766090859026288e+00
-7.891479007222511610e-01
2.556515830859203576e-03
-3.976908553764081367e-01
-1.223451172042178792e+00
-1.431943762412722254e+00
-1.155649110907037258e+00
-7.122416332591932076e-01
-9.585635518335373917e-02
4.641472539325497970e-01
6.283040311223435648e-01
3.897688659607950190e-01
1.463514252715329422e-01
1.504582653035451412e-01
8.366724204813204280e-02
-3.047335552154210592e-01
-4.561977208679815488e-01
9.310390808478178487e-03
4.842539704356250696e-01
3.967018143253382423e-01
9.199093223110142714e-02
3.974541847008103979e-01
1.305339212556654083e+00
1.987638929893548623e+00
2.012467740938132188e+00
1.529639388325803040e+00
7.320639964494498608e-01
1.020927082318806023e-01
-5.498292898577768206e-02
-2.061950944682630626e-01
-4.312475218067858274e-01
-2.067497794761036789e-01
2.145709365691530479e-01
3.201303967757772595e-01
1.431133646510179269e-01
-3.072722971631351441e-01
-6.093822043114019982e-01
-1.761613890793734538e-01
3.709683067171542503e-01
2.003329180269720622e-01
-1.140039068006761525e-01
2.643174167933598495e-01
1.010324113568759286e+00
1.310914868145732548e+00
9.792276420837416895e-01
4.011000671981980181e-01
-1.840326015680286698e-01
-6.010578014050059759e-01
-7.080542724763727591e-01
-5.787194637236807715e-01
-2.517727171896796956e-01
4.896996647543139236e-02
-9.503642468615086658e-02
-5.445906033852182526e-01
-6.392626218178664166e-01
-2.933017244789631328e-01
1.884726864845731042e-01
8.155154893398360860e-01
1.427694464929424534e+00
1.550055227346451847e+00
1.094825972203220976e+00
6.972495681873219775e-01
6.823379833669412919e-01
3.584480356132573875e-01
-3.726133243333310530e-01
-7.092504946649387243e-01
-1.815939363344399593e-01
1.073488562753838638e+00
1.927010734730588926e+00
1.260364925775757872e+00
-1.428896297567323892e-01
-7.937626930569169348e-01
-5.481925747579443620e-01
8.967191512636456252e-02
8.203261103638685992e-01
1.036983293988790189e+00
5.850621600131349354e-01
1.699566747265284228e-01
-2.141010567492989680e-01
-9.671288425036913550e-01
-1.622891029601037038e+00
-1.563084663178293532e+00
-1.062908865323844321e+00
-7.742565908687221166e-01
-7.098450628479432423e-01
-5.680463792719917526e-01
-2.827139861766536089e-01
-3.515754216197317789e-02
-1.687211333041039318e-01
-5.458008582195782443e-01
-6.250730994948547892e-01
-1.650079943644350566e-01
6.537471386827776731e-01
1.339433351734818256e+00
1.231835975284577112e+00
1.892329696467436595e-01
-2.024671421479887212e-01
-6.931997155978018021e-01
-5.380367894696821418e-01
-1.019835195213640161e-01
-2.055245844879056705e-01
-6.280232189540001508e-01
-5.675797245370917121e-01
1.244579900656374583e-01
9.279258044088363189e-01
1.322686168159119324e+00
1.159579930001259029e+00
6.329661872742394779e-01
1.889123741199870143e-01
2.244222078675408849e-01
4.149981428033884256e-01
-4.938483647894890277e-02
-8.533960709231608321e-01
-1.041805213864746227e+00
-9.037873194761748552e-01
-1.124914623835750138e+00
-1.494269212697597382e+00
-1.409271430928915603e+00
-5.125486121730077338e-01
6.436787848601340789e-01
8.268483762579708074e-01
-1.837657951802546819e-01
-1.232313365521825688e+00
-1.441987701255347476e+00
-1.052818213405714687e+00
-3.647940651383316246e-01
5.695323767742102028e-01
1.215848681877045756e+00
9.885953241808805858e-01
3.161535165072825726e-01
2.564600698634502893e-02
-2.000083233932153579e-02
-6.070483578300474026e-01
-1.594556314157177690e+00
-1.769986689538552982e+00
-8.197006866074992848e-01
1.705430061768306027e-01
2.836051775882572068e-01
-2.284576509814624512e-01
-3.514684776492948415e-01
3.101905428984354507e-01
1.047415529343122209e+00
9.290678721030791731e-01
1.413084333544711579e-01
-4.960205111220777896e-01
-9.452619833805067096e-01
-1.403650308989493611e+00
-1.685711963897343013e+00
-1.395647580005479504e+00
-5.708408472772955600e-01
-7.337451569455714917e-02
-1.609139986691259516e-01
-2.529021027592066040e-01
-1.392444843509762498e-01
2.491149107666755236e-01
1.133163592048619384e+00
2.114304418296245380e+00
2.202852111376598199e+00
1.106221813563222467e+00
-2.295017559358305259e-01
-4.586175235635938652e-01
2.043413914990976354e-01
1.807365928948818090e-01
-7.197217840903452624e-01
-1.348339583294920541e+00
-1.144064280479354379e+00
-5.800429496026942022e-01
-3.723147346691140780e-01
-6.349308067784813492e-01
-8.439655456017899349e-01
-7.405581550248054867e-01
-4.983436050966982278e-01
-3.131691125144682175e-01
-1.722101505668596766e-01
5.444527737018788754e-02
2.258170205058429858e-01
1.490532904889727561e-01
-5.976897982084618602e-03
1.602553728197715077e-01
7.222731233635681924e-01
1.118896001693424180e+00
1.019890240741628817e+00
9.367874434270131445e-01
9.495982553709505503e-01
5.774103405830858238e-01
-2.604547270558835517e-02
-4.020459300429868321e-01
-3.647813963995998332e-01
6.112481161241411359e-02
4.170559621548582396e-01
3.318137900098934168e-01
-3.423472520248633556e-03
-2.171955874130210018e-01
-5.509939905433784528e-03
4.585176526259186480e-01
6.323693825086661446e-01
3.920774855901142941e-01
2.514377907298542270e-01
7.296192646461373554e-01
1.648772397502157316e+00
2.361833724104256405e+00
2.504631116072957742e+00
2.039477492741269327e+00
9.062621601899601975e-01
-3.277042681533593460e-01
-4.731721835969109891e-01
2.879165594641113213e-01
7.682711421372150351e-01
8.143478302081719189e-01
5.181708279287290386e-01
-5.989919103204659478e-01
-2.195191165241801023e+00
-2.755537745546519979e+00
-1.938284230923786655e+00
-1.100399841218437258e+00
-1.089878294456378294e+00
-1.454145382560658284e+00
-1.637749192549080801e+00
-1.792699007725714999e+00
-1.846520036683706678e+00
-1.040849827307623654e+00
2.392517004990297458e-01
6.686144721869963226e-01
2.308861466637295301e-01
-2.060029303302213233e-01
-3.363000246980940577e-01
-4.407616945192738833e-01
-7.084109223340518957e-01
-7.874692579867310638e-01
-4.560566343969338354e-01
8.469693503069068707e-02
4.806270092455149356e-01
4.406450276174875280e-01
1.469833466631708177e-02
-5.262585395978955916e-01
-9.659379014116016293e-01
-1.129906934307621569e+00
-8.017080492140595815e-01
-9.126279079968716013e-02
4.384665394318474907e-01
5.512575543032294245e-01
4.595353826972122802e-01
1.730484868489626238e-01
1.177688757903251754e-01
9.006109374044889426e-01
1.675134180089858482e+00
1.275694352753084404e+00
3.004094632616289284e-01
1.790796616919900219e-01
9.389990736104910640e-01
1.326136303049668008e+00
1.026899309345082223e+00
6.512170569146056298e-01
4.304809878955751512e-01
5.017116268458758910e-01
8.673300122271709878e-01
9.432983510743760958e-01
4.997282245854796634e-01
-6.915384084359409329e-03
-2.938332879109081253e-01
-7.151504492664176316e-02
8.692387353309485309e-01
1.800462614388737226e+00
1.941164632415523172e+00
1.317244796723066269e+00
1.785848930836494153e-01
-9.602665277101660735e-01
-1.657931059577063770e+00
-2.261929375461922742e+00
-2.755537745546519979e+00
-2.755537745546519979e+00
-2.739430377827245522e+00
-1.405591863096321337e+00
5.115323198554699857e-02
7.774030774511603292e-01
5.386864864174419898e-01
1.733504927464676881e-02
-3.204071197547765926e-01
-5.926732681183234375e-01
-5.405720775222513375e-01
-4.455336933084185630e-02
2.636723608036141697e-01
3.165429978831729163e-01
5.999361865445161923e-01
8.272107216017915432e-01
6.017686777465587333e-01
2.817837942492971703e-01
2.909629466081185556e-01
8.040078315342247262e-01
1.521827772708101323e+00
1.757695375817392547e+00
1.586838118673498332e+00
1.623228451110898307e+00
1.763564409144742440e+00
1.276294999808770703e+00
7.462972789743642643e-01
1.887561352775287693e+00
2.758457195509597337e+00
2.758457195509597337e+00
1.775913969440380269e+00
1.709234644971296124e-01
-1.173103385530914311e+00
-1.805025372873208189e+00
-1.641852779027533016e+00
-1.230805942614833448e+00
-1.041287211171269877e+00
-1.005936064411921516e+00
-7.681245885459132561e-01
-1.776210301013085302e-01
3.659219105845083475e-01
4.317917352753259386e-01
1.750331748039614665e-01
1.715230634670018017e-01
2.499441048749040106e-01
-2.288901836968117443e-01
-8.971732196297299566e-01
-1.239656359377829142e+00
-1.278767445549373383e+00
-1.006786774392328665e+00
-3.171337041593039752e-01
6.674618364781028657e-01
1.183945714844202080e+00
1.033192479950875819e+00
1.211204113249711112e+00
1.790984322702649401e+00
1.480495345935880946e+00
2.296720955108604301e-01
-2.707657528616945197e-01
4.238394257081861682e-01
9.077668987114440036e-01
4.528015722035397261e-01
-1.653381568743964580e-01
-3.712768757576448975e-01
-4.956568709644580406e-01
-7.140023119591508705e-01
-8.812986857483472436e-01
-8.278581330191320253e-01
-3.485935516560063618e-01
1.749477614340151921e-01
1.974746047974273166e-01
3.666445389419318301e-01
8.842501210594452266e-01
7.336046490627488037e-01
9.060431649767779205e-02
-8.456706749862780148e-02
-4.431034650300683109e-02
-3.963986619573814374e-01
-6.925630211632560762e-01
-2.150675790705340873e-01
6.532601671183823067e-01
1.125590021871813562e+00
1.186142520202130957e+00
1.176707242792682795e+00
1.190860552476265211e+00
1.141055934904030789e+00
6.833137009734698841e-01
-2.236594056971335231e-01
-8.378912421773558883e-01
-6.995099453627166008e-01
-3.642566040317179454e-01
-5.066588175199029376e-01
-8.146271209129541946e-01
-5.662253124363455514e-01
9.384780495083926144e-02
2.174996617632319051e-01
-7.648214781602932222e-01
-2.197917546391920940e+00
-2.761580444072933016e+00
-2.761580444072933016e+00
-2.649129777344795933e+00
-1.707328499213507378e+00
-7.972909661884574062e-01
-3.738744756552490889e-02
7.003203081927068530e-01
8.459507381282629357e-01
1.087691682004432447e-01
-7.814009542625126592e-01
-1.115800768062702009e+00
-1.120148623709682267e+00
-1.356765618462365097e+00
-1.610700605455951173e+00
-1.127424844474523846e+00
2.127492790748839180e-01
1.264661898107993121e+00
9.257536149208369647e-01
-4.175712175140874338e-01
-1.659828032981817580e+00
-2.360496228490271520e+00
-2.424891344496394652e+00
-1.824480967448027124e+00
-9.856962625546673573e-01
-1.934039347348191495e-01
5.913863612389469449e-01
1.052155606292236589e+00
1.062964424056271451e+00
1.091026807824913458e+00
1.230323534713396727e+00
1.390833433704514732e+00
1.800128612970575803e+00
2.281023124538456681e+00
2.219948332064331620e+00
1.352598471397881585e+00
8.229620974462358018e-02
-8.797176661601622261e-01
-1.188273930272786050e+00
-1.055339899553630056e+00
-7.826584085534554758e-01
-4.934702485086995272e-01
-3.069492898909703671e-01
-3.064775201759122880e-01
-3.074270773713020377e-01
-1.087425172640379828e-01
1.217683948725020449e-01
9.422627886828804922e-02
4.389539448893256535e-02
6.676624849733280020e-02
-3.646732833758281056e-01
-8.987835581763753412e-01
-5.223737393540945906e-01
5.102683643576235717e-01
9.501850265546954999e-01
4.367302943782794267e-01
8.205245619282550487e-03
3.600150698786653281e-01
7.611766731469332692e-01
6.884351488918383222e-01
5.166798904813109106e-01
2.789191692000658196e-01
-9.560745246971810718e-02
-8.292435640837836353e-02
3.844993393588445607e-01
8.064215605230276029e-01
1.179155828036990483e+00
1.452417650850277520e+00
1.281727666162758794e+00
8.109475726935162498e-01
4.620901484350790067e-01
2.227583719376086402e-01
-5.122051593783671919e-02
-3.203166180379655725e-01
-4.513006952696242968e-01
-1.041946715835527226e-01
8.673192004749776807e-01
1.883794808937308440e+00
2.190898219403544900e+00
1.871728533754278390e+00
1.435774580052095351e+00
9.917758312082531891e-01
3.666928774661202817e-01
-3.573801019347340180e-01
-5.856584600906595828e-01
-2.439828828676336991e-01
-4.547524452925689326e-02
-3.100636208699398266e-01
-6.414886828564613230e-01
-5.649580477989831762e-01
-3.599035718539619899e-02
5.710853827625058665e-01
6.944045443731373668e-01
9.035356240221946444e-02
-7.555400857059689779e-01
-1.174277613863473624e+00
-9.442843945780626802e-01
-2.008186561278685889e-01
7.153621325560294286e-01
1.160199094907847117e+00
9.024502403318392929e-01
3.967078848064630736e-01
-1.065409805553775707e-01
-5.518207647543761363e-01
-9.455199145894039869e-01
-1.192736452542616954e+00
-1.050058665567907168e+00
-8.957728626201101330e-01
-9.719712154301777263e-01
-8.148721986135167850e-01
-2.486276150495262682e-01
3.389941805134153996e-01
5.546236689775503326e-01
5.022202663674362189e-01
4.127059058947816217e-01
2.099426991146025046e-01
-1.379006141578870692e-01
-3.813650336123894369e-01
-3.894011559206381201e-01
-3.285896707911330483e-01
-3.301957471992009729e-01
-4.491599983359584325e-01
-5.619108178328097170e-01
-2.160374635770331009e-01
6.058166736082098991e-01
9.274080455032071013e-01
3.155671833108066315e-01
-3.315560026842553354e-01
-3.722543284660491669e-01
1.059533825212372049e-01
3.020443928379680232e-01
4.963604674051951826e-01
1.528341290434512556e-01
-8.538951253873158231e-01
-1.796517341229941778e+00
-1.742348582752322628e+00
-7.638874484753258587e-01
-6.505258686586640714e-03
-2.044452224062074386e-01
-8.866834692451260880e-01
-1.248652810935406254e+00
-9.020466246251629405e-01
-9.281462442747040464e-02
5.521663516310609809e-01
8.004092999093478378e-01
7.378882411602947222e-01
4.052942776097107624e-01
-5.637327692535437987e-03
-2.645049716499179304e-01
-5.016505312394691218e-01
-1.060358538985318511e+00
-1.865260329872224565e+00
-2.371865739363121950e+00
-2.169261903483415299e+00
-1.274097268798819238e+00
-2.084213632074564948e-01
3.437736824502572452e-01
2.727647322769604157e-02
-6.552804948389958639e-01
-6.389863677875194936e-01
8.680961344179585759e-02
7.072025072811360946e-01
9.268447826273307211e-01
9.383571154776840784e-01
8.280071183009960478e-01
2.290255555807457766e-01
-8.238285917759893273e-01
-1.627536724613338759e+00
-1.962699050527130895e+00
-2.108821004807556854e+00
-2.388166352642701273e+00
-2.705443380178170987e+00
-2.341308479719386604e+00
-9.901109062894891677e-01
4.787203185431097574e-01
1.204666903931549626e+00
1.300669728092455291e+00
1.110110509706646154e+00
7.354486169684070207e-01
2.633978302633574464e-01
-9.011623024065502918e-02
-6.443568180141748258e-02
7.803449282716645730e-02
-5.385691330762479301e-02
-2.770830686091507178e-01
-1.824022487396739778e-01
3.907472458635298795e-01
1.316868058853240431e+00
1.912643045052085267e+00
1.824517186554897696e+00
1.741527249860348681e+00
1.840029707922784086e+00
1.650458075811540359e+00
9.573297767425139604e-01
-1.218478395148273052e-01
-1.075698238128171447e+00
-1.480948831933930787e+00
-1.284285031926320597e+00
-6.257032240108951759e-01
1.609643267457459836e-01
4.376084719829013148e-01
-5.990732488914576881e-02
-6.035093028026130568e-01
-6.961366789664078514e-01
-6.031054960870650961e-01
-5.442079866779059305e-01
-5.366759552396838107e-01
-4.017890847494848816e-01
-3.062303142466293870e-02
4.459187507795634997e-01
9.216405960941865816e-01
1.289175338770900181e+00
1.406850644716323817e+00
8.787021050628853747e-01
-3.779092599110792650e-01
-1.385932659194137662e+00
-1.265386013240594076e+00
-5.951169816197852125e-01
-3.842812856608728289e-01
-6.716990897548064110e-01
-1.018519594819937035e+00
-1.242600263795424542e+00
-1.520449659364979000e+00
-2.068008816449626419e+00
-2.317001498686218408e+00
-1.426942531901009392e+00
1.483443579130234447e-01
8.518380714801170317e-01
4.455076229256703102e-01
3.103250729783713635e-01
8.394931468391179097e-01
1.228181199984701433e+00
1.128500372893951553e+00
7.783129265032782129e-01
3.944946276896742487e-01
2.198240851409128949e-01
6.047824301356417021e-01
1.447532808219683442e+00
2.074176205562932473e+00
2.213806775938568894e+00
2.262384806842894225e+00
2.324989790811497592e+00
1.905976404622857112e+00
8.175516128601988397e-01
-3.372720315836318372e-01
-7.590450603176877031e-01
-2.537120646454540385e-01
5.276059868325191360e-01
1.109955458794769534e+00
1.334206009320481723e+00
1.016753985237470514e+00
2.553644772256387085e-01
-7.169711573250520109e-01
-1.302498842251858413e+00
-9.329450857822698673e-01
-4.318876760060010034e-02
5.182759827534554331e-01
5.580215463926599950e-01
3.590951172998231855e-01
6.861876916485525058e-02
-3.310742209134379666e-01
-3.993065432177103080e-01
1.301239502924608216e-01
7.838149351883206828e-01
1.200503170112437790e+00
1.159331450291247734e+00
7.769210276249047809e-01
6.969239122657110430e-01
9.683469531256687635e-01
9.548716742445707562e-01
6.178669851730697049e-01
3.847834272401589040e-01
2.274635072375472689e-01
-1.411776822648471430e-01
-2.358282916165808096e-01
5.834838244278924835e-01
1.336846499002330768e+00
8.885251274404623034e-01
6.967585465792869651e-03
-2.689767121127698002e-01
-2.240904227489736444e-01
-3.571415421214207964e-01
-5.693160277392630420e-01
-7.206322968744172108e-01
-6.759891271290953130e-01
-2.656273227330868680e-01
2.873728083286831714e-01
5.566073107649609497e-01
3.435032630847270618e-01
-1.189460452381718852e-01
-3.546857336970539176e-01
-2.640848004292878914e-01
-2.054887766205811539e-01
-3.622502213459746212e-01
-4.350701502339573978e-01
-4.975784603385741828e-02
5.256902224394504053e-01
6.337531416197426104e-01
3.261527529112181467e-01
1.427687825398209209e-01
1.738086032246678458e-01
1.902133067804563371e-01
2.265522107176386191e-01
4.321317675089931254e-01
4.703111076019939607e-01
5.254651336431846037e-02
-2.748685321203463983e-01
-6.105528452306942244e-02
2.160608178910603527e-01
8.699640490433520335e-02
-9.768646344333721532e-02
-4.085187308720668597e-01
-1.368290964940225951e+00
-2.344188548469123834e+00
-2.322676706645836475e+00
-1.251229683990704444e+00
1.136550792679953820e-01
8.740116987730486287e-01
9.679858343420362221e-01
8.553633380341904013e-01
6.224157818217864735e-01
5.548235010684197110e-01
1.036032747144914890e+00
1.259393755167038442e+00
4.843833071662735912e-01
-3.074690526010350200e-01
-5.085242426871680044e-01
-6.296501620636481000e-01
-5.130533055920403207e-01
-8.951545116694050730e-01
-1.406250199136381607e+00
-1.348222920688344040e+00
-1.058954905757802711e+00
-7.542889876918036363e-01
-4.508626838233544820e-01
-9.186664875636105232e-02
2.976012743725838239e-01
7.048933299497048832e-01
9.075876994925811125e-01
5.652987167945046076e-01
5.285093443549705033e-02
-2.517794582779067300e-02
1.656878311182939656e-01
1.331000070964326876e-01
-1.139211626822434972e-02
1.529709291694465179e-01
4.692384472096627901e-01
3.809382664516265948e-01
-1.782580535097224583e-01
-6.624358868541124767e-01
-4.447060148753297359e-01
4.217592992890054626e-01
1.146858160912773705e+00
1.293922601710783660e+00
1.358046634904965355e+00
1.610335766509459310e+00
1.659756161194269053e+00
1.372658823278461560e+00
9.751438057204964149e-01
8.391429063791151499e-01
1.029554258960229340e+00
8.645446123506437264e-01
4.717553551062202838e-02
-4.822879838524435914e-01
-2.418565726336267818e-01
4.839367829697839574e-02
5.294624395452607324e-02
3.430369852715577789e-02
4.527944016052135728e-02
1.625818556701946194e-01
4.365254158714798050e-01
5.038056604425262819e-01
1.970798059242010736e-01
-2.197133446842951809e-01
-2.863340409950284604e-01
1.692852771456070105e-01
5.605315412690710097e-01
4.378175432185461013e-01
3.508109057989996504e-01
8.905883636885774113e-01
1.414391297621624410e+00
1.130306561118971542e+00
3.858717721769747144e-01
-1.412941497921688661e-01
-1.243452474488898618e-01
2.974832920432748939e-01
4.768118246860098552e-01
8.626970717094582797e-03
-7.316252546330810347e-01
-1.096139543721999621e+00
-9.206306935771545463e-01
-4.399978083682033470e-01
1.589300918494163106e-01
1.017877925131616124e+00
2.220957834351998450e+00
2.722888518441594741e+00
2.188591743237622289e+00
1.130880061943596360e+00
3.446824913946261448e-01
-2.839750503535419246e-01
-7.523760230565527118e-01
-8.347060614843070381e-01
-5.967594240765198288e-01
-5.676883231152929365e-01
-1.028182935646443363e+00
-1.637253542554205854e+00
-1.993521834187299557e+00
-1.747250758246720936e+00
-1.053101483933528648e+00
-7.908247588336503320e-01
-8.996147764846285089e-01
-4.501226259683379083e-01
2.287700338332950278e-01
3.021368508411865217e-01
1.365095535107973754e-02
-1.714402144287112129e-01
-2.376516271496847410e-01
-3.214678623520895728e-01
-6.205265739837562133e-01
-1.008944521370006120e+00
-1.172905721396517054e+00
-8.532630800597224008e-01
1.846144026099002800e-01
1.545202866612801706e+00
2.233117264916510081e+00
1.812386736912218188e+00
8.846428539664215052e-01
7.087819447042971455e-02
-4.054258701622600602e-01
-3.582769609344465533e-01
2.101636336114960091e-01
6.799226591726262869e-01
5.296251061478727262e-01
2.058599935311251905e-01
1.646439575998503990e-01
1.944682559307301106e-01
8.699326795257139588e-02
2.988991288967042248e-01
1.119574214942987256e+00
1.851575678286188076e+00
1.799917909097172863e+00
9.904886503991241486e-01
-1.751941797433112236e-01
-1.139983584271823558e+00
-1.383422135823733079e+00
-1.059162931238901706e+00
-6.224955351114093149e-01
-1.714069164630250761e-02
6.429909019438462270e-01
1.044199053297192537e+00
1.273092687841740345e+00
1.175147562464893491e+00
2.949406116755780016e-01
-1.034650605608055551e+00
-2.063933724341410425e+00
-2.536528705522430815e+00
-2.423539711011367004e+00
-1.777821618745169641e+00
-1.037219542710164255e+00
-5.770290988963447942e-01
-6.062419197861264319e-02
5.091649790641401552e-01
3.947138631052941604e-01
-1.312498415579559097e-01
1.013777333220168414e-01
1.173104388608336546e+00
1.511394370269303122e+00
1.426059405508142974e-01
-1.237310194086923332e+00
-1.057609593489123201e+00
-5.236935075369645448e-02
6.695084343186189502e-01
8.259820016403285337e-01
6.289327099068091620e-01
2.987837882824983526e-01
-8.142530509123103305e-03
-6.219240223279252217e-02
-3.089161611407932259e-02
-1.131812070574390594e-01
1.107149668731687159e-01
9.515758258734140496e-01
1.960405263887463168e+00
2.405850445223135736e+00
1.973046149004164640e+00
9.656517281464708224e-01
2.048521477067953567e-02
-4.862264979702524692e-01
-6.451056748090864268e-01
-5.850455926696058739e-01
-3.618972413145799538e-01
-4.122800457208124492e-01
-1.115763050396212153e+00
-1.881826066815625254e+00
-2.002517840878274225e+00
-1.661871551700973448e+00
-1.190355073536562447e+00
-6.929223588331331340e-01
-3.182513065450358059e-01
-6.993801122331230746e-02
-7.544518851725033615e-02
-4.747317767445841108e-01
-8.658866627053847242e-01
-5.997360680832870550e-01
3.249744554829014920e-01
1.347248438148846095e+00
2.134806787786095672e+00
2.223235048167915284e+00
1.377662333480708767e+00
4.982106405911675417e-01
3.394756913695800016e-01
5.062527484710916958e-01
4.315299864675493091e-01
-1.185203116011453173e-01
-9.648147520296360691e-01
-1.678455090712730247e+00
-1.790468940990274982e+00
-1.130956636556828876e+00
-3.600867304010786363e-01
-3.811681262704794126e-01
-1.052857198666834471e+00
-1.198145240736078421e+00
-4.549035601236958715e-01
9.257681459389292822e-02
-2.655843829607333895e-01
-9.804833787873022954e-01
-1.375592603244725654e+00
-1.501478082977245831e+00
-1.498002892731403080e+00
-1.004403523157831435e+00
-6.476762997693993884e-02
-4.974481028778578451e-01
-6.850510152801715380e-01
-4.870772483489672622e-01
-3.647575083058481882e-01
-2.493685298176639420e-01
3.096920470976159967e-01
1.367151197161558418e+00
2.129052542353653266e+00
1.566353331382862590e+00
-1.457547228245922311e-01
-1.800832709022982314e+00
-2.316631464898033066e+00
-1.634920325619486192e+00
-8.203792206717266389e-01
-5.134691855020133699e-01
-4.692645023833959539e-01
-3.429770360925989969e-01
6.760146806385747102e-03
2.035629836367313927e-01
-3.150492407474066447e-01
-1.238545690617080863e+00
-1.433852354357284753e+00
-5.485962456209539928e-01
5.420752720269550462e-01
9.810950649025987902e-01
7.234632711889117385e-01
3.443165928137361664e-01
1.989431649745354025e-01
-8.038865847916958074e-02
-7.084047425862100011e-01
-1.157117175688279209e+00
-1.048120252931791452e+00
-6.851984805993396321e-01
-2.929227491206025658e-01
3.333046560383966517e-01
9.522083229399813664e-01
1.000572290432918177e+00
6.257046745973728896e-01
3.517113152040164392e-01
4.762421121194670981e-01
8.314111966127646358e-01
1.042138298816518649e+00
1.204816474638171986e+00
1.424100976599588453e+00
1.368465045571151339e+00
1.108235567573073954e+00
9.690605433650788525e-01
7.749741062681512194e-01
3.951333481890666466e-01
1.689329929024262489e-01
4.020968485553029770e-01
9.110386297328005867e-01
1.194906781625353576e+00
7.776825748543161332e-01
-1.694764626854327605e-01
-7.368981928816780158e-01
-3.733582449239535306e-01
5.162252890919328818e-01
1.283750798821336803e+00
1.619873704110333046e+00
1.481529190268844332e+00
9.559659387705029543e-01
4.309063523379741967e-01
3.834392245427485912e-01
6.168172694580117410e-01
5.892618072635836812e-01
2.527106245270315243e-01
-5.884035143236214516e-02
-5.317209296558438048e-02
2.339262957145417932e-01
3.780386999647510904e-01
1.049462269802805547e-01
-4.225042279018163816e-02
3.216304340987407584e-01
3.774912670051162045e-01
-3.509895884314960801e-01
-1.130098507072149205e+00
-1.454410099483471219e+00
-1.515256178881856153e+00
-1.229628541405478392e+00
-5.569016090947901398e-01
1.879367392659457917e-02
3.735047043491850904e-01
5.048808048154850292e-01
3.545981435807822879e-01
1.533108549897032324e-01
4.767549655511778978e-02
7.490586267309326529e-02
1.634472408400688415e-01
1.504026764663381199e-02
-2.768785072141319303e-01
-2.433695379483120369e-01
1.524931009554275907e-01
5.372270375583714230e-01
6.159940585153028669e-01
5.904114252228395143e-01
8.066423170592508241e-01
1.263688734748600107e+00
1.453040906509804664e+00
8.814149710043698294e-01
-9.179946856330568894e-02
-7.019763130071333679e-01
-6.781388987799260581e-01
-4.186708543304799024e-01
-4.701172409557237697e-01
-7.480974932460335847e-01
-7.538735211915960077e-01
-2.682976533070368097e-01
3.384882652533200975e-01
5.582936871599591955e-01
2.437820288085121856e-01
-5.082978700911268133e-01
-1.271471346062597707e+00
-1.705166051014695539e+00
-1.805977262408785533e+00
-1.451549887863312627e+00
-8.182645895311859707e-01
-5.041537348489402159e-01
-5.428422859635990694e-01
-6.149139755777591754e-01
-7.867260766507238046e-01
-1.005673429071239022e+00
-9.439812912139349255e-01
-4.500050665912204151e-01
2.253325420694957948e-01
7.930328357808885675e-01
1.347243863080276105e+00
1.844838490938801367e+00
1.856579208637453959e+00
1.150106868418339090e+00
-2.805297801700817883e-01
-1.735563143673206188e+00
-2.058436308665190229e+00
-1.292694267685480458e+00
-3.412285784541719824e-01
7.681448903441413789e-02
-2.417770560073810304e-01
-8.453461987263861666e-01
-1.360609790795311191e+00
-1.651791872998435773e+00
-1.732947237124692785e+00
-1.693012964825685973e+00
-1.363545900851330872e+00
-9.431418884220346133e-01
-8.766123695831015139e-01
-7.802310677047393783e-01
-1.379551646663268460e-01
4.997966590505379947e-01
4.685664291351105959e-01
3.804741234849300380e-01
9.109269794916518004e-01
1.479332083494336869e+00
1.340031780236246917e+00
4.694909625799418285e-01
-2.987532290161970527e-01
-9.774242110555511620e-02
7.948457606974150824e-01
1.620915865809525069e+00
1.822812255502069601e+00
1.356031103400636040e+00
8.055933568969743108e-01
2.377830151581968865e-01
-6.727628263766881611e-01
-1.530093199310593732e+00
-1.824035952264096982e+00
-1.861168172874757998e+00
-1.943234568809877549e+00
-1.732771942535981324e+00
-9.514896324040854614e-01
2.022722824498440208e-01
1.031443384416222964e+00
9.598167152435285177e-01
4.058716904335833431e-01
2.238883874613512709e-02
-2.847130749433616215e-01
-8.181742767662650850e-01
-1.192706765582310480e+00
-1.094227758460977640e+00
-7.625922044432524860e-01
-3.306382000604387028e-01
2.940415804442714776e-01
1.037638373432801409e+00
1.429890334005703645e+00
1.316831572028219544e+00
1.186788376802288214e+00
1.499977322062412632e+00
2.227696775601090362e+00
2.622735818309215095e+00
2.168850017732170343e+00
1.407530930277691272e+00
4.879636620004838554e-01
-9.964422561046273330e-01
-2.152168421348129801e+00
-1.735666994810877606e+00
-5.018010005154549535e-01
1.532398791346062938e-01
9.810481583452207791e-03
-3.022429846574472001e-01
-2.734188711144177053e-01
-2.294451807503112839e-01
-2.705335586757279809e-01
-4.248783995505190925e-01
-7.527066748959496678e-01
-7.786171150443602640e-01
-4.665532326231738858e-01
-3.202591864017338419e-01
-4.715631569967181913e-01
-7.467401706544213313e-01
-8.500369252548969357e-01
-2.358710657408792100e-01
7.371579435783900403e-01
7.059585414162519168e-01
-2.093711911767926481e-01
-8.616612740453686303e-01
-1.145181356459423094e+00
-1.518134295684738566e+00
-1.766951404847020513e+00
-1.601795728169998378e+00
-1.391670019885250742e+00
-1.145208103727184179e+00
-6.083449895493786563e-01
-1.254852653827389364e-01
6.598769542459918813e-02
5.216723158919350789e-02
-1.292893979663936044e-01
-5.283222268856190285e-01
-1.119870833339611016e+00
-1.386947621328732394e+00
-1.016811923979434429e+00
-6.546275245620928329e-01
-9.852450895781896811e-01
-1.597266331966558095e+00
-1.605474064347642615e+00
-1.122421222801111895e+00
-8.055695729877575539e-01
-8.455287022026952704e-01
-1.175139827344796162e+00
-1.599768513892504407e+00
-1.576403985181864531e+00
-7.704507297519460618e-01
3.211097093082830312e-01
1.064550003572377834e+00
1.001218442835915878e+00
2.818312277317460701e-01
-7.368839088824613581e-02
1.310198995797094146e-01
-2.017253521359987922e-01
-1.213007730658593575e+00
-1.600468226526341242e+00
-8.287327585255368501e-01
2.206187678578711009e-01
7.361694336799793348e-01
8.244631333899041792e-01
6.891250029402163912e-01
3.078181017509369344e-01
1.491573135107908121e-01
4.227970417660193436e-01
4.199368617665917292e-01
-3.057762053393207613e-01
-1.161538761757678451e+00
-1.361522821419234752e+00
-1.041295521044684369e+00
-6.151542557746653150e-01
7.997685314278310531e-02
8.533384197210206468e-01
1.067317955520902695e+00
8.695309898374619095e-01
8.274225029682689136e-01
8.887312240608040703e-01
6.825811573238917962e-01
2.326272371914930026e-01
-7.407504410915403958e-02
-2.351761496511630203e-02
1.852234460614328726e-01
2.185198924789812924e-01
9.674208572976742554e-03
-1.570291518239876893e-01
8.120109519137597848e-03
2.714472247203543187e-01
3.219293457664514913e-01
5.278636578183426575e-01
1.095295666477245078e+00
1.413797052497877349e+00
8.614921582531195332e-01
-3.696814723261485081e-01
-1.163473362326969296e+00
-6.154069082769798582e-01
8.821036009149477719e-01
2.141566867621905512e+00
2.574631915913904834e+00
2.439150172985020681e+00
1.875351493012858528e+00
1.076278867153271479e+00
6.521833929840429311e-01
7.369272305992992100e-01
8.281280652784882568e-01
8.170604711323778968e-01
9.222794492141871414e-01
9.274719614976756343e-01
5.466229222550135214e-01
9.730128499005981368e-02
-1.643492561292645149e-01
-4.611287336334873310e-01
-6.777687157046846655e-01
-5.427430026592159340e-01
-2.507127301635552197e-01
-1.500711996034069240e-01
-7.218923042588164252e-02
2.017540078473867848e-01
1.699420985520480043e-01
-2.803832959083844556e-01
-5.969669528487957511e-01
-6.028183864015297377e-01
-4.239362409810643606e-01
-3.661073806842236045e-01
-8.142650704746722257e-01
-1.445187697910991886e+00
-1.488942328518300107e+00
-9.007715272308493004e-01
-2.051611445428258018e-01
1.968712484259586004e-01
1.017408233265302969e-01
-1.246268727760072997e-01
1.091572119007676450e-01
5.280880817121448301e-01
3.858141298894178783e-01
-2.316383117164851901e-01
-4.581392700354550152e-01
1.978962858535744940e-01
1.162955974504018997e+00
1.456964680464029049e+00
9.900605590291191582e-01
1.065732790066022534e-01
-1.011966180585411657e+00
-1.801295738367137078e+00
-1.782667578547468823e+00
-1.112783485198791666e+00
-1.969092943023765252e-01
5.199258968629771882e-01
5.516674178262049866e-01
1.276770675131321531e-01
1.856793912740316299e-01
9.302396146851804604e-01
1.671692899238756969e+00
1.815271815473070927e+00
1.446450710243840643e+00
1.208779381760269223e+00
1.375197285677620007e+00
1.578955789860679415e+00
1.282061038871620040e+00
5.720705030672613711e-01
3.914918983365447414e-01
7.732540270846706143e-01
5.946401681469021261e-01
-9.538574883263357951e-02
-3.652793832392092210e-01
-1.302523147242988788e-01
2.960618317245060638e-01
6.928843784789241456e-01
7.837924000384201006e-01
2.786090370676184147e-01
-7.353154361625621194e-01
-1.488535472704536788e+00
-1.072101712373984883e+00
4.781135568897855737e-01
1.704559510465928573e+00
1.306478356228798487e+00
5.926295282091398331e-02
-6.102244968475594167e-01
-7.149829702371478524e-01
-7.534159960880234541e-01
-8.312967288172169456e-01
-9.358962895052477249e-01
-9.951327132575654710e-01
-1.192917401071794670e+00
-1.466142719444626152e+00
-1.179340929506538238e+00
-2.656081705868627019e-01
4.102073543196776972e-01
1.373753686988145595e-01
-7.451150284886882691e-01
-1.565654123717309387e+00
-1.920005480424651800e+00
-1.566558894969377613e+00
-7.323564697685367442e-01
5.051178181989332550e-02
3.025316413265132787e-01
-3.100017056335774290e-02
-4.173162096096542650e-01
-3.018424296394601747e-01
5.546452014617857529e-01
1.796595093826383716e+00
2.643334907797033395e+00
2.722014392849602338e+00
2.464962168953964916e+00
2.138576680763097482e+00
2.229855935401551914e+00
2.053899475191355073e+00
1.121267895720000629e+00
-1.472143012186785151e-02
-6.895138846677489886e-01
-1.505166062296695140e+00
-1.941576550470047735e+00
-2.162497509542292029e+00
-2.179126155650375374e+00
-1.665447076890231193e+00
-1.025529262048687995e+00
-8.795649444263029526e-01
-8.792343435902134630e-01
-7.618367872390815476e-01
-9.455396452299865695e-01
-1.200522988988448780e+00
-1.267387705990590030e+00
-1.650852372549802549e+00
-2.267522460504081128e+00
-2.359761585379228421e+00
-1.882087876738055776e+00
-1.050690173820266748e+00
3.531741912662406287e-03
6.892757870695978006e-01
6.951079468406453632e-01
4.664211686735963425e-01
5.249253548709126305e-01
6.839590951212023429e-01
5.683079117486520282e-01
2.316917996992031992e-01
-2.704319032833479852e-01
-5.366433681456885818e-01
2.369932167031217791e-03
8.785601124912506554e-01
1.158767701830080377e+00
8.372634288056223228e-01
5.458875494936653583e-01
6.177605609380451002e-01
5.386794365810360086e-01
-3.325215027926518574e-01
-1.176279216132192662e+00
-7.491102933836386590e-01
6.936699313708868386e-01
2.007234398472664605e+00
2.280944114692021518e+00
1.291569745852731543e+00
-2.595355768478423975e-01
-1.316302217103594074e+00
-1.489487710687992461e+00
-1.048873530338972904e+00
-2.898761314739692341e-01
4.495056062583845935e-01
7.117381452138610287e-01
4.537642505377656454e-01
4.784836723950972592e-01
1.079388427120958172e+00
1.492705961280444527e+00
1.108527295023072456e+00
4.441173966261216521e-02
-1.077326405231779471e+00
-1.644638214368197016e+00
-1.310622469590521311e+00
-2.504315741647603066e-01
8.055194811931406518e-01
1.195948537116792387e+00
1.031297978161636930e+00
8.383875037843839806e-01
1.079554445407879593e+00
1.771151537601653558e+00
2.153590595198891400e+00
1.522630874768751363e+00
3.389866291902425832e-01
-5.222138979086230481e-01
-8.821038591741084955e-01
-9.639708335783783166e-01
-1.027013547594178400e+00
-1.083731897322142590e+00
-7.922314287071705596e-01
-9.520553818153362768e-02
4.648834885264294114e-01
3.987592086820527237e-01
-1.316551948880740480e-02
-2.167534065579087843e-01
-6.497009115121524236e-02
3.641437360926237377e-01
9.056543312774104626e-01
1.285241025098405654e+00
1.117041436541481358e+00
4.134716737351867288e-01
-4.841906827055118129e-02
2.739630757454038570e-02
2.372468908919505570e-01
4.836518625195835863e-01
7.132245117805965373e-01
7.679315609730613668e-01
4.105683618082792696e-01
-3.903884113239730058e-01
-1.133732378441487221e+00
-1.313031594499778354e+00
-1.037612967807465925e+00
-6.517961835617652744e-01
-1.424781024744318503e-01
3.044756280623545641e-01
6.332017838640735530e-02
-8.759878847558225656e-01
-1.679347830328679736e+00
-1.828002568951460072e+00
-1.603142758139800783e+00
-1.349829526354791920e+00
-1.152660309733308353e+00
-1.013114570242952928e+00
-7.711603661055000947e-01
-6.499151951999589949e-01
-8.651988756160776672e-01
-6.529702370168668502e-01
4.503745796122443634e-01
1.448536684293001420e+00
1.522653110639266227e+00
1.036734262107267490e+00
4.229191665128917421e-01
1.221929913094765840e-01
4.298878251187805422e-01
1.020763401152417149e+00
1.420431967246028826e+00
1.450785794459208633e+00
1.250586051753146410e+00
6.939855230633419358e-01
-2.658300862178437085e-01
-9.333901675552531696e-01
-1.158332951340731221e+00
-1.215347407772473742e+00
-7.822960386491658591e-01
-1.146953457653135389e-01
-3.062634568084686079e-02
-3.941893813463994700e-01
-5.745923648029944708e-01
-6.255667409790687250e-01
-9.840501285646694463e-01
-1.434210690200012017e+00
-1.087423544538122178e+00
2.942103765354447953e-01
1.737407837435092972e+00
2.154615271433489632e+00
1.521325341150830734e+00
6.938641922079663571e-01
3.209814450381823780e-01
4.145366049890211180e-01
5.663138992369401992e-01
7.475769064611192949e-01
1.184583878433420612e+00
1.246156932320976907e+00
3.460129213068123821e-01
-6.918282745858969074e-01
-7.817440153364816346e-01
-1.105807456938133065e-01
2.970750571700124798e-01
1.759993867589380590e-01
3.067504611680659798e-01
9.602108171361494193e-01
1.589773392306991218e+00
1.821219457432181166e+00
1.609471217760511497e+00
9.616142075579674486e-01
1.852067744773935876e-01
6.944231608433121955e-03
5.176881560786069647e-01
9.038005853573334303e-01
6.698984467260415965e-01
9.574008011384808198e-03
-6.043311867607867871e-01
-8.256626078960200843e-01
-9.529425737989434264e-01
-1.108362823149197984e+00
-1.047676183750166468e+00
-1.125986529556351812e+00
-1.074227117641324725e+00
-1.109029628426046188e-01
1.119732823881489869e+00
1.553849315796744124e+00
1.236772444048325648e+00
5.839535943118268069e-01
-1.927252560258304881e-01
-5.500302206808596051e-01
-8.022111317317531798e-02
7.162640024118565041e-01
1.086095697532262205e+00
6.672672096321398127e-01
-6.359533588036379859e-02
-3.062525113001922095e-01
-2.422287711375246122e-01
-4.596106856687579567e-01
-8.739872671832019657e-01
-8.561324549922528782e-01
-2.063729676950792902e-01
2.964725447055763241e-01
2.324058777261020503e-01
1.615152266695877026e-01
6.191155335619776823e-01
1.300639992614143425e+00
1.480202908950760898e+00
8.209717887164000860e-01
-2.482367758875323183e-01
-6.014553721958676435e-01
