-1.004722202680727650e+00
-1.434807817640025407e+00
-1.577003580943372674e+00
-2.032328989743285241e+00
-2.584352892698238424e+00
-2.288784381445140514e+00
-1.206200652773290694e+00
-5.464225862262844791e-01
-6.274854550690938115e-01
-4.986339471148134583e-01
4.106590812031873372e-01
1.602540310835399273e+00
2.134913736683305974e+00
1.617797053054281564e+00
4.685931456469504264e-01
-6.398968964361613221e-01
-1.141858990657317330e+00
-1.074017135022248048e+00
-9.199502607002169041e-01
-7.879735152047920854e-01
-7.010047289301798434e-01
-6.862564739160837979e-01
-6.594353501004943663e-01
-5.237017975492433974e-01
3.061379638482399079e-02
7.335926087767875581e-01
9.527634424646520550e-01
8.270419192702462841e-01
8.944412428619190614e-01
1.275403630702102387e+00
1.463922315223139758e+00
1.200307306542702346e+00
7.456894946145823377e-01
2.234052232991359521e-01
-1.985441497911663855e-01
-3.082647971939111442e-01
-3.315376144557400512e-02
4.550986240091269286e-01
7.354772675378278279e-01
6.466967974421105048e-01
3.064183022812139723e-01
-1.910740833031218944e-01
-5.990298152541025933e-01
-5.241852321777644708e-01
5.376958828974990473e-02
5.539120828720158762e-01
5.252772486404171381e-01
2.952232598204787561e-01
4.497469596407944192e-01
1.146569848168307537e+00
1.608914933903363931e+00
1.090959927790041251e+00
8.403075044878366429e-02
-4.225843789465302813e-01
-3.138163777080366784e-02
6.415306753640243054e-01
6.142565581071136593e-01
-1.068173891982148738e-01
-5.843852840708183560e-01
-3.071790457903558202e-01
4.904209359065928031e-01
1.198613751610093203e+00
1.429780033896219660e+00
1.262809057996361783e+00
7.962431789853324782e-01
3.143028625672789622e-01
-4.363802949610410403e-02
-6.946684998344032635e-01
-1.420878010582581563e+00
-1.369145414361419233e+00
-4.197722204513105182e-01
7.524998752993690143e-01
1.304185926867288847e+00
9.526848793332016729e-01
2.290860494152415217e-01
-2.852723636016125663e-01
-6.024111407781755911e-01
-6.207270385834157134e-01
-2.285138505477967430e-01
-1.312372350073888194e-01
-6.527792778211389813e-01
-1.008850019793187336e+00
-7.931752189568362921e-01
-6.071672837647648091e-01
-8.829199743047601023e-01
-1.100638017109625499e+00
-4.487803291346609824e-01
8.441667840268733958e-01
1.488728955857866465e+00
7.906360254046773672e-01
-6.101898207770881655e-01
-1.645965313440986177e+00
-1.684388011002883712e+00
-9.078253114686316572e-01
-8.760260086411815472e-02
2.666194575227607833e-01
-1.657290140021143443e-01
-1.120668840546547695e+00
-1.586560056672212449e+00
-1.175243537600140664e+00
-3.300974907089479493e-01
3.239349579012938407e-01
7.644669414977091071e-01
1.377118781248799051e+00
1.703399627534381455e+00
1.163079626657500976e+00
3.345874618917443755e-01
-1.395606049361917678e-01
-4.892597420298813726e-01
-1.026872132987427522e+00
-1.349692274344914233e+00
-9.554015889874597489e-01
-2.227349118466975253e-01
-2.920782722589909328e-02
-3.345583194032821783e-01
-3.876108669562345344e-01
-1.504589046293883792e-01
-6.660718597986772446e-03
1.499452609495265099e-01
3.544110379443790593e-01
1.698107978603496937e-01
-4.092298023426452214e-01
-5.756205028577522365e-01
2.214228680285646594e-02
7.000710043510841585e-01
8.790893648958504336e-01
6.346421763875217392e-01
1.356068590627058923e-01
-3.586116629589032878e-01
-6.290808416664369629e-01
-9.354868463530310319e-01
-1.244000038956184495e+00
-1.057241122828252333e+00
-4.791740786194502166e-01
6.841317768836420454e-02
4.416704193112088728e-01
1.999028509738279835e-01
-6.685365519380985777e-01
-1.217664316944157221e+00
-9.935946726212273594e-01
-5.191824075028024232e-01
-1.964833063805061231e-01
1.864935665950085975e-01
5.775265260958478697e-01
6.014288965143063104e-01
5.321032160786659526e-01
8.380794669403327513e-01
1.222425918445251725e+00
1.092688814729341429e+00
5.655173170292754348e-01
1.320552492392643995e-01
8.343322194598405683e-02
6.637606249919260071e-01
1.685260653161497979e+00
2.441428205325399503e+00
2.473029353736686975e+00
1.954148650334991189e+00
1.285553390223596271e+00
7.988451945349186456e-01
4.772211103236341789e-01
4.394727627698233330e-01
1.129667756301744097e+00
1.968002254764534831e+00
1.889470949651888887e+00
1.055025968205377751e+00
3.085932760009456599e-01
-5.828401018899973668e-02
-2.926896967400375305e-01
-7.686137666234919008e-01
-1.346265241843447091e+00
-1.567616755054621169e+00
-1.786759695317968299e+00
-2.117983929495670381e+00
-1.738443938831770952e+00
-6.196927032702331806e-01
2.748127310015033853e-01
3.863839339680725793e-01
-3.652950296963110993e-02
-2.790947346171986920e-01
1.877633301811992284e-01
1.207465483194125833e+00
1.884825317728457295e+00
1.865784286605325137e+00
1.773630572496919688e+00
1.537513855037971888e+00
7.967131204827572200e-01
2.017267140126037250e-01
2.315346460256726135e-01
3.422584314944744910e-01
2.278359624631269287e-01
1.430236756721450508e-01
-4.508057202100285155e-02
-7.567024601106615567e-01
-1.856227013760031408e+00
-2.372058464960581148e+00
-1.881073680855827046e+00
-1.201355533314984791e+00
-9.638593366955803265e-01
-1.039549375985329371e+00
-8.250563362533372969e-01
-1.868528233792130511e-01
-8.576228200098122423e-02
5.229945787159382409e-01
1.319426744098481930e+00
1.489406285300708843e+00
1.194117100102440210e+00
9.812999116552550971e-01
9.102581248351251375e-01
1.204436104825408638e+00
1.612336792406619201e+00
1.529344907987210345e+00
1.239541634519193414e+00
1.385026591265358098e+00
1.612880546276685534e+00
1.197366632540612708e+00
3.600146069908123359e-01
-1.529083211321902169e-01
6.017005469087827879e-02
6.675054283365283725e-01
8.093269830059086622e-01
5.170827178657366741e-01
6.545231091570713478e-01
1.020308100336563939e+00
7.962572134953902481e-01
1.469302902314585380e-01
-1.825042151137434288e-01
-1.875514820803161342e-01
-2.375814407768064296e-01
-3.880414821283997284e-01
-6.832771175550707010e-01
-1.041124639721001888e+00
-1.341032461008378807e+00
-1.561350259067820767e+00
-1.754581480934704674e+00
-2.009596052263951549e+00
-1.924504506543743387e+00
-1.008872340859779060e+00
2.563912313200815141e-01
8.628182676164015685e-01
4.829053662639614108e-01
-4.003976189860522505e-01
-1.000589434697033875e+00
-9.541813993994804344e-01
-7.092287857110083360e-01
-3.952026514964512294e-01
4.253214383275325527e-01
1.465091050598044342e+00
1.896728574337968709e+00
1.603525296023145641e+00
1.135197999166385197e+00
5.659346542607566199e-01
-7.258376297703028612e-02
-1.938979643307361389e-01
1.856499536692237662e-01
6.559184815809174784e-01
1.127466001297746878e+00
1.375017703373277111e+00
9.822968610947825363e-01
9.610739627483623482e-02
-4.777277880304372504e-01
-2.640374174833222121e-01
2.888570506986657405e-01
4.515478644811814490e-01
9.280784131177341467e-02
-3.459495472110780678e-01
-5.185183380652421681e-01
-5.750116867368544327e-01
-9.216829377717865590e-01
-1.482736509749897902e+00
-1.286904682957844548e+00
4.655350963173530976e-02
1.385594690369498672e+00
1.671814613797333982e+00
1.250174910407698237e+00
1.020868332969460335e+00
1.197409588035532213e+00
1.249905670793149293e+00
8.428450435100479643e-01
4.904415003793651806e-01
3.483163528486669103e-01
-1.729409261673187648e-01
-1.006100569541939382e+00
-1.349388908686328437e+00
-9.682497099069391489e-01
-3.866300047616091362e-01
-3.766467163897742332e-02
-1.828819802222303170e-01
-8.020408127016231958e-01
-1.456629740016603725e+00
-1.706274950090655329e+00
-1.459294504621658328e+00
-8.806653002434868815e-01
1.067994936493366354e-01
8.882422056048057124e-01
2.968715898015052423e-01
-1.053918307224837925e+00
-1.515967709799665331e+00
-1.257254849209987091e+00
-1.585820442398023333e+00
-2.330382060398527688e+00
-2.270902502120521138e+00
-1.384678207418801543e+00
-6.284476710779385300e-01
-4.007976120675350584e-01
-2.040335919591766967e-01
4.678945910113073703e-01
1.149405731909279416e+00
1.297558326360017000e+00
1.110588899058422285e+00
8.470889165348109984e-01
6.156246783254037958e-01
6.998575360783509947e-01
1.125024369357247256e+00
1.327038502443259604e+00
8.922913595653294561e-01
1.670303520310462420e-01
-3.514062031083542426e-01
-5.218782902045306926e-01
-3.949714771933426349e-01
-2.597972123847334669e-01
-2.488975934335894424e-01
-4.126710728324187866e-02
1.852071989164195687e-01
-4.989355148182385291e-02
-5.989117674477235642e-01
-1.094508152442288829e+00
-1.345910720616416700e+00
-1.376917888322384709e+00
-1.423087972507705912e+00
-1.325140633756749509e+00
-8.071921449193545373e-01
-1.634360901479710304e-01
4.298249285625656002e-01
1.080255903472199464e+00
1.651630401284303495e+00
1.968795366858177909e+00
1.762868531304740083e+00
8.708757278324815720e-01
-3.589502483186358117e-01
-1.522049443916576150e+00
-2.208491347843717367e+00
-2.087974713943486105e+00
-1.481147967034119883e+00
-9.377497596928068280e-01
-5.027419401815387268e-01
-1.950227362027568551e-02
4.128854239336093856e-01
6.353191940852552788e-01
4.093094305353753293e-01
-3.982072533561312744e-01
-9.598638850530752942e-01
-7.394738934371982708e-01
-5.236248316434184424e-01
-3.310473059784286298e-01
3.390613137065946470e-01
8.821377093126782087e-01
6.428047127688011342e-01
-1.010263253548956686e-01
-7.292833951884322152e-01
-8.992984321543818771e-01
-7.102501682674597916e-01
-4.250012648780250868e-01
-2.226596172139954088e-01
-1.907421280450261325e-01
-2.540274019889378621e-01
-3.831698607404839252e-01
-5.280897465793024104e-01
-4.936991071003851705e-01
-4.748561743768929810e-01
-9.845882416669654580e-01
-1.746222959906552852e+00
-1.968688674155331997e+00
-1.246070854128456862e+00
3.189746018735075683e-01
1.640826779805083291e+00
1.677285079139986257e+00
1.115494034463230255e+00
1.041103516556182385e+00
1.448003248595050030e+00
1.757327592837691022e+00
1.338459070684906882e+00
5.579879777672331898e-01
4.187202132178607372e-01
7.800223924118628860e-01
7.007223375375082330e-01
-1.892899963166842503e-01
-1.256716801735261013e+00
-1.456156574726841679e+00
-6.511744972140881549e-01
2.511753553083234114e-01
4.318934775478402988e-01
2.565645604705071511e-02
-2.436942052359735156e-01
-2.188500090272283150e-01
-2.196110192755697799e-01
-1.392416599545768241e-01
3.797033437064533112e-01
1.005998167122658549e+00
9.711723556626895570e-01
3.847271492791127234e-01
-5.230022655269817022e-01
-2.767156235446516233e-01
3.055587475755919269e-01
2.836237459202505806e-01
4.229472495509883218e-02
4.058520021616762175e-01
8.957926674326893712e-01
8.705069858774334701e-01
5.775233763144764776e-01
1.710537688155262803e-01
-1.793260224988132701e-01
6.150064585229435971e-02
5.920347086135399062e-01
7.751619558287606848e-01
6.172701475965846063e-01
2.854384127414800187e-01
-9.301317349735800655e-02
-3.931322145090143105e-01
-3.122919035776184349e-01
1.599078487753314570e-01
5.072619238360024374e-01
4.804346623977898134e-01
2.561295619901793885e-01
9.344332555167153553e-02
3.063142115156239353e-01
7.727123931628013809e-01
9.152096987008724316e-01
6.385537206230396112e-01
6.684230556316782534e-01
1.240661280259154564e+00
1.583846875924692865e+00
1.299954549801069392e+00
6.595821357507346550e-01
6.288867578678852821e-02
-2.474440002665946881e-01
-4.639861774230749081e-01
-8.148245129207123405e-01
-1.286316795704592897e+00
-1.535693458134808287e+00
-1.076315383632191702e+00
-1.765480523917246436e-04
1.004576059584727510e+00
1.251430776127392175e+00
5.145410678097235291e-01
-7.522691019724550010e-01
-1.645509537097218145e+00
-1.634007810890406809e+00
-9.204655195227469111e-01
-7.741750364735995593e-02
2.692129341056672120e-01
-5.196718377379505593e-02
-4.438352363860189609e-01
-2.950059398253965792e-01
1.531697175918310949e-01
4.636792439993870918e-01
3.949201205039979401e-01
-2.590258230228638103e-01
-9.307219281102004915e-01
-9.675623434464030170e-01
-6.514657811164124013e-01
-4.668933736269469947e-01
-7.433096628440661879e-01
-1.337067123194425999e+00
-1.464669563295833310e+00
-8.936286331682032902e-01
-3.289980274697748563e-01
-7.546640131102792803e-02
4.824086781937568236e-01
1.418486756705130247e+00
2.083411460754426514e+00
2.397314559317922811e+00
2.242647471202437792e+00
1.304125991873592794e+00
-5.935903788726862307e-02
-1.319856903478510812e+00
-2.127177981497713422e+00
-1.995827431798541163e+00
-8.674235329305970410e-01
2.323845750922315656e-01
6.079324251216223773e-01
6.833521287638139041e-01
4.620393036693739575e-01
-1.225457514963687461e-01
-4.852901524332784433e-01
-6.387329880048125963e-01
-8.547500191659106461e-01
-9.496336221778034492e-01
-9.881539964212776583e-01
-1.033843838454217678e+00
-7.839809504809582830e-01
-1.216443347446697909e-01
5.798473160610575494e-01
1.041487500132728838e+00
1.399414436962469255e+00
1.708987654441250781e+00
1.847247844160795571e+00
1.849982816257505380e+00
1.743582676326157488e+00
1.222480023624695544e+00
1.861457839488452892e-01
-6.064190542766847436e-01
-3.847499976711376002e-01
5.083291215651118966e-01
1.202779562217624054e+00
1.213647025394046119e+00
7.487796264245378808e-01
2.412799688971544176e-01
-2.010558082344935382e-01
-6.481674305343996245e-01
-8.867775174262224613e-01
-5.981816496535415917e-01
-7.295946642891076861e-02
1.149423205656985719e-01
-3.466910314268214360e-02
6.733066657809831657e-02
5.614683665649268240e-01
7.351833053223869596e-01
1.218282758954123274e-01
-8.908949020844386668e-01
-1.489235517339991155e+00
-1.323965721109839455e+00
-9.529172546261742704e-01
-6.986130291456104091e-01
-2.381900947580490036e-01
5.430757569386146510e-01
1.244066986976336331e+00
1.545904451319569661e+00
1.688949849508111889e+00
1.643180848860906096e+00
8.696885460540848545e-01
-1.081859309185129181e-01
8.085044698584407659e-05
5.934806345746730383e-01
4.760342731616276635e-02
-1.357600914397236735e+00
-2.007676050532632761e+00
-1.294525351617336284e+00
-1.026562174858469678e-01
7.366622311932294886e-01
1.150990411377764921e+00
1.340412718943950976e+00
1.196188699210724904e+00
5.382460702331350877e-01
-1.677202950679430593e-01
-5.663416821681458435e-01
-5.973553794839160380e-01
-5.508782752772443253e-02
6.915129949329759107e-01
7.817284869024514471e-01
1.737114587660440190e-01
-4.201235058013302881e-01
-5.838589517628417491e-01
-5.008404047374276358e-01
-5.970787339341517841e-01
-7.614178668782329851e-01
-7.016277023107945210e-01
-6.558315631451411276e-01
-8.448928675209012029e-01
-1.203238840158098455e+00
-1.558159979973822162e+00
-1.609670512992675606e+00
-1.110606662122317623e+00
-1.908137426501286815e-01
5.232275524257459232e-01
5.506533481193685020e-01
1.351299726553557012e-01
-4.849992631915964192e-01
-1.172434405657317047e+00
-1.586429600243660865e+00
-1.834066807676958399e+00
-2.134271656935690764e+00
-2.337104743125480777e+00
-2.314688781712051835e+00
-2.059836035391664488e+00
-1.658446828505635295e+00
-1.382698944482616543e+00
-1.379596740840169034e+00
-1.497057752066512704e+00
-1.411881730564917836e+00
-7.037514476212286541e-01
3.415673547648045427e-01
8.056995196470494447e-01
7.701309755554588410e-01
9.336449341825687753e-01
1.240368939445751773e+00
1.283631616669123288e+00
9.447748707004340885e-01
7.564820712747866160e-01
1.059819424337816063e+00
1.423546699660596992e+00
1.478933536898976664e+00
1.104061134745462081e+00
5.425555883502779508e-01
4.035857243839703346e-01
8.685724376387382595e-01
1.444862665783772204e+00
1.459468495983301972e+00
6.463608488585715905e-01
-2.466345306959891737e-01
-3.761235944749091731e-01
8.611905687442489299e-02
3.823339811731887861e-01
5.804770708929202216e-01
-4.098869165101511752e-02
-1.292978166267679141e+00
-1.854367656923106455e+00
-1.015377674584640344e+00
2.207701651995934433e-01
5.732089681129652892e-01
-1.200664959025718043e-01
-1.150395178475081215e+00
-1.864623844362330640e+00
-2.106725523430900804e+00
-1.769773382138729811e+00
-1.145536534699329589e+00
-8.350994948801119255e-01
-8.349187356983035491e-01
-1.011068404542246668e+00
-1.353618290372043509e+00
-1.447228616634268050e+00
-9.964697385801614127e-01
-2.993553407390978083e-01
3.119139420553542763e-01
7.174761775896909555e-01
6.838450600597704154e-01
2.076229140832926701e-01
-5.979048007186153063e-02
1.740151254226949551e-01
4.706155522125465840e-01
5.509028509350060165e-01
4.516781493867317310e-01
4.910197731357073270e-01
6.377746354060473966e-01
5.520018638991861515e-01
4.446032790560025538e-01
5.226577918977308723e-01
4.584832059924134340e-01
-1.038743142744784492e-01
-1.046307623294910893e+00
-1.734343715399192298e+00
-1.514479927605949960e+00
-5.408211790849943856e-01
1.888785386102810882e-01
1.372820894656420210e-01
-2.104812109094797434e-01
-3.789825226115495216e-01
-5.606892715250361148e-01
-6.231826878490820398e-01
-2.710454888487484268e-02
9.107101469298369834e-01
1.518308473142875314e+00
1.498666523626984493e+00
9.852019947451764459e-01
6.307559682413405033e-01
8.195353216172006627e-01
1.007291122335134403e+00
7.410288884619053995e-01
5.740827699627418790e-01
9.171968383054679430e-01
1.165401438278293123e+00
8.332902894811116123e-01
1.847284942778955885e-01
-1.190435925645883380e-01
1.625980129180673583e-01
5.275798174000153606e-01
6.843306985488334382e-01
9.656931113265041500e-01
1.609033276551942171e+00
2.110766805409318714e+00
1.811582367359284573e+00
6.692939534174887628e-01
-5.808703660662294377e-01
-1.108524583248857720e+00
-9.291516026157380370e-01
-5.841859036630675517e-01
-3.512898988545678503e-01
-3.703363927161572589e-01
-4.792715463683933086e-01
-4.380980800829977206e-01
-4.677844491618911582e-01
-4.151059281746046215e-01
-3.094059290466543571e-02
1.935518720598043141e-01
9.032973646288669500e-02
4.028276309148660222e-02
1.709430450801260049e-01
3.131322582682327105e-01
4.452952787885239294e-02
-5.052057302791116422e-01
-4.336722014979648154e-01
6.316974854519201432e-02
2.687379555511703808e-02
-4.636834504039273885e-01
-6.534719077804059806e-01
-2.673556035808533626e-01
1.812086641019670097e-01
5.582286365795000593e-01
9.497791813836740094e-01
8.943159072625631589e-01
5.940589084823650889e-01
6.115158463922908405e-01
3.604231709145226392e-01
-3.291544904629278845e-01
-3.196594524457405107e-01
6.665105317213001479e-01
1.750182642302247293e+00
2.166691138214125179e+00
1.855648938762575195e+00
1.380951971212067253e+00
1.051548184354890836e+00
5.434156769149210975e-01
-2.688527814696771157e-01
-8.729866383534558016e-01
-1.200710137571940894e+00
-1.965663423543589472e+00
-2.745005761888592577e+00
-2.745005761888592577e+00
-1.698804380283947424e+00
3.958283676403571982e-02
1.284611527596585701e+00
1.946209890890250982e+00
1.848337457246469695e+00
8.302492486200628852e-01
-3.732757220121771802e-01
-7.134729245018109900e-01
-2.698684319606940996e-01
1.163261719788107190e-01
4.081484831462641738e-01
1.195096674707711637e+00
2.062856580546064578e+00
1.892346621962396558e+00
7.493039299206216697e-01
-3.616895932540377667e-01
-9.751721196349297793e-01
-1.123232771929067786e+00
-9.715098073877411755e-01
-8.299327430643209658e-01
-9.774437584060189366e-01
-1.328149950802096413e+00
-1.316831411249592021e+00
-7.338937599808760259e-01
-1.713376287580010149e-01
-4.549125114090809413e-02
-2.207331332610785457e-01
-6.053206561468775782e-01
-9.236934362486505234e-01
-8.295291372251577533e-01
-5.439709893215778358e-01
-4.209081170541429939e-01
-5.201335044672638075e-01
-5.062476077493711646e-01
1.588461971848825205e-01
1.356770974069192448e+00
2.030136267950899409e+00
1.473504076926770878e+00
1.754141356717736373e-03
-1.282390874096894562e+00
-1.051956338342963093e+00
4.780713574189152104e-01
1.565882306997944173e+00
1.701401806532001348e+00
1.679685991712712267e+00
1.386238189042914737e+00
5.192272994449602663e-01
-3.117250933093108078e-01
-5.947202471766589449e-01
-4.110611207543620749e-01
5.251861059247264762e-02
7.741703481036528167e-01
1.413149024396589626e+00
1.409868305341960726e+00
9.031669211392997498e-01
3.149652891594740267e-01
-1.826308079707468224e-01
-5.377137574194993386e-01
-6.917993220018918699e-01
-6.605801171275261785e-01
-7.771282591629146141e-01
-1.064309234989232467e+00
-1.099644376776709231e+00
-9.015744954711741865e-01
-6.872897213669467709e-01
-5.728586315639723203e-01
-6.595715959269637940e-01
-6.833303323863098022e-01
-4.867731471273998856e-01
-3.310032228589523395e-01
-4.400339549342245915e-01
-8.038439452139315433e-01
-1.198909806801238265e+00
-1.417674905875305980e+00
-1.295263788272609240e+00
-9.614456460309559471e-01
-6.648997268900052049e-01
-2.125939358447131722e-01
4.729197871098766992e-01
1.116312344464464701e+00
1.749845291924533308e+00
2.382641051609324379e+00
2.034855115317164564e+00
-8.295957893630142577e-01
-1.263474790251426061e+00
-1.655662493653678569e+00
-2.133994227309640390e+00
-2.282215889228137229e+00
-2.183980994730612135e+00
-2.284511659380394910e+00
-2.342441017632306277e+00
-2.132522886225808101e+00
-2.174398096659470703e+00
-2.652394141916500026e+00
-2.721313912067686136e+00
-1.989453898588285030e+00
-8.237766074268175753e-01
-1.160700686206433407e-01
4.095538775394602649e-01
1.333666139442263976e+00
2.204049592930938939e+00
2.044103974005546664e+00
8.806589207775609163e-01
-1.983331731801726561e-01
-5.185195257464750851e-01
-4.243369121959953971e-01
-4.163739040816832881e-01
-5.120903230977230658e-01
-3.277286478732564512e-01
1.344486041225077810e-01
4.554643958987727448e-01
5.615287559237585047e-01
5.811149025885445907e-01
6.238995348737320645e-01
6.901702391774745537e-01
3.713990262983987711e-01
-4.227448800188721711e-01
-1.104804566273630106e+00
-1.177338348949033220e+00
-5.952002947643532105e-01
2.351975678182551821e-01
7.302497326643114794e-01
6.396867885299859502e-01
2.815628088366421977e-01
1.699352607097996404e-01
3.498589658119255486e-01
5.892328004036999634e-01
8.223060288038539500e-01
7.678161859788000809e-01
3.205098810777320256e-02
-8.619522885447160609e-01
-8.449884800928848527e-01
-1.727759359914267934e-01
-1.507460200808923290e-01
-7.785977327735670306e-01
-1.095917962299779225e+00
-9.361563949385024452e-01
-7.720250687180865157e-01
-8.544728258573355273e-01
-9.554562560286743444e-01
-7.590259843570796860e-01
-4.357613755595070582e-01
-4.930970828990984822e-01
-1.031941936434073170e+00
-1.690306768340794186e+00
-1.895921427590204322e+00
-1.382278430416398418e+00
-5.550156189053840894e-01
7.860104596695507984e-02
3.592883937177701048e-01
2.225585409754504695e-01
-5.683741763576236755e-02
1.438609622301399438e-01
8.710718167789690547e-01
1.558383313405025117e+00
1.592511936989832844e+00
9.686012001611343791e-01
4.131692545182577003e-01
1.312914110814288604e-01
-4.514565600117423916e-01
-1.038585159212717324e+00
-7.530723382721050685e-01
-2.556534969981128034e-03
2.172320137305834009e-01
2.236095773299884293e-02
3.387581601172708762e-02
2.384688256376198690e-01
9.529462369206978534e-02
-3.396196297292791155e-01
-1.867620262228985029e-01
6.502689115343602833e-01
1.320223686100674643e+00
1.535188077417895203e+00
1.584435051608814149e+00
1.528081322101409789e+00
1.567504478296755543e+00
1.929841343855664526e+00
1.970644649627689704e+00
9.358103978196652406e-01
-5.859442865474135953e-01
-1.320430242158510792e+00
-8.162786628838917258e-01
3.988509232018904727e-01
1.354011137979360679e+00
1.338296909615508179e+00
7.183411003575336240e-01
2.777505408560538291e-01
1.140069285340385291e-01
2.252581341106137669e-01
6.520113789980916952e-01
1.009212842544064737e+00
1.199101299693325018e+00
1.511818770324115491e+00
1.828916333382231585e+00
1.796922506544575970e+00
1.387096839314542418e+00
7.241750453699101753e-01
-8.216543197128159393e-02
-6.678979071407460388e-01
-8.036470611773254280e-01
-5.241611056853634487e-01
-1.328741096490196061e-01
-4.017951997881701737e-02
-2.443426349221427540e-01
-4.772701415877222964e-01
-6.928590293852150417e-01
-9.494522958112620037e-01
-8.654044730548980935e-01
-1.352521493213452441e-01
8.743935787628194234e-01
1.299642962091685394e+00
8.675906183311613562e-01
4.133706770879616021e-01
3.178070578009764002e-01
3.486000097756269955e-02
-4.903708019363909321e-01
-5.307897964699642701e-01
1.741106481134511164e-01
6.893341597964072198e-01
1.294333015608667148e-01
-9.828988383997906420e-01
-1.383524923921561456e+00
-5.745253239323832029e-01
7.461478798199951967e-01
1.492654448234140174e+00
1.268083315403740752e+00
6.082739063742875762e-01
-1.624852342778613234e-01
-1.083474731855063489e+00
-1.946473730643848654e+00
-2.368716943364229000e+00
-1.877092196280581771e+00
-6.422309261561250926e-01
5.530674089887983591e-01
1.101530028574657205e+00
9.486281299979189008e-01
6.505777764910685157e-01
5.700807457398956446e-01
4.375155576811943781e-01
-6.764265640850850025e-02
-7.514007746372899366e-01
-1.003302720782151880e+00
-5.348833768244612985e-01
1.131004375684921959e-01
4.254512494254272803e-01
4.725763921053169336e-01
3.241208651546751973e-01
3.706508594589268124e-02
-3.130143236695492881e-01
-5.870096191636797744e-01
-3.559012918256942437e-01
1.727625556915735328e-01
2.178371889623718083e-01
-2.492366338017113214e-01
-6.069746689351183111e-01
-2.315726182033881475e-01
7.263396799313641683e-01
1.236465059055844584e+00
1.120717460100056684e+00
1.099221701915105598e+00
9.614681729315120995e-01
3.020159225600518305e-01
-4.152285709996406671e-01
-8.945226448423997390e-01
-1.086941418160954687e+00
-6.390954937654513834e-01
2.209179087339957215e-01
7.596627893472387427e-01
8.034659593117102760e-01
7.439769260670313633e-01
8.780271645394979174e-01
8.927591792410268789e-01
6.444927496980352721e-01
5.234039207607915634e-01
5.102070963280793681e-01
5.378038143561809648e-01
7.665321387324208757e-01
8.321832833122566608e-01
4.322072714783578573e-01
1.174527461751091462e-01
3.358610570746881074e-01
6.224112810888881020e-01
4.761705431669210342e-01
-9.322967025235740293e-03
3.301244357058408241e-01
3.947260839994469195e-01
-6.761052440561818311e-02
-7.305476779407957810e-01
-1.030396642806940877e+00
-8.076565801296134994e-01
-5.698746389358445574e-01
-4.303761746772660213e-01
2.773784106103963643e-01
1.618402936988898144e+00
2.540164016170656236e+00
2.167072289220103531e+00
1.162455542538229247e+00
7.130256942392928510e-01
6.840365072881154918e-01
1.816193368892970728e-01
-7.471505980407394665e-01
-1.425075355738342209e+00
-1.652972520228740860e+00
-1.552019607877490381e+00
-9.674237501592996002e-01
3.924614090032454428e-01
1.674465639117377336e+00
1.583192778440947412e+00
3.976019372291839105e-01
-5.962853684561648659e-01
-8.923285137201045769e-01
-8.370176996134457426e-01
-8.839553307776633062e-01
-1.089935242467571008e+00
-1.183394209092519356e+00
-1.125943132942476943e+00
-1.068510721332397884e+00
-1.020245264710262223e+00
-7.807915955472132241e-01
-5.063674901515503590e-01
-4.877430115651247289e-01
-3.311360129799456598e-01
1.187199981544868194e-01
4.691312825798356623e-01
5.100068256315732906e-01
4.117673868806495108e-01
5.116217028119462995e-01
6.913672986778882645e-01
5.542161234253503155e-01
1.397694674171354456e-01
9.990611623388298557e-02
6.219794333736993197e-01
1.062162181268788252e+00
1.081326395510264105e+00
8.651069201340012560e-01
4.771508280146067871e-01
2.824271349799970313e-02
-7.887718638326287821e-03
4.785738111700947872e-01
9.511897183848637694e-01
9.281548171663516200e-01
2.924897035464621986e-01
-6.677203924615339181e-01
-1.184701048691782388e+00
-8.670214806564107146e-01
-4.636194079445085103e-01
-4.161046582850614350e-01
-1.756642853566340312e-01
1.614511013442541665e-01
1.427243768843900196e-01
5.678957960629168328e-02
7.195968123553179996e-02
6.653870538930138634e-02
1.905186309914428111e-01
4.899886262333853493e-01
6.063377276346112454e-01
1.980541284387013212e-01
-4.778686772076176648e-01
-9.476700175759927847e-01
-1.206279008327879820e+00
-1.086378560150312200e+00
-4.106708751552777259e-01
3.302677159039071886e-01
9.752756035113876454e-01
1.465365308792912158e+00
1.434780145827924791e+00
1.006091089428540863e+00
3.934616781187845747e-01
-6.983809919619025086e-01
-1.884508971848314118e+00
-1.934550862283560546e+00
-7.822606271662595478e-01
2.763118540176426330e-01
3.624912939509395970e-01
-9.689517387440301985e-03
-1.114402800371576824e-01
-1.661796743678557176e-01
-6.302880069989352796e-01
-1.119273538718158489e+00
-7.942536812303857552e-01
2.075622197605475616e-01
9.261310734126558808e-01
1.207413428071203887e+00
1.397676485781401912e+00
1.066353130426219487e+00
-4.790500936264508597e-02
-9.124662444280532414e-01
-7.591084075307650281e-01
-2.095854155033200494e-01
3.042848328927143520e-01
9.602848191489562479e-01
1.419959654094432144e+00
1.122643252431202665e+00
3.959355195764068247e-01
1.873774023961790047e-01
7.783396946610786626e-01
1.531761650306545208e+00
1.865319840430715859e+00
1.720037281418248742e+00
1.125949355510368788e+00
3.808589377185037650e-01
-1.196036398729546368e-01
-2.030465101806731287e-01
2.870369904934464977e-01
8.314452438969833770e-01
5.748727437212042268e-01
-3.316885010641325016e-01
-1.200437193778606915e+00
-1.556408475362930144e+00
-1.424988428789718320e+00
-1.260045871702222708e+00
-1.182161455863780297e+00
-9.729752492841761136e-01
-6.580654349512267132e-01
-3.457206163236619112e-01
-4.600217865505412326e-03
1.033644619018299349e-01
-3.742557415987077807e-01
-9.732892789663448729e-01
-9.789463456919821338e-01
-6.436738664643648633e-01
-6.703879003651490587e-01
-1.214360895053731015e+00
-2.011190671066850122e+00
-2.454181587499856487e+00
-2.196115767449701384e+00
-1.421085466036382305e+00
-1.972193900676517397e-01
9.523999730587813239e-01
1.113894968548703401e+00
5.123776044441815669e-01
1.125325494713082797e-01
3.771625915955825192e-01
9.578558563632033618e-01
8.532285843282212401e-01
-1.510123957749066603e-01
-1.123899729285674276e+00
-1.694927321346205273e+00
-2.097197495075012519e+00
-2.122116952510280985e+00
-1.710112853873833938e+00
-1.543142660416267020e+00
-2.028592924765430183e+00
-2.478775076475529637e+00
-1.822024414916352031e+00
-2.362159463359514711e-01
9.243278791201656741e-01
1.110427091835189062e+00
8.768172419629549630e-01
7.113614328837248868e-01
8.856129646187822502e-01
1.368185559904033344e+00
1.629393954602145200e+00
1.554971748298312306e+00
1.466058180909151298e+00
1.356318848767925633e+00
1.221826277785504899e+00
9.316765967200363319e-01
6.379887231048121388e-01
9.539868605612685792e-01
1.248358536891623460e+00
3.904921512645960213e-01
-8.192648632413402909e-01
-7.955418598293382271e-01
1.196579533550567037e-01
6.518695665527526328e-01
5.211295963995674629e-01
-5.098340490304890948e-02
-5.932800688240038589e-01
-5.924178085775521074e-01
-2.543998065813565246e-01
-5.571625631666983491e-02
1.844940982741999705e-02
3.866764590380993294e-01
1.186521888110183109e+00
1.572619589147072450e+00
8.272048034410874884e-01
-3.031531374024094005e-01
-5.615361273207650772e-01
1.986667604004036247e-01
1.048858298470087380e+00
1.423016406160257041e+00
1.059765685046806016e+00
-4.561223787094731974e-01
-4.231204245786610585e-01
1.105529671456451785e-02
3.338859204304061024e-01
2.669760766256298878e-01
7.596305724016433336e-02
-2.307892915986394788e-01
-7.679263883119745726e-01
-1.025064369724323798e+00
-3.566346196633467525e-01
1.007712180042133587e+00
1.988224162370923587e+00
1.815111412374568634e+00
8.995852256990689577e-01
3.549712327516486021e-01
4.525255464799749494e-01
2.079358894692238113e-01
-6.197207208525776778e-01
-1.302228079309566189e+00
-1.748694245591012608e+00
-2.210451446066746595e+00
-2.506199748141506145e+00
-2.512823552878011846e+00
-2.150467393335823818e+00
-1.297202823771003599e+00
-4.122360369308443739e-01
1.617371724518961232e-02
9.047675427744431009e-02
2.348810481355002588e-01
4.585722550092881100e-01
3.156497377998038201e-01
-2.090946166271246409e-01
-6.436585925730554658e-01
-5.870631604291712824e-01
-4.476704940466518234e-01
-8.621865576000331544e-01
-1.019673050978526563e+00
1.644989304538345062e-02
1.285201419233965137e+00
1.660699914658701815e+00
1.059573500222492193e+00
-4.519310575543246666e-01
-2.089167466686870256e+00
-2.498652738505340754e+00
-1.892357447588624231e+00
-1.424035466557999063e+00
-1.220699695599859469e+00
-1.010166968863066783e+00
-7.047237003351293216e-01
-1.759805717058662844e-01
5.869633246798525716e-01
1.437527601916015474e+00
2.112837315851193054e+00
2.424156704096692927e+00
2.545523287170579518e+00
2.465055506408615038e+00
1.859720204068198823e+00
9.076667607297880247e-01
3.214622464252986367e-01
6.282114502195211836e-01
1.467876395525591127e+00
1.879001008355353441e+00
1.689739991364700211e+00
1.162882378007077389e+00
2.531257085133012952e-01
-6.082050075246632215e-01
-8.000737104014770118e-01
-5.977968938296954748e-01
-7.040747337927445448e-01
-9.679324261031938548e-01
-9.456654963400537017e-01
-9.255380228098770701e-01
-9.535453359983566690e-01
-5.138577416138114806e-01
2.923054396215138406e-01
8.106368715505782863e-01
7.181928880398877890e-01
2.795596671998998861e-01
1.198238058566355596e-01
5.806722579220507940e-01
1.032227941888290479e+00
6.841250547535994153e-01
-2.637224903580093760e-01
-7.297139186376105924e-01
-2.758451526856843805e-01
2.673053262025638088e-01
3.345805279030487078e-01
3.231402943978249898e-01
4.576585334109085079e-01
3.483160333089568295e-01
-2.203091503930086903e-01
-7.418948819187243249e-01
-5.859584792245826623e-01
-1.556814894797599325e-01
-1.823736482230172429e-01
-3.232035903333669302e-01
-2.517518990532611745e-01
-4.615426289528293258e-01
-1.240236147409550460e+00
-1.877940768043904196e+00
-1.811535431641622784e+00
-1.540797237933631214e+00
-1.372352201240625291e+00
-1.072060823988672640e+00
-5.388508914239423797e-01
2.463229793812710677e-01
9.375292107866667335e-01
9.099119101958093037e-01
2.597034015914776450e-01
-3.464752901647725758e-01
-5.374161204110060597e-01
-3.531358366151222672e-01
2.306920037221749376e-01
1.123438179429253614e+00
1.626823844740159952e+00
1.393997904408720290e+00
1.148148995407048067e+00
1.336418265504561109e+00
1.492499434306772121e+00
1.287882075192193110e+00
8.725976689412906495e-01
2.321461685915969242e-01
-5.421453961325698456e-01
-7.959680308837292495e-01
-6.018335972986380566e-01
-6.026509002958707617e-01
-5.650550578911323063e-01
-3.315635881328121704e-01
-2.387825800940541476e-01
-8.615394607906219637e-02
4.599931470601297256e-01
1.040032281377946566e+00
8.573922287072501813e-01
-2.337201955905656992e-01
-1.136156475180184922e+00
-9.212749547527462335e-01
-1.936075519888137975e-01
-7.078405098374881445e-03
-4.897971495562859490e-01
-1.124925346974164908e+00
-1.405644069127490514e+00
-1.141066753641171605e+00
-7.600934078378898118e-01
-7.806527877005069449e-01
-7.012432797733779699e-01
-1.256458603151329239e-03
8.460366555300214975e-01
1.455287177785333119e+00
1.774529063287813235e+00
1.667021215397910483e+00
1.278368561759416711e+00
7.901498367578215776e-01
2.685370079978082747e-01
7.666159860090705769e-02
3.715247520599566089e-01
6.009235970487011302e-01
1.105970025210376989e-01
-6.765896535417932345e-01
-8.112030804710793630e-01
-5.138588825497463208e-01
-4.648363161763451878e-01
-3.977919448603391417e-01
5.777505137489356152e-02
4.585767075297207396e-01
3.925923287268093254e-01
-9.446369372829936661e-02
-6.628002616185171281e-01
-7.828241704493523745e-01
-2.734437923359470668e-01
4.086948594820612457e-01
6.510715275317531248e-01
4.281315483800087751e-01
4.229709479852237775e-01
1.003492546725641477e+00
1.381430733898487917e+00
7.598943728436121647e-01
-4.661548993677034347e-01
-1.120504233405664074e+00
-7.127039240788795027e-01
1.677324026194587925e-01
1.058738931711268094e+00
1.646793451054943125e+00
1.600118193398853306e+00
1.236402865654400163e+00
1.043493110104944055e+00
7.752373232490872290e-01
-3.452844707064346014e-02
-8.324424817995356163e-01
-6.635664489948358558e-01
6.301710415154684886e-02
4.253210202123623440e-01
4.312332590437756297e-01
2.516315944566231977e-01
4.487247442314135776e-02
5.722071382035306270e-02
7.670447319594797184e-03
-4.630596097495231489e-01
-1.045492444286580946e+00
-1.264595827524959137e+00
-9.134378526991469016e-01
-7.004752429794506297e-01
-9.966975710778926967e-01
-1.117616705694428170e+00
-8.860842635230270492e-01
-2.409379748551774281e-01
9.602333190797364415e-02
-3.062560277272072806e-01
-9.142139877891233279e-01
-1.266226982526867051e+00
-1.407958990902494989e+00
-1.428088758897082977e+00
-1.363222199310385907e+00
-1.136607889065486265e+00
-7.559164042237304093e-01
-3.715073010041187174e-01
7.715209588996192747e-03
3.757047422103433898e-01
3.852370679769999695e-01
-8.305290607159525329e-02
-6.320892974450593726e-01
-1.049853721031841047e+00
-1.305009735457422382e+00
-1.128381274282142632e+00
-4.503583702852939630e-01
1.818060030662631554e-01
3.272360297895816061e-01
2.789047343433740944e-01
5.187723606810661081e-02
-5.867078258435871607e-01
-9.616788189085433425e-01
-7.006606630101777089e-01
-4.968098101116869558e-01
-5.506174115272752800e-01
-5.419915199699651964e-01
-2.951727122739969955e-01
7.007994276859311200e-02
-1.041097691362065647e-01
-8.809145108249026856e-01
-1.255654341832760590e+00
-7.669156302556277005e-01
-2.808152571151075749e-01
-3.340295727395098946e-01
-2.298954529523133949e-01
2.147699836233581960e-01
1.896739308099637811e-01
-3.294030602444482647e-01
-4.340619596741024933e-01
4.910938129915797812e-01
1.881051000935154205e+00
2.217061683410507467e+00
1.477970367952833097e+00
8.953960473677378129e-01
2.628520898244997017e-01
-1.040769818569158733e+00
-2.143571186145524443e+00
-2.003484948083261497e+00
-9.244319789790719222e-01
1.300424595429784391e-01
3.114535882766034658e-01
-3.365085789969031183e-01
-8.720893430498882770e-01
-6.396514809378279764e-01
1.004657338412318218e-01
6.539045878604728967e-01
7.156805173586869850e-01
4.873498159280172937e-01
4.169582750277823213e-01
4.884192946437507787e-01
3.879227443891481997e-01
3.701547217394952627e-01
5.313394636029258322e-01
5.915399358420965203e-01
6.925957946647995911e-01
1.016278564045482113e+00
1.148050836211438330e+00
7.294982219281663793e-01
-3.400104179907410124e-02
-7.886289414446266965e-01
-9.601492272004785722e-01
-3.885864667006707074e-01
1.946373189137513837e-01
2.930740207009647769e-01
8.743082665775123163e-02
-3.136016872938335483e-03
-5.644146266218593583e-02
-6.095746519279547915e-01
-1.332321519194458848e+00
-1.454420042895943288e+00
-8.830631357081621946e-01
-1.999317535726049810e-01
-1.729549850941012115e-02
-2.837209642018304612e-01
-5.466477191706279326e-01
-5.366110203417879809e-01
-2.581903837614366037e-01
-1.279203813412429364e-02
7.617977392512367829e-02
4.121755036606151168e-01
8.599224265097100695e-01
4.687174739024912440e-01
-1.019553824382032348e+00
-2.633510153919732755e+00
-2.743305967996334083e+00
-2.291482834843576288e+00
-6.972325280712202700e-01
5.513651786836717417e-01
1.093837178583053404e+00
1.183684390018537425e+00
1.058592904880748087e+00
7.918134847322665371e-01
5.432962228066572363e-01
2.995296835435249383e-01
8.532832314317095879e-02
2.019230689903090403e-01
5.357745405512545078e-01
7.476272634436372799e-01
7.004906716859363724e-01
4.640547865541850836e-01
3.767784377948774077e-01
6.127432935044798690e-01
9.098922547861831855e-01
9.624405202575033735e-01
1.078509612060470024e+00
1.330107386983021112e+00
1.222155933107475834e+00
9.506015812006299859e-01
9.665016097966678821e-01
1.076423068199822142e+00
9.071826321445870533e-01
1.460098138954241120e-01
-9.899652070908548929e-01
-1.520465823019514939e+00
-1.321814428146498965e+00
-1.114587120286151256e+00
-1.095652634902087419e+00
-1.212975323803574534e+00
-1.473416724781790421e+00
-1.748237253416196291e+00
-1.908965540618641432e+00
-1.888375870343006246e+00
-1.564286562094882704e+00
-6.886767252511076798e-01
5.563621711655142299e-01
1.138332753987238100e+00
6.834683418359217555e-01
3.392509061482193444e-01
6.967364153022221895e-01
8.777813131679954584e-01
8.044269105808288245e-01
1.295016747919457201e+00
1.940460163803732208e+00
1.677927253652560236e+00
4.689759433391512689e-01
-6.410556329708393397e-01
-6.031483879597925313e-01
4.267821084397173670e-01
1.347730445421597034e+00
1.548336809996874841e+00
1.372201737142700662e+00
1.389911741125367639e+00
1.781106028146933307e+00
2.507895032646787037e+00
2.740243037461034703e+00
2.010597038201209052e+00
2.761820952362861181e-01
-1.069446509720247462e+00
-1.504993728141249543e+00
-1.358140111316386234e+00
-7.296897224181272401e-01
9.772201136522858100e-02
3.349533677760112016e-01
1.680884354116450319e-01
4.832304810165276021e-01
9.295692997244873190e-01
6.535304194943926115e-01
-6.005022683605146933e-02
-6.959114980208634949e-01
-1.135380963958507516e+00
-8.595083563692768047e-01
2.725042828852802801e-01
1.259640532615561304e+00
1.505088937114801739e+00
1.523493285628032101e+00
1.823963569121135109e+00
2.125002689856560156e+00
1.719643121905103378e+00
5.891199862510566598e-01
-5.094475627447067057e-01
-1.031650659608193132e+00
-8.677869483132414352e-01
-2.238430687764034477e-01
4.426922414914272741e-01
6.212948418556676344e-01
1.395440667024070991e-01
-2.985231107695522912e-01
-3.600696562749374635e-02
4.648743175625490442e-01
4.013585214951501112e-01
-1.928748135926921514e-01
-4.539724296110210777e-01
