-9.226889915686309340e-01
-1.388090589581395751e+00
-4.937256160192604604e-01
1.665793249488910721e+00
2.800269516629478872e+00
2.696277537588749329e+00
1.563165158651587117e+00
9.817071881185976956e-01
1.045556183026561170e+00
1.032811216813996902e+00
6.318829571249662269e-01
1.983774296820221827e-01
1.674458175815388972e-01
3.056777757657076489e-01
3.332890080663790111e-01
3.956175065306934968e-01
1.251366371097311081e-01
-3.313145239970376466e-01
-1.132175120532919743e-01
6.688678054377396043e-01
1.126476909411907812e+00
8.979919556182519580e-01
4.993324631294562277e-01
2.819368765870550186e-01
-2.777314244625319478e-03
-5.427914242084909135e-01
-1.164815166884722863e+00
-1.284836598930571006e+00
-5.713243850024360970e-01
2.732414034845107031e-01
5.310655787930467220e-01
4.986206765205129510e-01
3.942616017570955700e-01
1.588706338875187640e-01
1.442062118084605771e-01
3.277612727806971660e-01
9.246639594015650110e-02
-1.541467979724186754e-01
3.571699780030330729e-01
8.676737623923427289e-01
5.048764275315203998e-01
-3.375037507361485223e-01
-7.698418945564172722e-01
-5.220254077364376855e-01
-1.119337427437181037e-01
-2.001915474800896044e-01
-9.773331283865550612e-01
-1.719867609294017496e+00
-1.584427225054389821e+00
-8.733741707694392398e-01
-2.899895291567206046e-01
-1.055811660197828322e-01
-3.543260514240836878e-01
-6.936712258566040123e-01
-7.266881597561609674e-01
-4.938642321871566376e-01
-3.881950137997166594e-01
-8.468296921176307057e-01
-1.561873900578546026e+00
-1.622033603657671463e+00
-1.009275916516477967e+00
-5.182017958918536671e-01
-2.871422933236467689e-01
2.537955582602857141e-01
1.159173391118810237e+00
1.633952903573546722e+00
1.166706023508474077e+00
1.580012861363131738e-01
-7.415140913873907724e-01
-9.776821105956150504e-01
-4.900983951811566652e-01
1.223296132123883190e-01
6.264468639478043555e-01
6.776011332331821624e-01
-2.407979324966488255e-01
-1.294321647293892985e+00
-1.303000453143412507e+00
-2.629273695809627442e-01
1.100877773836025364e+00
1.872496424422488648e+00
1.618392774622021912e+00
7.287268085506821702e-01
-1.903366092390347819e-01
-8.157392875982020231e-01
-1.067944532840391370e+00
-1.048663676218689389e+00
-9.992633551896981103e-01
-6.871893786894253120e-01
2.206325853332503917e-01
1.113378441594534696e+00
1.249322202333805976e+00
8.878637012056838085e-01
4.677719069120370166e-01
-1.339887374392753905e-01
-8.226099641776429827e-01
-1.164716368564004512e+00
-8.475224529117822980e-01
-2.877848783090590223e-01
-3.674014252329547703e-01
-8.574503213126185575e-01
-8.669438227211874182e-01
-3.211785244332985290e-01
5.644819310954873881e-01
1.642199045450891459e+00
1.984040232416881766e+00
1.137937052075167710e+00
3.567945484773706877e-01
3.242731124112400720e-01
4.765536612908549685e-01
4.623415068130384276e-01
2.291760207042385089e-01
-1.525804635382142227e-01
-4.246646898469376152e-01
-6.593957960288925058e-02
9.866627378965028283e-01
1.668171922971237953e+00
1.547188191439321292e+00
1.511305474427608875e+00
1.514405408188734592e+00
6.217628865597920607e-01
-7.594983682768865485e-01
-1.210983393809117681e+00
-6.926847808770377757e-01
-4.855044976376873267e-01
-9.207877015253985720e-01
-1.187032681829887970e+00
-8.384045047486842206e-01
-2.326401747032215417e-01
1.623567172513020185e-01
1.894125433707726236e-01
2.607601931705313958e-01
7.572919328984840659e-01
1.077671865378716731e+00
6.360865907338505432e-01
-2.018361593964741740e-01
-1.207010064219826928e+00
-2.479486195703044515e+00
-2.815667857529561058e+00
-2.815667857529561058e+00
-2.815667857529561058e+00
-1.808556478953614821e+00
-8.552812134192244731e-01
-4.094561650090197125e-01
-4.226937114418771735e-02
3.418063541923259119e-01
4.312250497108549019e-01
1.391978727177965447e-01
-1.331209711421885433e-01
-1.293044188730468891e-02
4.423830088281647810e-01
1.031748463486765077e+00
1.530264906480375720e+00
1.878996078070819031e+00
2.077493079991215463e+00
2.008322218941959392e+00
1.581390828721876085e+00
9.595836430531687888e-01
5.767006277601293140e-01
5.333433475554660852e-01
6.003405153795623450e-01
5.898516746007660405e-01
5.062399398668508965e-01
4.893438491566477477e-01
3.646502198102473113e-01
-2.201387963055091157e-01
-1.382730149967547284e+00
-2.311407927152316244e+00
-1.999577918901715323e+00
-1.230985961103621573e+00
-1.248147124907146077e+00
-1.517897571851978267e+00
-1.345486874648988307e+00
-7.802072510625003288e-01
7.849205829676067503e-02
6.564397102375769677e-01
4.777678703330739962e-01
1.116224476027274093e-01
1.993220046585165994e-01
4.436293498247982359e-01
3.462951459012296729e-01
-1.130608090459226112e-01
-4.206460131622694609e-01
-1.167901456636946944e-01
5.095043199012107005e-01
1.013269658109238192e+00
9.082490677915161514e-01
-7.585295845826535432e-02
-1.121318535462595412e+00
-1.469703071270309414e+00
-1.105149324819776124e+00
-8.057246228021969214e-02
1.021923163143134472e+00
1.072177414882823587e+00
2.104489156775765368e-01
-1.776932508663681132e-01
1.911021807987777488e-01
3.231249843554641066e-01
4.430372510103192454e-03
-1.917834518100829111e-01
-1.570540637722492860e-01
9.907196839537024680e-01
6.198157877895752454e-01
-5.355759134596013160e-01
-1.049886400578806223e+00
-8.235141416626254873e-01
-7.849236205351426410e-01
-1.209434660680274165e+00
-1.581519480135539446e+00
-1.759124423504998980e+00
-1.972098166235198402e+00
-1.884548201214656826e+00
-9.933285923888095503e-01
3.507487722273214814e-01
1.196588745768100370e+00
1.011349597397276812e+00
4.557325494715567249e-01
6.348169678012818284e-01
1.291551288313939061e+00
1.308538130475921379e+00
7.498235624131213140e-01
5.484727567891283240e-01
9.805701318080758400e-01
1.626927399562744236e+00
1.840155400643457284e+00
1.279406673019517493e+00
2.902354531418955275e-01
-4.201993256905208196e-01
-2.702727813221412756e-01
2.941144010280681287e-01
2.079016746630638623e-01
-2.708018754501117509e-01
-7.490162079116841412e-03
6.774128803150561984e-01
6.560308028105902300e-01
3.042909052932387115e-01
4.165885299123670005e-01
7.865228018094134743e-01
1.032056699728937543e+00
9.855121494656781111e-01
5.048047594294825524e-01
-1.069021803407222693e-01
-5.096993362527767191e-02
5.831072325884882890e-01
9.120800654507715821e-01
6.223476337816388204e-01
-6.833071102793594753e-02
-5.689229429071424038e-01
-6.312872293036508875e-01
-5.783669511243550998e-01
-4.661051219035719506e-01
-6.091462937355790475e-01
-1.324384954382832547e+00
-1.988617400054087270e+00
-2.003605757354400829e+00
-1.679621410854761132e+00
-1.378854583633580377e+00
-9.003086383263939618e-01
-2.784081051283495700e-01
2.106910528620072887e-01
4.917177569049978603e-01
4.702823160392606838e-01
1.785556149486361155e-01
-1.117544209223612639e-01
-2.809722119460135725e-01
-4.985866380395811426e-01
-7.169533044713882752e-01
-4.147270383131464455e-01
2.842324433162285446e-01
2.228166561254686928e-01
-8.762936394105272919e-01
-1.760631167181638812e+00
-1.531088939678110661e+00
-7.841798038881667710e-01
-5.412702041670028885e-01
-1.015258629382418176e+00
-1.371060456071889089e+00
-7.539089421786890899e-01
5.534529213208171372e-01
1.286377763830662824e+00
9.189942707716560744e-01
3.702322747397730485e-01
3.289531236195803454e-01
5.385179463716952553e-01
8.516526718188681677e-01
1.273564488156879726e+00
1.372314279140420368e+00
1.074979331948555439e+00
8.496600066518664729e-01
7.044851891840876457e-01
4.889923920975943195e-01
4.952563319584155632e-01
1.193382719419974425e+00
2.439397693537769474e+00
2.736627915796348454e+00
2.353279454482203104e+00
4.672490039723891098e-01
-1.091833300104606996e+00
-1.699862797409382287e+00
-1.782857990825350791e+00
-1.560583842111270547e+00
-1.029820243290555437e+00
-4.987890199186920670e-01
-3.462495863178241540e-01
-5.375930849069049389e-01
-7.449901469742939986e-01
-8.734567407424429497e-01
-8.573624029727733298e-01
-4.604242205412027444e-01
-1.482758048442056331e-01
-3.299941302590338466e-01
-2.204245400007374400e-01
4.803039930066327345e-01
8.625124405044684028e-01
4.062574733901016533e-01
-4.005003352006174522e-01
-1.064150301298239842e+00
-1.543064879971748349e+00
-1.537694549690847179e+00
-4.412070736370722335e-01
1.181445567707486877e+00
1.643188217462911327e+00
6.800832619727092965e-01
-2.774162140754292682e-01
-3.697253288997034426e-01
1.637741842778443757e-01
5.090745953330121365e-01
7.595331253746196234e-03
-7.484248090899050521e-01
-9.628213942601904218e-01
-7.716944209897013129e-01
-3.389772897415245234e-01
4.182063893287087941e-01
1.235670310062241706e+00
1.509745892135441636e+00
1.008020807123502838e+00
2.771884704418459688e-01
-5.322494634672867431e-01
-1.682173590851739453e+00
-2.248938423817485877e+00
-1.346946336733206628e+00
4.351011110409458427e-02
4.897232281665555576e-01
1.393651799889878695e-01
2.198167049470746079e-02
5.197129939934873599e-01
1.052392403520908459e+00
9.295688642896946519e-01
3.547925358296925014e-01
-2.119386886207829668e-01
-5.820839929592995787e-01
-5.514395118178959665e-01
-3.201001897708073973e-01
-2.349948827880314339e-01
-2.334120543490076916e-01
-2.235729297073860145e-01
-2.025947417270063389e-01
-5.694184514979154510e-02
1.003393548957510206e-01
2.242561285054036069e-01
4.943007554107612389e-01
8.011073311320966450e-01
1.114213298065053426e+00
1.720857082448185693e+00
2.382423896900829785e+00
2.213943204969342826e+00
1.188487387139848250e+00
4.807602856079029596e-01
2.628206267407549590e-01
-2.143853183585765765e-01
-6.435775622321977529e-01
-5.837903345131686406e-01
-5.397194732954156970e-01
-7.429652556193950819e-01
-9.023558080972813311e-01
-9.651753810142702505e-01
-7.039993563401976129e-01
2.337624861999635650e-01
1.319551067591744564e+00
1.463099902271738140e+00
7.768985317217250719e-01
9.065469960095952351e-02
-4.634024922723692930e-01
-1.134073937788769415e+00
-2.004242625665488386e+00
-2.632479931353642666e+00
-2.216277509748458829e+00
-9.192530998447777657e-01
1.272787623139382818e-01
5.774845119422203910e-01
7.882456150485318558e-01
8.763014123164277747e-01
8.331286803623400017e-01
8.319241992577677269e-01
9.584295660354195112e-01
1.111026276995180639e+00
9.683525359425730894e-01
3.069947562070539648e-01
-3.736116847845378230e-01
-4.384279712910624238e-01
-9.809113653715570424e-02
-3.932854712165776423e-01
-9.127009697680706912e-01
-1.444873830849925822e+00
-1.591259220302538413e+00
-1.282720346657353350e+00
-1.032712857234656001e+00
-9.498328095396524340e-01
-7.147157215522023099e-01
-5.542957143867268677e-01
-8.520605962684854040e-01
-1.196464011115588644e+00
-9.668064532510125542e-01
-4.134241799092590597e-01
-4.349549197639453885e-02
4.781332446620482068e-01
1.564872602592960904e+00
2.326469039523400895e+00
1.784501000054953490e+00
6.364673240877654070e-01
-2.477059934642568129e-01
-1.255720819426578982e+00
-2.408505343283981137e+00
-2.738503262695882512e+00
-2.738503262695882512e+00
-2.010264908562374941e+00
-7.611441982981129728e-01
-1.115216956990401770e-01
-3.617402498363128660e-01
-5.854781381847303789e-01
-1.928591857372792887e-02
7.309469647596016362e-01
9.118015993925729923e-01
7.168103088019612823e-01
4.956446885643372990e-01
2.134325218985249351e-01
-1.356076590210851252e-01
-5.119760779905809800e-01
-7.172083695435527151e-01
-5.781409525046217190e-01
-4.911483473565019797e-01
-5.258621322238695717e-01
-2.529770196183211972e-01
2.766839744550859681e-01
6.510601202273055277e-01
6.902549428319799674e-01
4.949538780905446411e-01
2.547652582317710412e-01
5.889372816191837390e-02
-5.000894006569366057e-02
1.971767668041658483e-01
9.067746477709817121e-01
1.548605382257200791e+00
1.411088756209500028e+00
6.956091877867051076e-01
2.639948862621775416e-01
2.543907109076235518e-01
5.028168324178092785e-01
1.051249057933763664e+00
1.418908978500030171e+00
1.135027952135495344e+00
4.988275884202026389e-01
6.830756440483463920e-02
1.327628559227220055e-02
6.187162982154973540e-02
1.095886214130885467e-01
1.380975339743582830e-01
-4.114902504716057285e-02
-3.916058001031231250e-01
-7.577988354481591804e-01
-1.061520159880118275e+00
-1.082799298256675424e+00
-7.486922281122271317e-01
-4.785501831764228942e-01
-4.386877031480015399e-01
-2.470400163488216672e-01
1.209928273686071282e-01
3.839102605040500271e-01
3.160745840958274488e-01
-2.520986070800478873e-01
-8.446651748208978683e-01
-5.147302728006593053e-01
7.333038471255828306e-01
1.649420314104331764e+00
1.556654567238576758e+00
1.124927912231295624e+00
8.144688502715119460e-01
3.750609859728497031e-01
1.054787872701539314e-01
5.529805288373081940e-01
1.105364319360411240e+00
8.324908192629701942e-01
-9.440138169731374096e-02
-8.174139763128969172e-01
-9.904111326019023887e-01
-1.064333789719853485e+00
-1.208661992959115583e+00
-1.075891356368722240e+00
-5.755268207434444117e-01
1.454194499948370869e-02
6.159688305628381322e-01
1.345161250262679298e+00
1.831831208559211444e+00
1.509730253560525037e+00
6.890569187255850547e-01
1.298430519232741942e-01
-7.624444740157100553e-02
-3.234905166431620294e-01
-7.686275448092418916e-01
-9.712933985451274177e-01
-4.101400468591835935e-01
5.579566338257128111e-01
1.194344436564449774e+00
1.440274268932013157e+00
1.711083615253491841e+00
1.937639927883437529e+00
1.633931998187118761e+00
7.501735696571150136e-01
-4.240546723196932377e-01
-1.410993490354424340e+00
-1.574992088627563014e+00
-1.028018434936586623e+00
-4.689182410301163673e-01
-9.335603528560758313e-02
2.083989794495353376e-01
4.933771478271700150e-01
6.089015990520111332e-01
3.086194862135087646e-01
-1.550041479592859095e-01
-2.504143991293812377e-01
5.799529009445292260e-02
3.040089715868145026e-01
3.182575628097312204e-01
1.593627743096606708e-01
-2.375614853984391872e-01
-6.552457143694999653e-01
-7.394840167470070336e-01
-3.840055144015900868e-01
2.798600905157938579e-01
5.231712663084957526e-01
-1.435887249146209077e-01
-1.245695795962480146e+00
-2.178267014345790287e+00
-2.579467198443055054e+00
-2.265163457672613845e+00
-1.518033623040394353e+00
-6.811244354005833168e-01
2.823439736000294964e-01
1.001691633201568843e+00
8.828822688946698083e-01
2.680436589118674329e-01
-1.254902980290937414e-02
1.144360642562231578e-01
3.278785850373783783e-01
6.581954714284250496e-01
8.996773342347827995e-01
3.228061766486797213e-01
-9.701150578773816147e-01
-1.485476635652387856e+00
-6.926882407982166701e-01
4.208059023014295019e-01
1.221823739431028066e+00
1.431374342267846433e+00
9.358602667378340678e-01
3.754875572054275912e-01
2.236876833870974357e-01
3.757163850609086808e-02
-3.071240571248192719e-01
-2.345937329097326496e-01
1.590214931626546535e-01
2.008465617927061575e-01
-1.807701695857476809e-01
-4.491489599391735310e-01
-5.309638388850446145e-02
9.986528690504631323e-01
2.050181511383821320e+00
2.518019454212597985e+00
2.268010880479202296e+00
1.363055349260761551e+00
5.079026878596329952e-01
9.292943830156786822e-01
2.369020290058650335e+00
2.733897860769939125e+00
1.417014378177914979e+00
4.712982284919441101e-02
-5.335427168177084845e-01
-8.342415403432085208e-01
-1.205711303370026188e+00
-1.332830619189221411e+00
-8.253343441475993192e-01
-3.548948520346977276e-01
-6.443783140697889600e-01
-9.742901268236900947e-01
-7.853149549254671014e-01
-6.229159084633683063e-01
-7.702016990472692060e-01
-9.326789896196955310e-01
-9.204347423214646051e-01
-6.078239645994838458e-01
-1.040842344234965133e-01
1.308166422915251759e-01
-5.951495971607609903e-01
-9.941503322651746855e-01
-9.781058297891531694e-01
-5.918194018844363802e-01
-5.017081312698866702e-01
-7.899641356457103303e-01
-1.044504060711603399e+00
-1.132787504659113598e+00
-1.108974118550674737e+00
-9.467760331982232325e-01
-3.938118822904722593e-01
6.489064558805500704e-01
1.682741991989330277e+00
1.976512765529710336e+00
1.565398971800057826e+00
1.104992838625243445e+00
7.691073227341921337e-01
5.829777358357505213e-01
7.417729951141386335e-01
1.165642634032455494e+00
1.344213957830480588e+00
7.087194850215242647e-01
-2.480110163526262346e-01
-5.241972655508959633e-01
-9.364595300504775788e-02
2.967675720681877682e-01
3.204372586547182822e-01
4.849586678928680672e-01
8.303494642291543437e-01
6.770084478367662806e-01
-9.273496070365834509e-02
-8.621027954365796386e-01
-7.959936064807822120e-01
1.141498772174175252e-01
6.733780115226996044e-01
2.750199643538756566e-01
-3.390466591980183519e-01
-7.053545011319088953e-01
-1.212651614978324410e+00
-1.946518281425245744e+00
-2.323330727059785605e+00
-2.061567791254967918e+00
-1.628985788985864547e+00
-1.264485471031158159e+00
-5.632892792892475464e-01
1.516839086089210586e-01
2.369231747379612896e-01
1.516130025081977584e-01
2.736859422669273845e-01
3.261272941446068940e-01
2.705171366295196500e-01
1.885262326433570224e-01
4.678834303706251585e-02
-7.770114288019827620e-02
-8.793694704017077091e-02
-7.509778721001587887e-02
-3.065363713334216533e-01
-5.844204653017788242e-01
-4.552098226451767871e-01
-2.212745846685682249e-01
-5.483697472561263053e-01
-1.217265999781484975e+00
-1.518487309346591152e+00
-1.298069490642292489e+00
-6.515273457666630463e-01
2.143474410917970141e-01
5.136448628171044195e-01
-1.745816435045063897e-01
-1.029036249601451347e+00
-1.249141253733931034e+00
-8.730987924242031850e-01
-4.775060242330027988e-02
7.310611426339531649e-01
5.676279423588392881e-01
-4.232622270029139377e-01
-9.369195574245816616e-01
-3.820351283825537680e-01
6.160735838255990693e-01
1.378057371628244931e+00
1.681431998283775542e+00
1.733344856592260896e+00
1.774284722468935760e+00
1.594482365981012117e+00
9.091959293757336802e-01
4.538425436805644531e-02
-5.201971349528171640e-01
-6.726492786704871829e-01
-4.172779443077976325e-01
4.872546846845129398e-01
1.951271265808893540e+00
2.651224853999221587e+00
1.449539436223256983e+00
-7.955800655880524985e-01
-2.326584142096612684e+00
-2.563353746358900231e+00
-2.186265771508290712e+00
-1.747467531450026312e+00
-1.082480800257187514e+00
-2.002377627230130519e-01
3.299023326271569578e-01
1.830966725742780576e-01
-4.547329498923755042e-01
-1.090486990087842889e+00
-1.209262797098160425e+00
-7.947093964183835624e-01
-4.366550176155234997e-01
-6.544020387580503639e-01
-1.226058864175668672e+00
-1.496332007624166627e+00
-1.291370038726192826e+00
-9.897909731811197487e-01
-7.355252628003279280e-01
-5.568100608281025821e-01
-6.508492880148579740e-01
-6.152014119216933086e-01
1.351419582462354101e-02
4.936465398281235650e-01
1.508431503730046919e-01
-6.064280398524460880e-01
-1.330270394375496323e+00
-1.642944101113145816e+00
-1.346864414345748440e+00
-8.005730432656036344e-01
-1.615134375261150501e-01
6.664113904183015524e-01
1.258077392952027918e+00
1.175781906850607461e+00
5.580493953529023221e-01
5.641257140046103402e-02
1.141745990916256809e-01
1.441590457638971257e-01
-3.514604226647656260e-01
-1.110610466953825037e+00
-1.789422027130542325e+00
-2.077022460867076425e+00
-2.023060898632200733e+00
-1.762409586560907515e+00
-1.034270892496333083e+00
6.645532204610800353e-02
1.161638268374035166e+00
1.953858349913280668e+00
2.062116658434147709e+00
1.459094866420574510e+00
8.759831631939107854e-01
1.039505530694670554e+00
1.560620104530641150e+00
1.449333069207784375e+00
5.708823503695009682e-01
-1.623048196364640372e-01
-1.355931233477485898e-01
2.222194408192395554e-01
3.599369660902561052e-01
4.980981804483176067e-01
9.006661107257118992e-01
1.111817493443886473e+00
7.756752638753442453e-01
1.696317287182702305e-01
-2.547743977264718129e-01
-1.392263302542359471e-01
5.560444694541850641e-01
1.385301106990830755e+00
1.446567585676510781e+00
4.737756416891820144e-01
-4.461467429222366055e-01
-4.910792916194235413e-01
9.916959258458030516e-03
6.257466701971629019e-01
9.487382172787619528e-01
5.678657394375232759e-01
1.344874760922183665e-01
3.598984151483343163e-01
9.021055084051793349e-01
1.259352226764369975e+00
1.224776584369867471e+00
8.063769394729026763e-01
1.698091714644624495e-01
-3.257236787486619267e-01
-6.076123899841159304e-01
-8.116041804799507542e-01
-5.884297029047620420e-01
5.318856179434568870e-02
3.950126396406088980e-01
1.597830562676222366e-01
-1.802989288484421471e-01
-3.494909891705696992e-02
6.452532774601416055e-01
1.275471154780837280e+00
1.352476388879338742e+00
9.681496736554957572e-01
4.690522862999035869e-01
9.708886393188090325e-02
5.286424811432990922e-02
7.210110147809010162e-01
1.685295113571400050e+00
1.557258657748125552e+00
5.948913894409409986e-01
3.851385221519904034e-01
8.578167201303971146e-01
9.362948235027018784e-01
4.607040248081898937e-01
-6.141561293636828012e-01
-6.332753532118982065e-01
-8.599516815224622635e-02
4.142891074055899958e-01
5.305009176684882810e-01
2.219716573030040829e-01
-1.196319705731054839e-01
-6.415183365137526461e-02
-2.068906362716344937e-03
-4.164426685351814705e-01
-1.164864606745870113e+00
-1.713827166729662066e+00
-1.621329956178901632e+00
-9.309098388840687521e-01
-4.565479118324249769e-02
5.680720768858938952e-01
3.906473680476398314e-01
-7.461143321561787278e-01
-1.864435087233127009e+00
-1.908827659683972389e+00
-1.119191244703524157e+00
-1.386195312353008247e-01
7.157119805968672477e-01
9.400012038803273740e-01
5.037987641337775546e-01
3.399802161022538183e-01
1.060552594943468652e+00
1.816722155856713705e+00
1.501025556241331271e+00
2.644915409693006092e-01
-9.245225100741287783e-01
-1.403075267111241864e+00
-1.262466556700768683e+00
-8.553296694854564119e-01
-5.822669057148112115e-01
-4.289341420505173863e-01
-8.882582382742551519e-02
1.790512276762444566e-01
3.479422778337621924e-01
7.952488352643911629e-01
1.149539829071329899e+00
8.811374176509365608e-01
4.223752024385744042e-01
3.523675676101643561e-01
5.650718267936253314e-01
7.920653101333883228e-01
7.926402399705660962e-01
5.608018917994624930e-01
6.861671765949571844e-01
1.121360668911910219e+00
1.066960836985640260e+00
6.321479259438943510e-01
2.613382126565855224e-01
2.882708009568477059e-02
2.441576419574171819e-01
7.662873470352421501e-01
8.453371149255531902e-01
2.793971716010579254e-01
-1.214298661070309232e-01
2.833383068012992889e-01
7.530250430429978881e-01
5.956347098214995750e-01
5.068996448318773274e-01
9.612394761327009984e-01
1.313808632353842265e+00
1.113100606216060884e+00
5.829108684559676234e-01
2.174266271677040563e-01
2.215484329624749782e-01
2.894673204566802771e-01
-7.441338706867623061e-03
-7.939811955120561482e-01
-1.523163124578841732e+00
-1.613813265602584757e+00
-1.399638864335444044e+00
-1.234336456036912111e+00
-7.848891257097815322e-01
-2.242503376742323029e-01
-2.226521591446671000e-01
-5.770775097293211475e-01
-4.227289781207363428e-01
2.800709659825899034e-01
8.292729841363978283e-01
1.054715990573976248e+00
1.518011934759854187e+00
2.222232114102900891e+00
2.217962829772575528e+00
1.399162534199788865e+00
9.001543181768414392e-01
1.562669664335492259e+00
2.598183612346634419e+00
2.502705104700209571e+00
1.176273022734215523e+00
-1.710093479014567763e-01
-4.241442164978125873e-01
4.611924143820260724e-01
1.457341980791291736e+00
1.793294536668128325e+00
1.550568443148596431e+00
1.070425142113799133e+00
6.245548748513969350e-01
1.522372428710339065e-01
-5.095492523775051463e-01
-8.638072873226859683e-01
-4.589643383163420909e-01
3.185850059119083588e-01
8.718020859939424883e-01
8.617803377886658067e-01
3.066361499941521185e-01
-3.582627144897465588e-01
-5.394372547034862464e-01
-4.043699613324562847e-01
-5.842629519455567744e-01
-7.371685217389813971e-01
-3.048713820254738693e-01
3.112744995990187613e-01
3.940083319419618868e-01
-2.351022540155573992e-01
-8.628744409467759002e-01
-8.274602986034379493e-01
-3.051679441839137974e-01
3.407683738143533758e-01
7.114580949428859213e-01
5.137927454433575125e-01
1.031258199707370538e-01
3.930270896698698918e-02
2.999091552369689828e-01
3.543637345362603552e-01
-1.434226926548209657e-01
-8.439913106869374460e-01
-1.254818409280203717e+00
-1.181653601766060380e+00
-6.194735206920307657e-01
2.381096950205457974e-01
1.195849999059315882e+00
1.613115239770838372e+00
1.062483489499865152e+00
3.962582508992236741e-01
1.728319094246344167e-01
3.999841685707508643e-03
-7.603265762593983124e-02
2.047064134755413878e-01
6.014328950927971817e-01
7.629635188388947942e-01
3.780206133782577638e-01
-3.476821309910771429e-01
-6.561637124766752649e-01
-7.498031344903145490e-01
-1.250837072210078116e+00
-1.578496939898462736e+00
-1.232395292641799367e+00
-6.310971540868656193e-01
1.013480980494894934e-01
9.517914432405528702e-01
1.455949241279286932e+00
1.199111550929707448e+00
7.316027942751769653e-02
-1.308971458743693583e+00
-1.928623785694815851e+00
-1.637533921660856873e+00
-1.368790989387518975e+00
-1.635019964487089084e+00
-1.633723906720143892e+00
-8.505289710519561286e-01
1.285052496882388151e-01
7.782014357755369094e-01
8.420543375955125143e-01
3.216696142524040902e-01
-3.337162789619125269e-01
-6.660757824055963949e-01
-7.449825998433018404e-01
-7.609692405757813027e-01
-6.675969569361739353e-01
-6.100283421394269157e-01
-5.852693678900849905e-01
-2.029682425263073242e-01
7.738458468910894839e-01
1.864411274476244218e+00
2.283952504583221188e+00
1.792556949596485039e+00
9.163386543431738529e-01
2.497045709362619437e-01
-2.385024283734799022e-01
-5.959972033913857326e-01
-3.749193441415448191e-01
3.333935583658569901e-01
4.623879083243083721e-01
-2.815351044154557059e-01
-1.197781074849532557e+00
-1.869409307632216244e+00
-2.116450734733748007e+00
-1.750471106582438319e+00
-9.494724864302815925e-01
-4.771072659731038224e-01
-8.419353212438096534e-01
-1.654321580064714858e+00
-2.353364214095563511e+00
-2.527315752966766915e+00
-1.944701785514240999e+00
-9.116550937753237216e-01
5.230022655269817022e-01
2.767156235446516233e-01
-3.055587475755919269e-01
-2.836237459202505806e-01
-4.229472495509883218e-02
-4.058520021616762175e-01
-8.957926674326893712e-01
-8.705069858774334701e-01
-5.775233763144764776e-01
-1.710537688155262803e-01
1.793260224988132701e-01
-6.150064585229435971e-02
-5.920347086135399062e-01
-7.751619558287606848e-01
-6.172701475965846063e-01
-2.854384127414800187e-01
9.301317349735800655e-02
3.931322145090143105e-01
3.122919035776184349e-01
-1.599078487753314570e-01
-5.072619238360024374e-01
-4.804346623977898134e-01
-2.561295619901793885e-01
-9.344332555167153553e-02
-3.063142115156239353e-01
-7.727123931628013809e-01
-9.152096987008724316e-01
-6.385537206230396112e-01
-6.684230556316782534e-01
-1.240661280259154564e+00
-1.583846875924692865e+00
-1.299954549801069392e+00
-6.595821357507346550e-01
-6.288867578678852821e-02
2.474440002665946881e-01
4.639861774230749081e-01
8.148245129207123405e-01
1.286316795704592897e+00
1.535693458134808287e+00
1.076315383632191702e+00
1.765480523917246436e-04
-1.004576059584727510e+00
-1.251430776127392175e+00
-5.145410678097235291e-01
7.522691019724550010e-01
1.645509537097218145e+00
1.634007810890406809e+00
9.204655195227469111e-01
7.741750364735995593e-02
-2.692129341056672120e-01
5.196718377379505593e-02
4.438352363860189609e-01
2.950059398253965792e-01
-1.531697175918310949e-01
-4.636792439993870918e-01
-3.949201205039979401e-01
2.590258230228638103e-01
9.307219281102004915e-01
9.675623434464030170e-01
6.514657811164124013e-01
4.668933736269469947e-01
7.433096628440661879e-01
1.337067123194425999e+00
1.464669563295833310e+00
8.936286331682032902e-01
3.289980274697748563e-01
7.546640131102792803e-02
-4.824086781937568236e-01
-1.418486756705130247e+00
-2.083411460754426514e+00
-2.397314559317922811e+00
-2.242647471202437792e+00
-1.304125991873592794e+00
5.935903788726862307e-02
1.319856903478510812e+00
2.127177981497713422e+00
1.995827431798541163e+00
8.674235329305970410e-01
-2.323845750922315656e-01
-6.079324251216223773e-01
-6.833521287638139041e-01
-4.620393036693739575e-01
1.225457514963687461e-01
4.852901524332784433e-01
6.387329880048125963e-01
8.547500191659106461e-01
9.496336221778034492e-01
9.881539964212776583e-01
1.033843838454217678e+00
7.839809504809582830e-01
1.216443347446697909e-01
-5.798473160610575494e-01
-1.041487500132728838e+00
-1.399414436962469255e+00
-1.708987654441250781e+00
-1.847247844160795571e+00
-1.849982816257505380e+00
-1.743582676326157488e+00
-1.222480023624695544e+00
-1.861457839488452892e-01
6.064190542766847436e-01
3.847499976711376002e-01
-5.083291215651118966e-01
-1.202779562217624054e+00
-1.213647025394046119e+00
-7.487796264245378808e-01
-2.412799688971544176e-01
2.010558082344935382e-01
6.481674305343996245e-01
8.867775174262224613e-01
5.981816496535415917e-01
7.295946642891076861e-02
-1.149423205656985719e-01
3.466910314268214360e-02
-6.733066657809831657e-02
-5.614683665649268240e-01
-7.351833053223869596e-01
-1.218282758954123274e-01
8.908949020844386668e-01
1.489235517339991155e+00
1.323965721109839455e+00
9.529172546261742704e-01
6.986130291456104091e-01
2.381900947580490036e-01
-5.430757569386146510e-01
-1.244066986976336331e+00
-1.545904451319569661e+00
-1.688949849508111889e+00
-1.643180848860906096e+00
-8.696885460540848545e-01
1.081859309185129181e-01
-8.085044698584407659e-05
-5.934806345746730383e-01
-4.760342731616276635e-02
1.357600914397236735e+00
2.007676050532632761e+00
1.294525351617336284e+00
1.026562174858469678e-01
-7.366622311932294886e-01
-1.150990411377764921e+00
-1.340412718943950976e+00
-1.196188699210724904e+00
-5.382460702331350877e-01
1.677202950679430593e-01
5.663416821681458435e-01
5.973553794839160380e-01
5.508782752772443253e-02
-6.915129949329759107e-01
-7.817284869024514471e-01
-1.737114587660440190e-01
4.201235058013302881e-01
5.838589517628417491e-01
5.008404047374276358e-01
5.970787339341517841e-01
7.614178668782329851e-01
7.016277023107945210e-01
6.558315631451411276e-01
8.448928675209012029e-01
1.203238840158098455e+00
1.558159979973822162e+00
1.609670512992675606e+00
1.110606662122317623e+00
1.908137426501286815e-01
-5.232275524257459232e-01
-5.506533481193685020e-01
-1.351299726553557012e-01
4.849992631915964192e-01
1.172434405657317047e+00
1.586429600243660865e+00
1.834066807676958399e+00
2.134271656935690764e+00
2.337104743125480777e+00
2.314688781712051835e+00
2.059836035391664488e+00
1.658446828505635295e+00
1.382698944482616543e+00
1.379596740840169034e+00
1.497057752066512704e+00
1.411881730564917836e+00
7.037514476212286541e-01
-3.415673547648045427e-01
-8.056995196470494447e-01
-7.701309755554588410e-01
-9.336449341825687753e-01
-1.240368939445751773e+00
-1.283631616669123288e+00
-9.447748707004340885e-01
-7.564820712747866160e-01
-1.059819424337816063e+00
-1.423546699660596992e+00
-1.478933536898976664e+00
-1.104061134745462081e+00
-5.425555883502779508e-01
-4.035857243839703346e-01
-8.685724376387382595e-01
-1.444862665783772204e+00
-1.459468495983301972e+00
-6.463608488585715905e-01
2.466345306959891737e-01
3.761235944749091731e-01
-9.023453977634628975e-01
-1.506120587794379739e+00
-1.422151255845903295e+00
-5.583266184317715597e-01
4.819456012852751936e-01
6.136660366893751384e-01
-3.018595992649241166e-01
-1.203327262732265979e+00
-1.555458666560896708e+00
-1.431360648618323683e+00
-8.289921174597281173e-01
-8.960798183685456109e-02
2.250461907227963299e-01
9.979918598338050062e-02
1.621146303781832720e-01
7.923147298735349064e-01
1.758203332635051019e+00
2.455547271655824204e+00
2.294131403815192982e+00
1.463228165565829020e+00
5.407294079042276325e-01
-2.966823113423818770e-01
-1.031828263950877345e+00
-1.351932804770875407e+00
-1.053137226526548842e+00
-5.384743480316629416e-01
-2.985890508582007552e-01
-1.943858573085791019e-01
1.679592287213191870e-01
8.294700413446173259e-01
1.568924797142301708e+00
1.905295238174576244e+00
1.449740357405259195e+00
5.612247466599274981e-01
-1.208675641886494817e-01
-4.198637716782115392e-01
-6.402406933937866418e-01
-1.064772689281291207e+00
-1.462054099171809618e+00
-1.646427324342782050e+00
-1.698695131314194695e+00
-1.381544779803685064e+00
-5.332027940789160203e-01
3.432319277292710247e-01
7.051155717207729934e-01
5.735731085119859518e-01
1.706645211726082467e-01
-2.471208016006012642e-01
-3.796703252175150367e-01
-2.506097161385158478e-01
-2.872797938774542814e-01
-6.035025264304273440e-01
-6.078288101181172909e-01
1.721359591278914525e-01
1.281643468974165367e+00
1.560976064493224902e+00
6.693240198815857411e-01
-2.277462419069756216e-01
-2.033931276799929577e-01
1.666432746260512743e-01
5.808342863106791265e-02
-3.207227388116905553e-01
-5.197863982384643977e-01
-5.792723010375891990e-01
-5.495947448577876981e-01
-5.398888949477472776e-01
-8.051409114161049985e-01
-1.460553401765286141e+00
-2.335006940616935811e+00
-2.722531504715997919e+00
-2.482556330898541663e+00
-1.573623311618173926e+00
-6.528534969591708315e-01
-1.844039472729916695e-01
-2.775577782281954398e-01
-5.099895598531419827e-01
-5.176765419947803037e-01
-2.274612272561162551e-01
2.007230445400014773e-01
2.579891706227686599e-01
-7.891899904489804718e-02
-5.226312310530539101e-02
4.796952644720263725e-01
8.062165529797529206e-01
5.360666698554923393e-01
1.658231440817733715e-01
1.171358689920168339e-01
-4.320863759216566485e-02
-5.043593500161888121e-01
-8.154880701949184241e-01
-9.434841140786544011e-01
-8.892264901560633650e-01
-4.452019868687405180e-01
1.999529185472807141e-02
2.602489662438464690e-01
4.395424001250471946e-01
3.367799248702220694e-01
1.971254413606678482e-02
1.037824810384886248e-01
3.387029591110919946e-01
7.904324445258970044e-02
-2.568139371845871710e-01
8.881845343510001711e-02
8.983892466440602798e-01
1.601477808784198986e+00
2.093269654027864135e+00
2.271303068401839820e+00
2.226078549791731920e+00
2.255420226816617024e+00
2.111183840994464767e+00
1.290706982191149210e+00
8.438709322333341756e-02
-3.776836994548792292e-01
3.872397577064818353e-01
1.176924582259559093e+00
8.429656981730843102e-01
-3.543472980077665146e-02
-3.709529574811312180e-01
-7.469336045201067920e-02
1.270604090207597403e-01
-8.979240631550093610e-02
-1.517344446188582663e-01
3.371667776192096566e-01
9.307282491836865734e-01
1.232170472591059607e+00
1.240025931749943133e+00
8.812077905607534900e-01
3.862319015953640799e-01
4.007924460376213194e-01
9.147085679798304669e-01
1.168759277540947217e+00
6.498450767743307877e-01
-2.944291160969019217e-01
-6.977478379859944901e-01
-3.248654548947715881e-01
1.915702582044290780e-01
5.799646600022476672e-01
9.547303169953066382e-01
1.177684478334554141e+00
9.331389447384371705e-01
2.241850492011406015e-01
-3.201905858416694839e-01
-1.712411036392492980e-01
1.561622859146783449e-01
5.525274846518479777e-02
-3.042631555920538022e-01
-6.836480992966190717e-01
-8.920205283562293586e-01
-7.311614606093241875e-01
-5.147994444712702400e-01
-5.189764196442919753e-01
-6.654314476411246071e-01
-1.004535040693750991e+00
-1.270636053490012074e+00
-1.003816495282579657e+00
-3.221467624935713814e-01
3.169652562535707485e-01
6.197656133418824043e-01
5.673628696696247919e-01
2.710224302587332934e-01
-2.212644725295410952e-01
-9.875551015999570748e-01
-1.797241143266140817e+00
-1.759934047495550269e+00
-5.706159558004062493e-01
9.037187974941676138e-01
2.027251781471308245e+00
2.592415682711154634e+00
2.179800172347553744e+00
9.397341941862187298e-01
4.906449319409381116e-02
4.657105327962554053e-01
1.461695498192993048e+00
1.650732819366656834e+00
1.081186286859859624e+00
6.173197909284753315e-01
5.657917231221377685e-01
5.950985092040605995e-01
4.241416612806774289e-01
3.771107685650484931e-01
5.440649387261242698e-01
4.551038819648949296e-01
-1.179638468778363564e-01
-7.210532703473130356e-01
-9.280409840911135744e-01
-8.036008853884665237e-01
-6.736886354770337260e-01
-6.485688897687559296e-01
-4.165090112689600610e-01
1.566418520979526718e-01
7.996660040246440504e-01
8.060840946888706560e-01
-2.025565266035754264e-01
-1.491265082088740979e+00
-2.046768999778989517e+00
-1.891397656895887458e+00
-1.804379584308478890e+00
-1.707907617025675506e+00
-1.046786144774605631e+00
-2.849061083167412911e-01
3.078496824871213011e-01
7.529956611021962898e-01
1.391001403737915476e+00
1.716177393249082250e+00
1.320628445932432671e+00
2.326363714217700995e-01
-7.009498976783830049e-01
-4.047418141791068735e-01
7.067523973442914054e-01
1.055310054086903815e+00
4.132992563273003850e-02
-1.324461844953989331e+00
-2.006268841395135727e+00
-1.913890436237117187e+00
-1.327702446897267130e+00
-7.544839114563264282e-01
-5.993375589177849516e-01
-5.921433719234288073e-01
-3.596989850401903221e-01
-6.262719358175709850e-02
3.050364253115493973e-01
1.060326999789244384e+00
1.625108632064731440e+00
1.112846711842940373e+00
5.314777667878217704e-02
-6.995495935693879508e-01
-1.050360819102990728e+00
-7.431975887909789691e-01
3.035453576554680843e-01
1.127927503361729977e+00
8.879106190046106573e-01
-1.451324756985171958e-03
-3.541885251678045243e-01
4.835122769708934398e-01
1.865118366310001718e+00
2.734495400821550071e+00
2.734495400821550071e+00
2.453049049862252140e+00
1.202372140905949793e+00
-1.064879458626271647e-01
-5.817801991192735889e-01
-3.511719411680025438e-01
-1.759524479841873545e-01
-5.131976556035275361e-02
2.651689135159170929e-01
3.375962360259984196e-01
-1.763891206530795175e-01
-8.943199907979629826e-01
-1.517513538465131040e+00
-1.874057252623028136e+00
-1.657864562310106482e+00
-8.965440880273126689e-01
-1.117150915910255504e-01
1.864457695646519753e-01
1.631126018560497826e-01
-1.137877224330127307e-01
-6.859375314308217009e-01
-1.031725222465833092e+00
-8.357134902140815891e-01
-4.794630691669115596e-01
-3.994251987831234363e-01
-5.133852971123836761e-01
-4.663671280327389979e-01
-3.136588297929666092e-01
-4.575785932513280474e-01
-9.607108767317448228e-01
-1.420414056221192878e+00
-1.473631819349218830e+00
-1.148958342739813787e+00
-8.858203975555866139e-01
-1.151389422961168085e+00
-2.031634478464756199e+00
-2.595275870797732587e+00
-1.870480913522011068e+00
-7.429869325000953983e-01
-3.445065445631159129e-01
-2.404958726034011618e-01
-3.047503479373072071e-03
-8.043401597977610507e-03
-3.934986244282286383e-01
-7.490036980946159773e-01
-8.163143037643545430e-01
-7.181893539541892579e-01
-3.177723533772033315e-01
2.275007056331273814e-01
2.400955554797807312e-01
-9.665460570238726401e-02
-3.342364108558635305e-01
-6.970329738833128674e-01
-1.011717139406194566e+00
-7.303888444214381437e-01
1.226028243766667664e-01
1.155952729516154465e+00
1.961736650529898540e+00
2.095466699310648551e+00
1.474163119471643135e+00
5.424740008056327945e-01
-2.222051176381895088e-02
1.309293202393810862e-01
6.606503297976866751e-01
9.703211085561497251e-01
9.376986330325909336e-01
8.653822657971207422e-01
9.215400796288201191e-01
1.081088712871842272e+00
9.402300237666740834e-01
2.805592616105636039e-01
-7.625461987499852767e-02
4.070893029735720425e-01
6.094535402765184351e-01
-1.729407802838254238e-01
-7.801950498688687841e-01
-5.383252400103643032e-01
-2.785857718731094002e-01
-6.083482267623968598e-01
-1.128141311946385006e+00
-1.031638124003968482e+00
-6.697318201022584017e-02
1.064250714253299757e+00
1.743620990760952338e+00
1.925016258349678600e+00
1.694958095845143120e+00
1.313354998872011681e+00
1.236053555932416170e+00
1.193483020946523698e+00
4.462308924958476308e-01
-6.294704293505551940e-01
-1.305703305099092937e+00
-1.524312383754234057e+00
-1.094539404155879581e+00
1.298569117547136442e-01
1.469985659055692118e+00
2.218471111683440355e+00
2.217307101217656840e+00
1.494312803121834010e+00
4.602964550694655932e-01
-2.165755124952825350e-01
-6.509804419445329726e-01
-1.168991357374101536e+00
-1.354124682822416270e+00
-6.664950919527438122e-01
5.546156441061889097e-01
1.155156123107183630e+00
7.066920691087589246e-01
-2.796651230513000005e-02
-2.068109407875210748e-01
-4.880395357255345318e-02
-4.104828185877604230e-01
-1.096460648207298938e+00
-1.239026709550296035e+00
-8.911030536421649106e-01
-7.258876038941219910e-01
-6.394243000912573915e-01
3.895492876674129523e-02
8.945616719657274452e-01
9.848446075996837301e-01
6.388439290818370697e-01
6.368232950492245248e-01
8.156200113109994820e-01
7.132168981614647185e-01
3.323726961887289444e-01
3.261819646493561986e-02
2.458021064917102066e-02
2.378926281548960839e-02
-5.491980899276001360e-02
2.730989906094609121e-01
7.852718538074769938e-01
9.342261223397843040e-01
1.064239996903917573e+00
1.258655966093229717e+00
1.123217173293586946e+00
7.293960450189777012e-01
2.586713556828521554e-01
-3.225700057760143014e-01
-9.050389986728024638e-01
-1.136367569019255841e+00
-8.111820991014506710e-01
-2.126634126722112272e-01
2.369044150344535582e-01
3.923941364120254738e-01
3.512732497009067867e-01
5.309278884765402662e-01
1.092237818345988876e+00
1.380469146101650724e+00
9.939388754113427371e-01
4.370718219550918660e-01
8.320292244412791360e-02
-1.724833789204309464e-01
-4.171038544390087144e-01
-7.673573244327235310e-01
-1.142410262486172945e+00
-1.175737715619358692e+00
-6.709564381538999367e-01
-3.545747682199861667e-02
-2.158875142722315732e-01
-1.209946925863278455e+00
-1.860492483500804983e+00
-1.698688469494244346e+00
-1.055946536322075691e+00
-3.405091083844933308e-01
