1.868528233792130511e-01
8.576228200098122423e-02
-5.229945787159382409e-01
-1.319426744098481930e+00
-1.489406285300708843e+00
-1.194117100102440210e+00
-9.812999116552550971e-01
-9.102581248351251375e-01
-1.204436104825408638e+00
-1.612336792406619201e+00
-1.529344907987210345e+00
-1.239541634519193414e+00
-1.385026591265358098e+00
-1.612880546276685534e+00
-1.197366632540612708e+00
-3.600146069908123359e-01
1.529083211321902169e-01
-6.017005469087827879e-02
-6.675054283365283725e-01
-8.093269830059086622e-01
-5.170827178657366741e-01
-6.545231091570713478e-01
-1.020308100336563939e+00
-7.962572134953902481e-01
-1.469302902314585380e-01
1.825042151137434288e-01
1.875514820803161342e-01
2.375814407768064296e-01
3.880414821283997284e-01
6.832771175550707010e-01
1.041124639721001888e+00
1.341032461008378807e+00
1.561350259067820767e+00
1.754581480934704674e+00
2.009596052263951549e+00
1.924504506543743387e+00
1.008872340859779060e+00
-2.563912313200815141e-01
-8.628182676164015685e-01
-4.829053662639614108e-01
4.003976189860522505e-01
1.000589434697033875e+00
9.541813993994804344e-01
7.092287857110083360e-01
3.952026514964512294e-01
-4.253214383275325527e-01
-1.465091050598044342e+00
-1.896728574337968709e+00
-1.603525296023145641e+00
-1.135197999166385197e+00
-5.659346542607566199e-01
7.258376297703028612e-02
1.938979643307361389e-01
-1.856499536692237662e-01
-6.559184815809174784e-01
-1.127466001297746878e+00
-1.375017703373277111e+00
-9.822968610947825363e-01
-9.610739627483623482e-02
4.777277880304372504e-01
2.640374174833222121e-01
-2.888570506986657405e-01
-4.515478644811814490e-01
-9.280784131177341467e-02
3.459495472110780678e-01
5.185183380652421681e-01
5.750116867368544327e-01
9.216829377717865590e-01
1.482736509749897902e+00
1.286904682957844548e+00
-4.655350963173530976e-02
-1.385594690369498672e+00
-1.671814613797333982e+00
-1.250174910407698237e+00
-1.020868332969460335e+00
-1.197409588035532213e+00
-1.249905670793149293e+00
-8.428450435100479643e-01
-4.904415003793651806e-01
-3.483163528486669103e-01
1.729409261673187648e-01
1.006100569541939382e+00
1.349388908686328437e+00
9.682497099069391489e-01
3.866300047616091362e-01
3.766467163897742332e-02
1.828819802222303170e-01
8.020408127016231958e-01
1.456629740016603725e+00
1.706274950090655329e+00
1.459294504621658328e+00
8.806653002434868815e-01
-1.067994936493366354e-01
-8.882422056048057124e-01
-2.968715898015052423e-01
1.053918307224837925e+00
1.515967709799665331e+00
1.257254849209987091e+00
1.585820442398023333e+00
2.330382060398527688e+00
2.270902502120521138e+00
1.384678207418801543e+00
6.284476710779385300e-01
4.007976120675350584e-01
2.040335919591766967e-01
-4.678945910113073703e-01
-1.149405731909279416e+00
-1.297558326360017000e+00
-1.110588899058422285e+00
-8.470889165348109984e-01
-6.156246783254037958e-01
-6.998575360783509947e-01
-1.125024369357247256e+00
-1.327038502443259604e+00
-8.922913595653294561e-01
-1.670303520310462420e-01
3.514062031083542426e-01
5.218782902045306926e-01
3.949714771933426349e-01
2.597972123847334669e-01
2.488975934335894424e-01
4.126710728324187866e-02
-1.852071989164195687e-01
4.989355148182385291e-02
5.989117674477235642e-01
1.094508152442288829e+00
1.345910720616416700e+00
1.376917888322384709e+00
1.423087972507705912e+00
1.325140633756749509e+00
8.071921449193545373e-01
1.634360901479710304e-01
-4.298249285625656002e-01
-1.080255903472199464e+00
-1.651630401284303495e+00
-1.968795366858177909e+00
-1.762868531304740083e+00
-8.708757278324815720e-01
3.589502483186358117e-01
1.522049443916576150e+00
2.208491347843717367e+00
2.087974713943486105e+00
1.481147967034119883e+00
9.377497596928068280e-01
5.027419401815387268e-01
1.950227362027568551e-02
-4.128854239336093856e-01
-6.353191940852552788e-01
-4.093094305353753293e-01
3.982072533561312744e-01
9.598638850530752942e-01
7.394738934371982708e-01
5.236248316434184424e-01
3.310473059784286298e-01
-3.390613137065946470e-01
-8.821377093126782087e-01
-6.428047127688011342e-01
1.010263253548956686e-01
7.292833951884322152e-01
8.992984321543818771e-01
7.102501682674597916e-01
4.250012648780250868e-01
2.226596172139954088e-01
1.907421280450261325e-01
2.540274019889378621e-01
3.831698607404839252e-01
5.280897465793024104e-01
4.936991071003851705e-01
4.748561743768929810e-01
9.845882416669654580e-01
1.746222959906552852e+00
1.968688674155331997e+00
1.246070854128456862e+00
-3.189746018735075683e-01
-1.640826779805083291e+00
-1.677285079139986257e+00
-1.115494034463230255e+00
-1.041103516556182385e+00
-1.448003248595050030e+00
-1.757327592837691022e+00
-1.338459070684906882e+00
-5.579879777672331898e-01
-4.187202132178607372e-01
-7.800223924118628860e-01
-7.007223375375082330e-01
1.892899963166842503e-01
1.256716801735261013e+00
1.456156574726841679e+00
6.511744972140881549e-01
-2.511753553083234114e-01
-4.318934775478402988e-01
-2.565645604705071511e-02
2.436942052359735156e-01
2.188500090272283150e-01
2.196110192755697799e-01
1.392416599545768241e-01
-3.797033437064533112e-01
-1.005998167122658549e+00
-9.711723556626895570e-01
-3.847271492791127234e-01
7.133320012648456387e-01
1.262069985103348113e+00
1.072639566175827674e+00
7.954722264752918381e-02
-6.478137371712839876e-01
-2.441208733970582911e-01
9.536118722798253566e-02
-6.838085858645954751e-01
-1.664349456936393246e+00
-2.045036686110349944e+00
-1.712565501758131381e+00
-5.275034209550455433e-01
1.195970209429304321e+00
2.597760869832126396e+00
2.730182030057557885e+00
2.355189311422743792e+00
1.185017891138615997e+00
4.264747606649879619e-01
6.295713900720621981e-01
1.344286862238147418e+00
1.739900448771231734e+00
1.489671971455220900e+00
9.785094897506437794e-01
7.054287171592505956e-01
4.498443248079622703e-01
-1.518335449674661775e-01
-7.461302339509796600e-01
-7.855921746356421265e-01
-4.956606350596306498e-01
-5.948381042112078632e-01
-7.474940651201246178e-01
-1.767299276253683216e-01
5.427688053291309656e-01
5.439260654892001945e-01
1.976882274907673098e-01
2.818535022086952058e-01
7.659262434213160997e-01
1.231676169526510822e+00
1.420583887468158668e+00
1.241485022883489053e+00
7.526901677117063816e-01
8.493988440640797000e-02
-5.667479039977439959e-01
-8.697452149909363772e-01
-6.940520728704628883e-01
-2.873672706984002345e-01
1.112066722331595536e-01
2.706280851407653620e-01
1.201213404334195989e-01
1.536295437105098804e-01
5.838678658867221261e-01
6.673989652453578003e-01
-3.148958591338858054e-02
-7.272913188816986230e-01
-1.031917430885642029e+00
-1.228099320400054539e+00
-6.868864736434356910e-01
7.094542809445626430e-01
1.616353330134319144e+00
1.461965073371481516e+00
9.355580298558916486e-01
6.264112157772937506e-01
4.584228586927068805e-01
-9.672597548125622113e-02
-1.182312682505915813e+00
-1.973473422604950622e+00
-1.859420049684476606e+00
-1.166256120896452586e+00
-2.284955878647813854e-01
7.009491915243903915e-01
1.453348618270143389e+00
2.001578008797796571e+00
2.142380113702197608e+00
1.827459989257734563e+00
1.360768264263001903e+00
1.160017019270194405e+00
1.566728984027465410e+00
2.082001689832620350e+00
1.698223642059056182e+00
5.445133793744052486e-01
-4.239910852977559208e-01
-8.365164101355321291e-01
-8.105704621901174134e-01
-3.971924687993024228e-01
1.105814469013437634e-01
3.810474912197209241e-01
4.901049734162171156e-01
3.176062390590013718e-01
-3.521407353943343255e-01
-1.134219290956504311e+00
-1.474040606298182121e+00
-1.426364483361513669e+00
-1.397663636721247160e+00
-1.450493294853496984e+00
-1.344930495519230051e+00
-1.083781835871070909e+00
-8.034436673594445022e-01
-4.012388790319261767e-01
1.813398859497439841e-01
8.943106738097252872e-01
1.479086658630193174e+00
1.461353795089630925e+00
1.093487229802309502e+00
1.032124615631279108e+00
1.345663315471711918e+00
1.441424719643830787e+00
6.130205346964291424e-01
-6.960124862602542484e-01
-1.165707307575726936e+00
-7.398759596448656328e-01
-2.198767369755228740e-01
1.845324735492723522e-01
3.138205354845559070e-01
-8.844308143319792176e-03
-2.952061443463845913e-01
3.238176701715846095e-02
6.054892772202514761e-01
6.139605839826001166e-01
1.161688751607430209e-01
-8.638459277782294110e-02
-1.888155583992529724e-02
-3.856507580490462495e-01
-1.016717001836845435e+00
-1.308556608125427179e+00
-1.238349719455539732e+00
-1.012551688498143143e+00
-6.048520424701480103e-01
-1.723139849369916821e-01
-1.561342492989783171e-01
-6.071399385410718441e-01
-1.019170211238404455e+00
-9.274343323246502235e-01
-3.170065399609269252e-01
5.511169306493822750e-01
1.010335617182359647e+00
5.176432351178583691e-01
-3.695810141455915243e-01
-9.637098247297364306e-01
-1.253333712841907088e+00
-1.241605908532357638e+00
-8.437940978457346697e-01
-4.682219800412293909e-01
-8.250179580760236275e-01
-1.509981148323318534e+00
-1.426443945043217809e+00
-9.023935103179954176e-01
-7.461102311492676664e-01
-8.256228483026868403e-01
-7.260782789548515526e-01
-1.837096983777015621e-02
1.295651404008944185e+00
2.233220059059909168e+00
1.933802125826243223e+00
8.406219858840029424e-01
2.454560172212119640e-01
4.633613401701054957e-01
6.076694053763438408e-01
3.600157648601947646e-01
1.522737914773381884e-01
2.584050939256081758e-01
7.407186581142198856e-01
1.269190445367445852e+00
9.638334237947784322e-01
-1.114501470666871552e-01
-7.776006346647097445e-01
-5.379103929167344811e-01
-3.106623339473073980e-02
2.460301350879003923e-01
4.578086895121931121e-01
5.301220752008080073e-01
2.106545941371790187e-01
-2.859754016928808817e-01
-7.622012227751736591e-01
-1.216225573300106610e+00
-1.388467314875494685e+00
-1.150486877789450579e+00
-9.966440647490165672e-01
-1.280423165421324283e+00
-1.619918285430861804e+00
-1.588335639676863531e+00
-1.040406559602009118e+00
-2.101241187231445984e-01
2.950573671273594711e-01
2.579554755491867413e-01
1.015376813352917990e-01
-2.772785008463979906e-01
-1.023135409888647818e+00
-1.340851973615935666e+00
-9.245065643531997779e-01
-4.201550435345770551e-01
-1.344285639567886215e-01
2.638287173427316668e-01
7.915830796890225285e-01
8.340173601979725682e-01
2.350692412016437416e-01
-5.160287089709677533e-01
-9.798566161468760249e-01
-1.080867711566258604e+00
-1.013325184810748070e+00
-7.268209480291280000e-01
-8.611905687442489299e-02
-3.823339811731887861e-01
-5.804770708929202216e-01
4.098869165101511752e-02
1.292978166267679141e+00
1.854367656923106455e+00
1.015377674584640344e+00
-2.207701651995934433e-01
-5.732089681129652892e-01
1.200664959025718043e-01
1.150395178475081215e+00
1.864623844362330640e+00
2.106725523430900804e+00
1.769773382138729811e+00
1.145536534699329589e+00
8.350994948801119255e-01
8.349187356983035491e-01
1.011068404542246668e+00
1.353618290372043509e+00
1.447228616634268050e+00
9.964697385801614127e-01
2.993553407390978083e-01
-3.119139420553542763e-01
-7.174761775896909555e-01
-6.838450600597704154e-01
-2.076229140832926701e-01
5.979048007186153063e-02
-1.740151254226949551e-01
-4.706155522125465840e-01
-5.509028509350060165e-01
-4.516781493867317310e-01
-4.910197731357073270e-01
-6.377746354060473966e-01
-5.520018638991861515e-01
-4.446032790560025538e-01
-5.226577918977308723e-01
-4.584832059924134340e-01
1.038743142744784492e-01
1.046307623294910893e+00
1.734343715399192298e+00
1.514479927605949960e+00
5.408211790849943856e-01
-1.888785386102810882e-01
-1.372820894656420210e-01
2.104812109094797434e-01
3.789825226115495216e-01
5.606892715250361148e-01
6.231826878490820398e-01
2.710454888487484268e-02
-9.107101469298369834e-01
-1.518308473142875314e+00
-1.498666523626984493e+00
-9.852019947451764459e-01
-6.307559682413405033e-01
-8.195353216172006627e-01
-1.007291122335134403e+00
-7.410288884619053995e-01
-5.740827699627418790e-01
-9.171968383054679430e-01
-1.165401438278293123e+00
-8.332902894811116123e-01
-1.847284942778955885e-01
1.190435925645883380e-01
-1.625980129180673583e-01
-5.275798174000153606e-01
-6.843306985488334382e-01
-9.656931113265041500e-01
-1.609033276551942171e+00
-2.110766805409318714e+00
-1.811582367359284573e+00
-6.692939534174887628e-01
5.808703660662294377e-01
1.108524583248857720e+00
9.291516026157380370e-01
5.841859036630675517e-01
3.512898988545678503e-01
3.703363927161572589e-01
4.792715463683933086e-01
4.380980800829977206e-01
4.677844491618911582e-01
4.151059281746046215e-01
3.094059290466543571e-02
-1.935518720598043141e-01
-9.032973646288669500e-02
-4.028276309148660222e-02
-1.709430450801260049e-01
-3.131322582682327105e-01
-4.452952787885239294e-02
5.052057302791116422e-01
4.336722014979648154e-01
-6.316974854519201432e-02
-2.687379555511703808e-02
4.636834504039273885e-01
6.534719077804059806e-01
2.673556035808533626e-01
-1.812086641019670097e-01
-5.582286365795000593e-01
-9.497791813836740094e-01
-8.943159072625631589e-01
-5.940589084823650889e-01
-6.115158463922908405e-01
-3.604231709145226392e-01
3.291544904629278845e-01
3.196594524457405107e-01
-6.665105317213001479e-01
-1.750182642302247293e+00
-2.166691138214125179e+00
-1.855648938762575195e+00
-1.380951971212067253e+00
-1.051548184354890836e+00
-5.434156769149210975e-01
2.688527814696771157e-01
8.729866383534558016e-01
1.200710137571940894e+00
1.965663423543589472e+00
2.745005761888592577e+00
2.745005761888592577e+00
1.698804380283947424e+00
-3.958283676403571982e-02
-1.284611527596585701e+00
-1.946209890890250982e+00
-1.848337457246469695e+00
-8.302492486200628852e-01
3.732757220121771802e-01
7.134729245018109900e-01
2.698684319606940996e-01
-1.163261719788107190e-01
-4.081484831462641738e-01
-1.195096674707711637e+00
-2.062856580546064578e+00
-1.892346621962396558e+00
-7.493039299206216697e-01
3.616895932540377667e-01
9.751721196349297793e-01
1.123232771929067786e+00
9.715098073877411755e-01
8.299327430643209658e-01
9.774437584060189366e-01
1.328149950802096413e+00
1.316831411249592021e+00
7.338937599808760259e-01
1.713376287580010149e-01
4.549125114090809413e-02
2.207331332610785457e-01
6.053206561468775782e-01
9.236934362486505234e-01
8.295291372251577533e-01
5.439709893215778358e-01
4.209081170541429939e-01
5.201335044672638075e-01
5.062476077493711646e-01
-1.588461971848825205e-01
-1.356770974069192448e+00
-2.030136267950899409e+00
-1.473504076926770878e+00
-1.754141356717736373e-03
1.282390874096894562e+00
1.051956338342963093e+00
-4.780713574189152104e-01
-1.565882306997944173e+00
-1.701401806532001348e+00
-1.679685991712712267e+00
-1.386238189042914737e+00
-5.192272994449602663e-01
3.117250933093108078e-01
5.947202471766589449e-01
4.110611207543620749e-01
-5.251861059247264762e-02
-7.741703481036528167e-01
-1.413149024396589626e+00
-1.409868305341960726e+00
-9.031669211392997498e-01
-3.149652891594740267e-01
1.826308079707468224e-01
5.377137574194993386e-01
6.917993220018918699e-01
6.605801171275261785e-01
7.771282591629146141e-01
1.064309234989232467e+00
1.099644376776709231e+00
9.015744954711741865e-01
6.872897213669467709e-01
5.728586315639723203e-01
6.595715959269637940e-01
6.833303323863098022e-01
4.867731471273998856e-01
3.310032228589523395e-01
4.400339549342245915e-01
8.038439452139315433e-01
1.198909806801238265e+00
1.417674905875305980e+00
1.295263788272609240e+00
9.614456460309559471e-01
6.648997268900052049e-01
2.125939358447131722e-01
-4.729197871098766992e-01
-1.116312344464464701e+00
-1.749845291924533308e+00
-2.382641051609324379e+00
-2.034855115317164564e+00
1.274895256124324971e+00
1.451712146125138547e+00
7.806781050795094101e-01
3.805487590401465114e-01
6.825830375922944393e-01
1.144351127431814774e+00
1.099214020751547505e+00
6.860675597893171052e-01
4.949193777223563906e-01
7.023928765019661347e-01
1.072551274667603582e+00
1.199194872837443304e+00
8.389940204710628624e-01
1.495400339030907855e-01
-1.143630929019703868e-01
6.658207368641638757e-01
1.604446729527362114e+00
1.645827359497340936e+00
1.248677426756297226e+00
1.059686546638626270e+00
8.140716935954713795e-01
1.772641474341132284e-01
-1.715429015103100974e-01
4.904691967367666439e-01
1.417466549886520433e+00
1.658188482981957312e+00
1.519036784234882864e+00
1.562930641763857320e+00
1.426434606390286852e+00
7.075909061382348320e-01
4.010211478696291271e-02
1.201791966726801532e-02
2.061723434154148493e-01
2.550077652668509831e-01
2.675659814984302498e-01
4.781149910688704124e-02
-4.192566964894819947e-01
-4.899411554957006643e-01
1.426177997005412534e-01
1.118719550944650809e+00
1.798617537932256427e+00
1.524290750748233059e+00
2.541650195491506059e-01
-1.159630031878608136e+00
-1.825723199485507431e+00
-1.316739961061695441e+00
1.365339771103072364e-01
1.370790510131980833e+00
1.782954563961472561e+00
1.667117683438276821e+00
1.031673946483008697e+00
1.692435690407786963e-01
-3.893390980687380654e-01
-7.444798661355154223e-01
-1.160192755992050406e+00
-1.247974598507697763e+00
-6.783410336164247267e-01
2.481445540548011044e-02
3.074684584318720382e-01
1.248985623329604278e-01
-3.088980028683557255e-01
-5.841731990425405030e-01
-4.025035427524815690e-01
-1.776184483637451017e-01
-3.692199478906564303e-01
-4.464691204584468887e-01
2.244267371443077475e-01
1.244905448832516859e+00
1.740364627570413436e+00
1.454768960799365907e+00
1.018333078793296709e+00
9.104146061176023874e-01
5.317127544472584066e-01
-4.593855711070256032e-01
-1.334450103298656876e+00
-1.684280436092264965e+00
-1.739979065288311810e+00
-1.677710685783966760e+00
-1.408461625019252761e+00
-8.485260758908153012e-01
-1.793080689522357218e-01
3.265517809339105182e-01
6.024343816777680827e-01
8.071950824785140144e-01
9.926528679121463528e-01
9.738364720546273112e-01
6.863281963453040646e-01
1.464847668664986668e-01
-3.716316551600725715e-01
-5.421161678210970614e-01
-7.017606932408375631e-01
-9.066807025573040413e-01
-6.452532629705686196e-01
1.131858981186348832e-02
6.054061831772957758e-01
8.231802029663606302e-01
4.592612240972768212e-01
-9.001386405540320879e-02
-2.314703564311617612e-01
-1.481693085310881175e-01
-1.739408289632282389e-01
-2.211106318146330574e-01
-4.499293002981621936e-01
-1.156167198955609043e+00
-2.005217693547166835e+00
-2.476773625946898427e+00
-2.416310745893507139e+00
-1.809237121305306673e+00
-8.089818280842572262e-01
1.562236479143942480e-01
7.211740842685075981e-01
1.031872902413336623e+00
1.299871955709203775e+00
1.247078963171815769e+00
7.912910420306379367e-01
3.889076121808678344e-01
3.349248123292241086e-01
3.500593164233262722e-01
1.095004258838572775e-01
-1.479620886919850720e-01
1.290568234386401114e-01
8.469137862674379624e-01
1.194414657487423259e+00
7.673075153195919595e-01
1.577736041395965683e-01
-1.208084198376604551e-01
-5.514559829994424289e-01
-1.381609039815056672e+00
-1.728053684768957821e+00
-1.230824877807019213e+00
-7.742150879976568145e-01
-8.229280962403449085e-01
-1.104561744362695386e+00
-1.231508033131797575e+00
-8.036911774282393672e-01
1.825830677748926933e-01
1.030375926854602664e+00
1.088204829904311888e+00
4.431872636262117471e-01
-3.672632850020937645e-01
-9.715661735458321902e-01
-1.055929184903702245e+00
-2.751147534619592938e-01
8.130731148066012715e-01
1.083344517574857058e+00
7.448951552743079407e-01
6.670695462982592083e-01
7.501939323706662277e-01
7.759088193212311246e-01
6.382139051035613520e-01
1.601181545253569094e-01
-1.855885698501065217e-01
-7.881850251262541296e-02
5.157631503840241771e-02
5.968321997230422588e-02
6.654569635805149784e-03
-3.835927306273717585e-01
-8.541718353789340412e-01
-7.235135520165322243e-01
-1.001314178920263420e-01
2.601420421041765185e-01
-8.481511108105015129e-02
-6.197045989763100282e-01
-7.341341281799751428e-01
-5.278332600786433959e-01
-2.568041394225054064e-01
-4.876696776565479091e-02
8.816203535006866820e-02
1.873598693702342166e-01
4.281489059369388284e-01
1.139066041333340440e+00
1.957787107183129205e+00
2.181115914746404982e+00
1.924480539709974902e+00
1.423846176673626562e+00
6.530813362888852058e-01
-1.983714767538476698e-01
-7.710093525300292239e-01
-8.299827189279356254e-01
-7.894826993784004321e-01
-9.405850276029873447e-01
-1.029847925635809069e+00
-1.179158361735455074e+00
-1.292361802596324827e+00
-9.806859923574703375e-01
-6.469625758751991196e-01
-9.810876144657030284e-01
-1.814770699860712488e+00
-2.362669028041062713e+00
-2.205975283830690081e+00
-1.525382919170268803e+00
-9.209632922367293473e-01
-7.935502054467370447e-01
-9.288717722976732594e-01
-1.083372169482626379e+00
-1.298199129468988966e+00
-1.576026224001180420e+00
-1.720015508875524235e+00
-1.545545766536502885e+00
-9.888404428058402695e-01
9.322967025235740293e-03
-3.301244357058408241e-01
-3.947260839994469195e-01
6.761052440561818311e-02
7.305476779407957810e-01
1.030396642806940877e+00
8.076565801296134994e-01
5.698746389358445574e-01
4.303761746772660213e-01
-2.773784106103963643e-01
-1.618402936988898144e+00
-2.540164016170656236e+00
-2.167072289220103531e+00
-1.162455542538229247e+00
-7.130256942392928510e-01
-6.840365072881154918e-01
-1.816193368892970728e-01
7.471505980407394665e-01
1.425075355738342209e+00
1.652972520228740860e+00
1.552019607877490381e+00
9.674237501592996002e-01
-3.924614090032454428e-01
-1.674465639117377336e+00
-1.583192778440947412e+00
-3.976019372291839105e-01
5.962853684561648659e-01
8.923285137201045769e-01
8.370176996134457426e-01
8.839553307776633062e-01
1.089935242467571008e+00
1.183394209092519356e+00
1.125943132942476943e+00
1.068510721332397884e+00
1.020245264710262223e+00
7.807915955472132241e-01
5.063674901515503590e-01
4.877430115651247289e-01
3.311360129799456598e-01
-1.187199981544868194e-01
-4.691312825798356623e-01
-5.100068256315732906e-01
-4.117673868806495108e-01
-5.116217028119462995e-01
-6.913672986778882645e-01
-5.542161234253503155e-01
-1.397694674171354456e-01
-9.990611623388298557e-02
-6.219794333736993197e-01
-1.062162181268788252e+00
-1.081326395510264105e+00
-8.651069201340012560e-01
-4.771508280146067871e-01
-2.824271349799970313e-02
7.887718638326287821e-03
-4.785738111700947872e-01
-9.511897183848637694e-01
-9.281548171663516200e-01
-2.924897035464621986e-01
6.677203924615339181e-01
1.184701048691782388e+00
8.670214806564107146e-01
4.636194079445085103e-01
4.161046582850614350e-01
1.756642853566340312e-01
-1.614511013442541665e-01
-1.427243768843900196e-01
-5.678957960629168328e-02
-7.195968123553179996e-02
-6.653870538930138634e-02
-1.905186309914428111e-01
-4.899886262333853493e-01
-6.063377276346112454e-01
-1.980541284387013212e-01
4.778686772076176648e-01
9.476700175759927847e-01
1.206279008327879820e+00
1.086378560150312200e+00
4.106708751552777259e-01
-3.302677159039071886e-01
-9.752756035113876454e-01
-1.465365308792912158e+00
-1.434780145827924791e+00
-1.006091089428540863e+00
-3.934616781187845747e-01
6.983809919619025086e-01
1.884508971848314118e+00
1.934550862283560546e+00
7.822606271662595478e-01
-2.763118540176426330e-01
-3.624912939509395970e-01
9.689517387440301985e-03
1.114402800371576824e-01
1.661796743678557176e-01
6.302880069989352796e-01
1.119273538718158489e+00
7.942536812303857552e-01
-2.075622197605475616e-01
-9.261310734126558808e-01
-1.207413428071203887e+00
-1.397676485781401912e+00
-1.066353130426219487e+00
4.790500936264508597e-02
9.124662444280532414e-01
7.591084075307650281e-01
2.095854155033200494e-01
-3.042848328927143520e-01
-9.602848191489562479e-01
-1.419959654094432144e+00
-1.122643252431202665e+00
-3.959355195764068247e-01
-1.873774023961790047e-01
-7.783396946610786626e-01
-1.531761650306545208e+00
-1.865319840430715859e+00
-1.720037281418248742e+00
-1.125949355510368788e+00
-3.808589377185037650e-01
1.196036398729546368e-01
2.030465101806731287e-01
-2.870369904934464977e-01
-8.314452438969833770e-01
-5.748727437212042268e-01
3.316885010641325016e-01
1.200437193778606915e+00
1.556408475362930144e+00
1.424988428789718320e+00
1.260045871702222708e+00
1.182161455863780297e+00
9.729752492841761136e-01
6.580654349512267132e-01
3.457206163236619112e-01
4.600217865505412326e-03
-1.033644619018299349e-01
3.742557415987077807e-01
9.732892789663448729e-01
9.789463456919821338e-01
6.436738664643648633e-01
6.703879003651490587e-01
1.214360895053731015e+00
2.011190671066850122e+00
2.454181587499856487e+00
2.196115767449701384e+00
1.421085466036382305e+00
1.972193900676517397e-01
-9.523999730587813239e-01
-1.113894968548703401e+00
-5.123776044441815669e-01
-1.125325494713082797e-01
-3.771625915955825192e-01
-9.578558563632033618e-01
-8.532285843282212401e-01
1.510123957749066603e-01
1.123899729285674276e+00
1.694927321346205273e+00
2.097197495075012519e+00
2.122116952510280985e+00
1.710112853873833938e+00
1.543142660416267020e+00
2.028592924765430183e+00
2.478775076475529637e+00
1.822024414916352031e+00
2.362159463359514711e-01
-9.243278791201656741e-01
-1.110427091835189062e+00
-8.768172419629549630e-01
-7.113614328837248868e-01
-8.856129646187822502e-01
-1.368185559904033344e+00
-1.629393954602145200e+00
-1.554971748298312306e+00
-1.466058180909151298e+00
-1.356318848767925633e+00
-1.221826277785504899e+00
-9.316765967200363319e-01
-6.379887231048121388e-01
-9.539868605612685792e-01
-1.248358536891623460e+00
-3.904921512645960213e-01
8.192648632413402909e-01
7.955418598293382271e-01
-1.196579533550567037e-01
-6.518695665527526328e-01
-5.211295963995674629e-01
5.098340490304890948e-02
5.932800688240038589e-01
5.924178085775521074e-01
2.543998065813565246e-01
5.571625631666983491e-02
-1.844940982741999705e-02
-3.866764590380993294e-01
-1.186521888110183109e+00
-1.572619589147072450e+00
-8.272048034410874884e-01
3.031531374024094005e-01
5.615361273207650772e-01
-1.986667604004036247e-01
-1.048858298470087380e+00
-1.423016406160257041e+00
-1.059765685046806016e+00
-5.228784866142993648e-01
-1.069913051747357624e+00
-1.211914409350158595e+00
-9.548738566343794032e-01
-5.897916211710110268e-01
-3.922432492370269558e-02
7.648347802737475165e-01
1.336684223688682449e+00
1.344224210317131574e+00
1.344423317930213635e+00
1.672564243016043672e+00
2.032974161493473542e+00
2.380156098916935470e+00
2.584614048313499168e+00
2.165905566639807933e+00
1.098134739932908888e+00
-4.356938114508230458e-02
-4.730310426717780903e-01
2.415625674925811137e-02
8.741538498376451027e-01
1.510526973143132112e+00
1.744655962310861952e+00
1.749900414547550742e+00
1.751020828220706482e+00
1.728264124992470840e+00
1.563073199953227022e+00
1.104243245291575137e+00
2.472328068741224683e-01
-6.708791673821817847e-01
-1.069171668655697793e+00
-7.567453015579490572e-01
-2.030212400494669223e-01
5.727854700073040789e-02
3.048630571278270751e-01
9.372240124227563252e-01
1.245139577683292087e+00
3.981674956027291823e-01
-1.192196427385205704e+00
-2.383855802213306063e+00
-2.592231953700065983e+00
-2.320998150467239007e+00
-1.847101048549838476e+00
-1.015584449872634076e+00
-2.412344262605627399e-01
1.018679232209160346e-01
2.282413677405051022e-01
4.335176594716639298e-01
6.953311430091653200e-01
5.562524660673070498e-01
-6.353006784333725676e-02
-4.386223605192325903e-01
-2.825989493153819865e-01
6.294454252495766677e-02
1.065115307009531498e-02
-6.577995489953144537e-01
-1.031590935927847674e+00
-4.035503396458743341e-01
6.315965274198294122e-01
1.243406487433709851e+00
1.320310864360085157e+00
1.117480966818566790e+00
8.368032232266683357e-01
4.850421348824211498e-01
-4.704180253283402752e-02
-3.983303866414500960e-01
-3.078407376503541348e-01
-2.097306662551708945e-01
-2.973232934506077063e-01
-3.952598038846218409e-01
-5.923045786690506187e-01
-7.513959222011187267e-01
-7.242989233692711526e-01
-6.807899086939473987e-01
-3.182417401483803587e-01
5.507730440474594147e-01
1.060057819520516587e+00
7.801616034836110769e-01
3.911831384839738468e-01
2.489968473068310817e-01
1.851893608217572151e-01
2.344907812518618739e-01
3.426609736009151863e-01
1.620876398800014939e-01
-1.935278915836425306e-01
-3.509996148837089547e-01
-4.469819602739404374e-01
-8.208741497284528510e-01
-1.272337381814135915e+00
-1.393794522692312965e+00
-1.212918711524332949e+00
-9.092005712884606572e-01
-3.786243581425232652e-01
5.609171771381750160e-01
1.741175564263986564e+00
2.518431125406265014e+00
2.266410729531135537e+00
1.258714655239477231e+00
2.918581511369958137e-01
-3.593808229450627389e-01
-7.073527023693713112e-01
-5.827292472048175576e-01
-1.626083073931905987e-01
-1.640613751711186841e-01
-7.615292817892450605e-01
-1.259922424768865845e+00
-1.322917480006251756e+00
-1.332773393831512720e+00
-1.613799069627488203e+00
-1.904781848682759016e+00
-1.448081180442957416e+00
-7.691855911676245827e-02
1.431835104667947611e+00
2.362655865529915022e+00
2.187823210153420739e+00
1.019251487563868297e+00
-3.578405409911707830e-02
-3.235802720722157910e-01
-8.488379809766698203e-02
3.831447408298325197e-01
9.600100928012850199e-01
1.321516353829876644e+00
7.124403722841246012e-01
-7.778410279547705031e-01
-1.559584172870107865e+00
-7.454350990457412340e-01
4.003952543015781851e-01
6.816919310621516459e-01
5.217972137024956547e-01
4.212972860570079470e-01
3.322043835672940926e-01
4.188725111619222008e-01
6.030101128449467662e-01
3.975659712078177255e-01
-1.743994364863051330e-02
-8.054959301700471974e-02
-5.374189296660286663e-02
-3.583416429343850296e-01
-5.958675072540919881e-01
-3.579834825436435386e-01
1.968511867780123881e-01
6.199255794219995508e-01
7.629845184976778993e-01
8.238096652836772726e-01
7.253789006994834088e-01
3.008994059270791444e-01
-8.437453662772102791e-02
-1.250194852263676604e-01
-2.015026306389861299e-01
-1.841843388588344510e-01
1.447747388543237645e-01
2.505091578973445837e-02
-6.927114523519499745e-01
-9.836144353982950728e-01
-2.485652061898206977e-01
7.496970632443105131e-01
7.561118016378777229e-01
-1.827834347512252433e-01
-6.902766578949784959e-01
-1.646964666307138281e-01
4.361894550395684633e-01
2.051947394772308253e-01
-5.361724762319006743e-01
-9.722198464917426453e-01
-6.890789895332360970e-01
3.728103372987406211e-02
3.722801536475922601e-01
-1.255501550594738391e-01
-8.217559641487557354e-01
-7.533224739587878194e-01
-2.464420348770793301e-01
-3.375662041327702756e-01
-9.459852229309274607e-01
-1.283465368497905823e+00
-8.983574350753770199e-01
-1.675497471624413370e-01
4.521781062103906457e-02
-5.624365393432056992e-01
-1.424326565009837564e+00
-1.926154678612734816e+00
-1.945410231980548410e+00
-1.519267543301862755e+00
-8.885164913218798199e-01
-4.846531657493209355e-01
-5.273011203003854508e-01
-6.230852874586458867e-01
-1.059448787507440842e-01
1.013804848661790547e+00
1.780920314976564445e+00
1.581632732213546388e+00
1.064811770512188005e+00
7.163305831396508117e-01
9.581799367295983083e-02
-8.221230930604809251e-01
-1.353748860118233477e+00
-1.207778932521244686e+00
-7.723132222642471456e-01
-5.593415351372141853e-01
-7.082347766573949821e-01
-9.268196256437669645e-01
-7.331836882491956642e-01
7.004752429794506297e-01
9.966975710778926967e-01
1.117616705694428170e+00
8.860842635230270492e-01
2.409379748551774281e-01
-9.602333190797364415e-02
3.062560277272072806e-01
9.142139877891233279e-01
1.266226982526867051e+00
1.407958990902494989e+00
1.428088758897082977e+00
1.363222199310385907e+00
1.136607889065486265e+00
7.559164042237304093e-01
3.715073010041187174e-01
-7.715209588996192747e-03
-3.757047422103433898e-01
-3.852370679769999695e-01
8.305290607159525329e-02
6.320892974450593726e-01
1.049853721031841047e+00
1.305009735457422382e+00
1.128381274282142632e+00
4.503583702852939630e-01
-1.818060030662631554e-01
-3.272360297895816061e-01
-2.789047343433740944e-01
-5.187723606810661081e-02
5.867078258435871607e-01
9.616788189085433425e-01
7.006606630101777089e-01
4.968098101116869558e-01
5.506174115272752800e-01
5.419915199699651964e-01
2.951727122739969955e-01
-7.007994276859311200e-02
1.041097691362065647e-01
8.809145108249026856e-01
1.255654341832760590e+00
7.669156302556277005e-01
2.808152571151075749e-01
3.340295727395098946e-01
2.298954529523133949e-01
-2.147699836233581960e-01
-1.896739308099637811e-01
3.294030602444482647e-01
4.340619596741024933e-01
-4.910938129915797812e-01
-1.881051000935154205e+00
-2.217061683410507467e+00
-1.477970367952833097e+00
-8.953960473677378129e-01
-2.628520898244997017e-01
1.040769818569158733e+00
2.143571186145524443e+00
2.003484948083261497e+00
9.244319789790719222e-01
-1.300424595429784391e-01
-3.114535882766034658e-01
3.365085789969031183e-01
8.720893430498882770e-01
6.396514809378279764e-01
-1.004657338412318218e-01
-6.539045878604728967e-01
-7.156805173586869850e-01
-4.873498159280172937e-01
-4.169582750277823213e-01
-4.884192946437507787e-01
-3.879227443891481997e-01
-3.701547217394952627e-01
-5.313394636029258322e-01
-5.915399358420965203e-01
-6.925957946647995911e-01
-1.016278564045482113e+00
-1.148050836211438330e+00
-7.294982219281663793e-01
3.400104179907410124e-02
7.886289414446266965e-01
9.601492272004785722e-01
3.885864667006707074e-01
-1.946373189137513837e-01
-2.930740207009647769e-01
-8.743082665775123163e-02
3.136016872938335483e-03
5.644146266218593583e-02
6.095746519279547915e-01
1.332321519194458848e+00
1.454420042895943288e+00
8.830631357081621946e-01
1.999317535726049810e-01
1.729549850941012115e-02
2.837209642018304612e-01
5.466477191706279326e-01
5.366110203417879809e-01
2.581903837614366037e-01
1.279203813412429364e-02
-7.617977392512367829e-02
-4.121755036606151168e-01
-8.599224265097100695e-01
-4.687174739024912440e-01
1.019553824382032348e+00
2.633510153919732755e+00
2.743305967996334083e+00
2.291482834843576288e+00
6.972325280712202700e-01
-5.513651786836717417e-01
-1.093837178583053404e+00
-1.183684390018537425e+00
-1.058592904880748087e+00
-7.918134847322665371e-01
-5.432962228066572363e-01
-2.995296835435249383e-01
-8.532832314317095879e-02
-2.019230689903090403e-01
-5.357745405512545078e-01
-7.476272634436372799e-01
-7.004906716859363724e-01
-4.640547865541850836e-01
-3.767784377948774077e-01
-6.127432935044798690e-01
-9.098922547861831855e-01
-9.624405202575033735e-01
-1.078509612060470024e+00
-1.330107386983021112e+00
-1.222155933107475834e+00
-9.506015812006299859e-01
-9.665016097966678821e-01
-1.076423068199822142e+00
-9.071826321445870533e-01
-1.460098138954241120e-01
9.899652070908548929e-01
1.520465823019514939e+00
1.321814428146498965e+00
1.114587120286151256e+00
1.095652634902087419e+00
1.212975323803574534e+00
1.473416724781790421e+00
1.748237253416196291e+00
1.908965540618641432e+00
1.888375870343006246e+00
1.564286562094882704e+00
6.886767252511076798e-01
-5.563621711655142299e-01
-1.138332753987238100e+00
-6.834683418359217555e-01
-3.392509061482193444e-01
-6.967364153022221895e-01
-8.777813131679954584e-01
-8.044269105808288245e-01
-1.295016747919457201e+00
-1.940460163803732208e+00
-1.677927253652560236e+00
-4.689759433391512689e-01
6.410556329708393397e-01
6.031483879597925313e-01
-4.267821084397173670e-01
-1.347730445421597034e+00
-1.548336809996874841e+00
-1.372201737142700662e+00
-1.389911741125367639e+00
-1.781106028146933307e+00
-2.507895032646787037e+00
-2.740243037461034703e+00
-2.010597038201209052e+00
-2.761820952362861181e-01
1.069446509720247462e+00
1.504993728141249543e+00
1.358140111316386234e+00
7.296897224181272401e-01
-9.772201136522858100e-02
-3.349533677760112016e-01
-1.680884354116450319e-01
-4.832304810165276021e-01
-9.295692997244873190e-01
-6.535304194943926115e-01
6.005022683605146933e-02
6.959114980208634949e-01
1.135380963958507516e+00
8.595083563692768047e-01
-2.725042828852802801e-01
-1.259640532615561304e+00
-1.505088937114801739e+00
-1.523493285628032101e+00
-1.823963569121135109e+00
-2.125002689856560156e+00
-1.719643121905103378e+00
-5.891199862510566598e-01
5.094475627447067057e-01
1.031650659608193132e+00
8.677869483132414352e-01
2.238430687764034477e-01
-4.426922414914272741e-01
-6.212948418556676344e-01
-1.395440667024070991e-01
2.985231107695522912e-01
3.600696562749374635e-02
-4.648743175625490442e-01
-4.013585214951501112e-01
1.928748135926921514e-01
4.539724296110210777e-01
-3.918103111298829044e-01
-2.228885832009831203e-01
4.929823365590627060e-01
1.038659411354063478e+00
1.027340457418451036e+00
8.441421496829853988e-01
1.084839020275139454e+00
1.475922650029425132e+00
1.361870441857734759e+00
1.042212026001817282e+00
6.555264122120839643e-01
-1.461932721506796484e-01
-9.451636661336469958e-01
-1.422745852590790339e+00
-1.829486790911846850e+00
-1.896300933964982782e+00
-1.497815238619491840e+00
-9.597484944714159694e-01
-4.472572076734431246e-01
-1.804970279242150699e-01
-1.724601778055414036e-01
-2.944893201054497034e-01
-5.094648744916050465e-01
-5.707693299215442773e-01
-3.986329676214499518e-01
-1.360626510332449135e-01
3.291272936452107056e-01
8.829437851731434250e-01
8.589262420787858732e-01
1.075248001901303874e-01
-4.015166000634130539e-01
-2.381157859612145072e-02
6.140342537172392978e-01
4.581380897984023148e-01
-7.867524704887980391e-01
-2.100474341504078524e+00
-2.258357981861058850e+00
-1.432115138535067222e+00
-5.902660686094693965e-01
2.023223360544020022e-02
8.532785803520542833e-01
1.812609106874321530e+00
1.943425135176807927e+00
1.197446494751116974e+00
5.934909615298683550e-01
2.990314444706270169e-01
-1.769381459844187043e-01
-5.129585229956107328e-01
-1.824369602984488303e-01
5.249851266756501156e-01
1.071151174476122181e+00
1.108677350513541215e+00
3.390177752608022343e-01
-7.697369330670175147e-01
-1.398532792176164330e+00
-1.529324467644083585e+00
-1.354936260658616387e+00
-1.121430119435916417e+00
-1.365529809725778421e+00
-1.833936481107122818e+00
-1.512307327146300562e+00
-5.359196801859030801e-01
-9.241349820931513137e-02
-3.520278945951042515e-01
-6.004038359029418848e-01
-7.758913938086258177e-01
-1.134785676629546325e+00
-1.378523613984220741e+00
-8.320509240063292955e-01
5.909569487845476310e-01
2.089827503984281964e+00
2.688278825443194187e+00
1.942515620101506579e+00
3.903735584027889227e-01
-9.340002643657833170e-01
-1.346198548555735730e+00
-9.851325068366414417e-01
-7.942448716225245509e-01
-1.058253258830673227e+00
-1.081522853106890558e+00
-7.044192862661221577e-01
-4.696309641311071509e-02
9.304646925457461526e-01
1.779132352407816420e+00
2.083994592280636660e+00
1.944540791859678430e+00
1.532767281563418793e+00
9.193490419279370940e-01
2.063053593794218765e-01
-2.108440766929968457e-01
-2.928220741085425516e-01
-5.469822409506361893e-01
-8.524808583476967128e-01
-5.679182719623045994e-01
3.385590069099693178e-01
1.118645998024707877e+00
1.326853537838015740e+00
1.499404614513264011e+00
1.672050685627588740e+00
1.064767660384654313e+00
8.408349375240724288e-02
1.495699229574881106e-01
1.377403271939280360e+00
2.508715312357554073e+00
2.719968467748581809e+00
2.059766090859026288e+00
7.891479007222511610e-01
-2.556515830859203576e-03
3.976908553764081367e-01
1.223451172042178792e+00
1.431943762412722254e+00
1.155649110907037258e+00
7.122416332591932076e-01
9.585635518335373917e-02
-4.641472539325497970e-01
-6.283040311223435648e-01
-3.897688659607950190e-01
-1.463514252715329422e-01
-1.504582653035451412e-01
-8.366724204813204280e-02
3.047335552154210592e-01
4.561977208679815488e-01
-9.310390808478178487e-03
-4.842539704356250696e-01
-3.967018143253382423e-01
-9.199093223110142714e-02
-3.974541847008103979e-01
-1.305339212556654083e+00
-1.987638929893548623e+00
-2.012467740938132188e+00
-1.529639388325803040e+00
-7.320639964494498608e-01
-1.020927082318806023e-01
5.498292898577768206e-02
2.061950944682630626e-01
4.312475218067858274e-01
2.067497794761036789e-01
-2.145709365691530479e-01
-3.201303967757772595e-01
-1.431133646510179269e-01
3.072722971631351441e-01
6.093822043114019982e-01
1.761613890793734538e-01
-3.709683067171542503e-01
-2.003329180269720622e-01
1.140039068006761525e-01
-2.643174167933598495e-01
-1.010324113568759286e+00
-1.310914868145732548e+00
-9.792276420837416895e-01
-4.011000671981980181e-01
1.840326015680286698e-01
6.010578014050059759e-01
7.080542724763727591e-01
5.787194637236807715e-01
2.517727171896796956e-01
-4.896996647543139236e-02
9.503642468615086658e-02
5.445906033852182526e-01
6.392626218178664166e-01
2.933017244789631328e-01
-1.884726864845731042e-01
-8.155154893398360860e-01
-1.427694464929424534e+00
-1.550055227346451847e+00
-1.094825972203220976e+00
-6.972495681873219775e-01
-6.823379833669412919e-01
-3.584480356132573875e-01
3.726133243333310530e-01
7.092504946649387243e-01
1.815939363344399593e-01
-1.073488562753838638e+00
-1.927010734730588926e+00
-1.260364925775757872e+00
1.428896297567323892e-01
7.937626930569169348e-01
5.481925747579443620e-01
-8.967191512636456252e-02
-8.203261103638685992e-01
-1.036983293988790189e+00
-5.850621600131349354e-01
-1.699566747265284228e-01
2.141010567492989680e-01
9.671288425036913550e-01
1.622891029601037038e+00
1.563084663178293532e+00
1.062908865323844321e+00
7.742565908687221166e-01
7.098450628479432423e-01
5.680463792719917526e-01
2.827139861766536089e-01
3.515754216197317789e-02
1.687211333041039318e-01
5.458008582195782443e-01
6.250730994948547892e-01
1.650079943644350566e-01
-6.537471386827776731e-01
-1.339433351734818256e+00
-1.231835975284577112e+00
