-1.085891561955054208e+00
-1.654768827232868889e+00
-1.438384520558873003e+00
-9.288601125874446085e-01
-4.606134906769739357e-01
1.812786686908469599e-03
3.117536725615299154e-01
4.145498006286394560e-02
-6.465476533472791498e-01
-8.696538551841899167e-01
-3.616741633444008897e-01
3.447302803377849667e-01
6.979392076149834034e-01
6.915927384160319713e-01
7.700285912221541684e-01
9.674214897787060119e-01
7.842887480757687602e-01
1.884427683579648072e-01
-2.549054019937004312e-01
-3.968997999652806863e-01
-5.954310947145495803e-01
-1.087823696646603722e+00
-1.526840249620481149e+00
-1.206114519489872139e+00
-3.527928520064339546e-01
-6.849599410250443998e-02
-5.916033461287801831e-01
-1.024042164985188519e+00
-5.114606570693616128e-01
7.091737492254337472e-01
1.681128515834132919e+00
2.184932163275135952e+00
2.641046377387754163e+00
2.729430310774567658e+00
2.132049061184061234e+00
7.920359768222220431e-01
-1.237094687582460661e-01
-3.267359048264335541e-01
-2.350765306158252022e-01
-1.268982651869012546e-01
-4.960127287986422218e-01
-1.614266852780786854e+00
-2.496725824457400655e+00
-2.045535622657462138e+00
-6.778880518792764764e-01
1.164965444593305394e-01
-3.338051590551137093e-01
-1.176104951262190390e+00
-1.436631556808964927e+00
-9.548995670875005670e-01
-1.316253225037870289e-01
2.891238172397143091e-01
-2.993557576577971988e-02
-8.519050084100786291e-02
1.097654712349944717e+00
2.346430425093604999e+00
2.061126548839364414e+00
6.718804492389691685e-01
-4.784661788135960991e-01
-1.092573402310613728e+00
-1.416122424750088094e+00
-1.306727900146939847e+00
-6.774017866849623148e-01
3.615068474497958734e-02
2.328379401384002290e-01
-2.154534263388684923e-01
-8.519291292954856987e-01
-9.964411003391585586e-01
-4.553965883191083419e-01
1.466494563399946272e-01
2.204146193797054953e-01
4.104755139469878217e-02
-1.994640277630020664e-02
-2.902169747310681669e-01
-8.141335798451453387e-01
-1.269189054243971215e+00
-1.550503631420958373e+00
-1.361747681565672607e+00
-9.389913096170207085e-01
-1.008933103971435097e+00
-1.389489921305858466e+00
-1.655036512448968100e+00
-1.668645604009320715e+00
-1.104871051794806602e+00
-1.241155353244632747e-01
4.661421963568732618e-01
2.352441289291034021e-01
-3.352444220964533872e-01
-6.510828935746707513e-01
-7.582753297948687798e-01
-7.201949592802395772e-01
-4.963198726010019657e-01
-3.272272412534444341e-01
-1.645500829280949207e-01
3.120698531291025146e-01
1.010757964059377567e+00
1.576129002910195975e+00
1.802939471096198565e+00
1.381265863626584212e+00
3.754687317354715725e-01
-2.151744472111106754e-01
1.019163669584830650e-01
4.873480480511609425e-01
2.960657678224457023e-01
-2.024110011518008290e-01
-5.916599481614680522e-01
-6.962480098287975316e-01
-6.220785295486601640e-01
-8.012438476775459728e-01
-1.333441049708780080e+00
-1.568962371532065969e+00
-1.248911381761643957e+00
-9.510523898365259576e-01
-6.072988946515822661e-01
8.408657024609339503e-02
5.360590566974894333e-01
3.097596383567412515e-01
-1.328732049013359728e-01
-3.084465567016564935e-01
-1.826149678499618401e-01
1.947009187105768202e-01
6.920653890491145210e-01
1.272005693016895700e+00
1.720726693423403342e+00
1.623261246543654890e+00
1.276558456161517086e+00
1.269007062117055940e+00
1.397630055893684053e+00
1.050489322847801610e+00
3.696320427104755058e-01
3.088672245230058566e-01
1.367748656154723408e+00
2.325628873811306452e+00
1.829605891980792487e+00
8.499724284300891330e-01
6.980251288032085499e-01
8.368694855061974414e-01
5.840524619954819974e-01
3.245366259020518451e-01
4.586908568705391209e-01
7.100184600815480085e-01
7.665572250341625704e-01
7.389383314673415581e-01
7.177591175411470736e-01
5.749206226987394475e-01
3.522791266132934695e-01
1.083713901000276647e-01
-3.264831334961829090e-01
-8.268302026452519771e-01
-8.052910526854736295e-01
-1.595679872180864323e-01
4.960191598567385562e-01
6.087252484409378939e-01
2.742189528188770931e-01
-1.371534826634667747e-01
-5.783273227832126384e-01
-8.852784276436150845e-01
-8.873781786005423555e-01
-8.417402390240555921e-01
-7.871299757274725639e-01
-6.126899387340569714e-01
-4.639690394700184406e-01
-1.021177682621288441e-01
8.297240213356795735e-01
1.734076381211685725e+00
1.714276799298125376e+00
1.040339909085522541e+00
7.458690347831379297e-01
5.398282669845162474e-01
-5.168808934072882666e-01
-2.033197602551628957e+00
-2.730178402540036853e+00
-2.344460370371889812e+00
-6.359639758195704262e-01
9.256204834773379408e-01
1.650600583346847117e+00
1.573648159038067762e+00
1.162875540936704422e+00
1.022145256126802071e+00
9.356600370829312174e-01
4.858820928128914640e-01
-3.977325275860017773e-02
-2.648921367698831575e-01
-3.026984153935490252e-01
-4.263173023422207608e-01
-6.058202376792356514e-01
-5.120179534661427612e-01
8.200474017196125731e-02
8.323454350857582007e-01
1.058748432596647193e+00
7.019307755620399769e-01
2.823381838632572083e-01
-2.081156014361564346e-02
-2.757558046851044109e-01
-1.430727907857781145e-01
5.363739599462572505e-01
1.023405173738525464e+00
7.241157573644753098e-01
8.139579753248511740e-02
-1.641268026292835025e-01
-6.769954016294776888e-01
-6.471832464714758482e-01
-2.550691389209522320e-01
-8.012929205313681913e-02
-2.645100575722182656e-02
2.223933296278134686e-01
6.079351708425991818e-01
8.413801581013288233e-01
8.051810467936105775e-01
8.227207373304931126e-01
9.360850170303487428e-01
5.273360108357002529e-01
-8.324320628321990601e-01
-2.467626081868019128e+00
-2.730315587165595304e+00
-1.908752055375928069e+00
-8.989977436631062524e-01
-7.556639485528718891e-01
-7.689048182303329648e-01
-4.283223634416070957e-02
1.097684595661063911e+00
1.453912980154826506e+00
4.585499443879121895e-01
-8.789870518494712348e-01
-1.310528051312061404e+00
-6.682295401216000741e-01
5.625391617147030843e-01
1.544489595481917332e+00
1.583415034345575734e+00
1.027647710706514728e+00
6.097670648202196952e-01
3.174903428567254493e-01
-1.533501846953034264e-01
-6.296345783271802832e-01
-7.512703703095160446e-01
-7.547922870792169725e-01
-1.125763068711269188e+00
-1.573098318311348054e+00
-1.609719957342456986e+00
-1.388546257588766375e+00
-1.344923742214016782e+00
-1.471708021518404186e+00
-1.308552568905895663e+00
-8.117620618569215685e-01
-5.192680547732444474e-01
-6.963484018006469434e-01
-1.035853830319742208e+00
-1.059133451555959837e+00
-6.278064466029135149e-01
-2.395834933310598269e-01
-3.505531459688671636e-01
-6.955681211123404539e-01
-9.246278854062179864e-01
-8.759759175463571745e-01
-4.474235928461660072e-01
3.394977640761549093e-02
1.259905011532644059e-01
-9.954032290547781825e-02
-5.501890898012424813e-01
-1.077480610596333710e+00
-1.217871419157273705e+00
-1.161123734523167084e+00
-1.163746720472145668e+00
-9.024062958790664002e-01
-6.073207528349194861e-01
-9.145522168776097915e-01
-1.496011329914414434e+00
-1.426208519526939611e+00
-8.675072987124294865e-01
-4.824369699726415162e-01
-1.262887095107026458e-01
5.165936490046360019e-01
1.171493463444109873e+00
1.309074044153771821e+00
1.066520352573894437e+00
9.811108932492959012e-01
1.065203403919640524e+00
1.409730100743250780e+00
1.976849736812258840e+00
1.969355706040803122e+00
1.162704546812056483e+00
4.122917553161975501e-01
3.715867111831295810e-01
9.065439115308286944e-01
1.621899393240623821e+00
1.884576811856587097e+00
1.199405719503897405e+00
4.264419567336841244e-01
6.810821277173135790e-01
1.369313556402667054e+00
1.584959916650923173e+00
1.511128977331419154e+00
1.118190224967125390e+00
2.635315390055496532e-01
-5.052668911798663398e-01
-9.308579086867915242e-01
-1.189513336095622709e+00
-1.148262897750629286e+00
-8.287474253143517489e-01
-6.016562581925684050e-01
-7.548936301550336347e-01
-9.609517615593168305e-01
-5.978046187974545012e-01
1.473316959691312600e-01
7.130724338783868133e-01
8.060515422929963592e-01
3.893081493917421310e-01
-1.261347545637926393e-01
-2.637028777409074487e-01
-3.209486321451644475e-01
-3.836606195672664366e-01
-1.949570582521615303e-01
1.707926565680840392e-01
5.825885075653768341e-01
4.904859781761098381e-01
-4.187199753404449720e-01
-1.181061756339689239e+00
-8.712678636502799723e-01
-7.677098368169819886e-02
3.193421878946032244e-01
5.683860567275550446e-01
1.025607095173194372e+00
1.250570186946962759e+00
8.822297005978463336e-01
2.685922797974579779e-01
-1.431438760727201387e-01
-4.634633013628546849e-01
-7.005946642789303569e-01
-5.617890178958159231e-01
-3.692162211956065421e-01
-4.907353324388650795e-01
-6.500701615789939991e-01
-7.002636480996614621e-01
-8.332813856572337530e-01
-1.022462680357747677e+00
-8.655680851856872859e-01
-2.314626724059982710e-01
4.963290365049219388e-01
1.030820977225614943e+00
1.140447393304495849e+00
6.472061526423812383e-01
-2.059857461914071583e-02
-4.556681932360766574e-01
-7.196583020301792200e-01
-7.923570240544902665e-01
-7.048605943368451143e-01
-6.268633117188584514e-01
-6.490044916422125221e-01
-6.251374129107337696e-01
-3.856469926555901040e-01
-2.717175051184594903e-01
-6.387661839271048247e-01
-1.160218083542069678e+00
-1.124687017699997682e+00
-4.788696573835860004e-01
1.374119581445643890e-01
5.169534246980549419e-01
6.676497846828891580e-01
2.353707219322829780e-01
-3.495915968143916142e-01
-2.714877404552631379e-01
4.487301148420585334e-02
5.776826396442179962e-02
-1.151966367082989107e-02
4.720182816879163468e-02
2.904886186844742313e-01
6.270083189710826677e-01
7.586275240543010057e-01
5.360709285366521692e-01
3.253180836252101416e-01
4.251007186836143203e-01
3.667001180588039255e-01
-2.091258659929981223e-01
-9.840660902645977925e-01
-1.708957645018601257e+00
-2.261355646651737494e+00
-2.027858960057236537e+00
-7.913280435029275139e-01
3.983202190720099289e-01
8.712512720766609764e-01
1.044566806816708882e+00
9.163901568991962288e-01
3.289813514139514061e-01
1.028415885900116171e-02
7.036272782261673298e-01
2.065667702030993258e+00
2.729852547631376414e+00
2.511829031660848255e+00
1.851180559873965681e+00
1.550546300153677448e+00
1.289648693412897007e+00
9.426505210562695636e-01
8.668616435507107143e-01
9.337563723387969361e-01
8.103367657509996658e-01
6.795952394621754822e-01
1.051266277519427694e+00
1.939098678364622019e+00
2.421822867807810642e+00
1.652323449032490510e+00
7.847213571692385203e-02
3.488793693145150199e-01
4.353166948084283838e-01
1.050076074128702130e-01
-1.569042149617551341e-01
6.147347888303744678e-02
6.285897977802462622e-01
7.827543001471060080e-01
-3.156990351032429309e-02
-1.127386422490642470e+00
-1.442615900942436191e+00
-9.902249194255081655e-01
-4.170987470871076463e-01
3.713226062563992208e-02
2.378984724202720669e-01
3.442492943008657741e-02
-4.432575206908602183e-01
-1.194761401847102444e+00
-2.354315327563042626e+00
-2.758942545169115412e+00
-2.758942545169115412e+00
-1.934586180247244602e+00
-5.662893514547374663e-01
3.270079505112333251e-01
6.153438119925236371e-01
4.789640744926400018e-01
1.731633667430191037e-01
-1.122832869242146453e-01
-4.658205099227096802e-01
-8.742693170722704021e-01
-9.509814690986219121e-01
-8.160145400036521446e-01
-6.494741585983239140e-01
-6.381386035799599399e-02
6.854463235309639080e-01
6.507877756533476665e-01
1.392163314989275924e-01
2.279198556748068261e-01
6.801996138849327744e-01
7.595929859372403392e-01
4.652522518480125546e-01
2.447124069366997112e-01
5.583134821477975240e-01
1.082148074621294143e+00
1.105697935960373579e+00
8.290626657188153725e-01
5.318631717068461606e-01
1.177928380064501360e-02
-6.146133992617289765e-01
-9.024714319283712038e-01
-6.938590950231801058e-01
-3.442468794308684021e-01
3.860796502833193505e-02
6.388661949737436396e-01
9.813210205371375450e-01
5.820196010821026000e-01
-9.637974740858330086e-03
-1.739410133393938518e-01
-1.315422165577364855e-01
-2.315235072014630024e-01
-4.312648357066287130e-01
-8.227235705860531656e-01
-1.307119527689622140e+00
-1.226075154219816943e+00
-4.784845367383391279e-01
1.100581608741954404e-01
9.809745737192296366e-02
-1.718329989599182983e-01
-3.843642692960009821e-01
-3.028558602921000986e-01
3.414462997072435502e-01
1.185487815407948009e+00
1.302171856593139054e+00
4.097648865988950950e-01
-5.994555137253466670e-01
-7.043773338351531077e-01
2.229871759095285177e-01
1.354442874677084241e+00
1.898086636997641241e+00
1.902081264701875218e+00
1.429295147985781833e+00
2.114237998814852693e-01
-1.400020233455398833e+00
-2.108320640151848835e+00
-1.555580719378485188e+00
-8.857915676684311457e-01
-5.487431883165941882e-01
5.070231905131337632e-03
9.367826650505679531e-01
1.792791627604699789e+00
2.192433354635332066e+00
2.135190550365595019e+00
1.481981578945832601e+00
3.218513502429844464e-01
-4.824062883333275487e-01
-2.950456435376694331e-01
4.708700367175932544e-01
1.104784167288094476e+00
1.129442859536939014e+00
6.163769997635255571e-01
1.686165740196931551e-01
1.463553487247227537e-02
-7.205021635948277714e-02
-1.968844169653761467e-01
-5.818181940370356631e-02
3.747036853622929264e-01
3.056528744899134620e-01
-3.849433512817658221e-01
-7.514941287985780205e-01
-5.091512715833438341e-01
-1.946711262169731615e-01
-1.256678819215860110e-01
-1.301740513006634792e-01
-1.749118014456530479e-01
-4.431854078345042192e-01
-7.336285017844811351e-01
-8.366202572806232807e-01
-7.329298474149491538e-01
-1.424305510215237713e-01
7.786476832215475374e-01
1.137329794594823973e+00
5.669269831748949828e-01
-2.871936047503861889e-01
-6.216881495875529184e-01
-4.770623477837817594e-01
-3.036881147680459136e-01
1.149715410743057803e-01
1.102025036120861001e+00
1.938215066989843471e+00
1.441621766247553449e+00
-7.436125239468102666e-02
-1.099341494073427627e+00
-1.314598580677603268e+00
-1.498948810587747094e+00
-1.855260186391083810e+00
-2.117224548331510192e+00
-2.118159994367343035e+00
-1.784418517588091335e+00
-1.309830099034742679e+00
-7.097757426733920516e-01
6.513978525235432533e-03
2.621713846898318656e-01
2.010187007849764951e-01
5.162118319628045127e-01
8.828741447642860507e-01
6.715382536933718338e-01
3.440392583652744363e-01
8.031104610314254710e-01
1.883238297722618304e+00
2.459874742307895712e+00
2.125889862770599770e+00
1.507300393154148210e+00
1.037924414996997946e+00
6.449703307409022646e-01
-1.258531973939261972e-01
-1.018143170998522029e+00
-9.621626174668113096e-01
5.485638220337187010e-02
9.488367682466706254e-01
9.136943438156097663e-01
9.899336581648948696e-02
-7.267937741757275472e-01
-1.006002107657728128e+00
-7.871609621437190007e-01
-4.058335278719477079e-01
7.127331653241684994e-02
4.071094673469211611e-01
3.550043418715805310e-01
1.721138192250840082e-01
-4.960023623075048710e-02
-4.262749387082729879e-01
-8.152498154908695005e-01
-1.042058057706287233e+00
-1.112358687016058889e+00
-1.271746106074797655e+00
-1.514642696032894476e+00
-1.483287838065696862e+00
-1.118389137547852741e+00
-6.665389959246844631e-01
-3.322269638686985438e-01
-4.474824548567095384e-02
4.862107889254921322e-01
1.193429622880197494e+00
1.566480687162157714e+00
1.368100774442721823e+00
9.403146570308834606e-01
4.435085976168485211e-01
-8.930513401457294831e-02
-4.553920371260847810e-01
-7.883132581906019398e-01
-1.269964535716153309e+00
-1.502571100431298268e+00
-9.195884324253573716e-01
2.233967286479141834e-01
1.216697923702105166e+00
1.837347787176491387e+00
2.192517352877040082e+00
2.155188378646088587e+00
1.726293177833256198e+00
1.036986302037192109e+00
-3.294115667292314975e-01
-5.627590855896346111e-01
-3.838080847864028811e-01
-1.194786108125386603e-01
-3.804532730189792988e-01
-8.643320956593293358e-01
-1.012152618856019481e+00
-9.715901129497255262e-01
-8.262104492546115120e-01
-5.305318258676499088e-01
-2.309406292023120089e-01
-4.104903325566342659e-02
-4.430516331278585955e-03
-1.559395813869073749e-02
3.611520849266307009e-01
1.057739353034162333e+00
1.338335150441671395e+00
1.064897902188485457e+00
5.682219859974360077e-01
9.450357232617265235e-02
-1.519617969374055244e-01
-2.863749465847332809e-01
-4.015488018787180535e-01
-5.004270527703625904e-01
-7.201163409784232527e-01
-7.930589555050380213e-01
-6.749226828898288177e-01
-8.400284618099680412e-01
-1.121460784798063326e+00
-1.056468841501270850e+00
-6.797012200538428139e-01
-2.340679097370763628e-01
8.960817898612433163e-02
4.523811064633335988e-02
-2.682871686236441566e-01
-3.597029606557341497e-01
-3.502236727155348672e-02
2.232104698875312931e-01
4.059548766111005513e-02
-4.450599274884071144e-01
-9.440812838757656200e-01
-1.041622168760654610e+00
-5.735788194476520996e-01
7.138649835994585746e-02
6.627686416618903120e-01
1.110421677802891915e+00
9.914471493747540887e-01
3.404246375248796697e-01
-4.708147398152795482e-02
3.219756772345842843e-02
-2.622385548820336046e-02
-3.657117798186677038e-01
-7.478003778636381771e-01
-1.079582832823293925e+00
-1.369207422737334978e+00
-1.539628164968874779e+00
-1.280056511491471039e+00
-5.632016647868440806e-01
-2.117138603308272859e-01
-7.020697265686098865e-01
-1.148934750692693241e+00
-7.411323201582858955e-01
-4.387610406142912201e-01
-1.344424808983719188e+00
-2.477271495444194116e+00
-2.574245471353017400e+00
-1.678140693463382460e+00
-2.903386772872106336e-01
9.851268561318086148e-01
1.454380295850605354e+00
9.763066250087244491e-01
6.013693596569262556e-02
-7.811576468182601651e-01
-1.205653005955660717e+00
-1.043168793008701467e+00
-2.409028668943619389e-01
8.305677512161270259e-01
1.375927659860147756e+00
1.201810618920434504e+00
9.188412009527227031e-01
1.083504038190542307e+00
1.509970037374600116e+00
1.566899255013398218e+00
1.094083370306488057e+00
5.767299226853127569e-01
7.954209834855446859e-01
1.780317327966870922e+00
2.458661538728508678e+00
2.297013160247013630e+00
1.735184915762041591e+00
1.075403489853258288e+00
3.217961998395029166e-01
-4.563946809631037604e-01
-8.307513108291655346e-01
-4.626725987652063332e-01
-1.947503864737853696e-01
-6.737687628423832953e-01
-8.416263495428822905e-01
-3.277189082969530487e-01
-2.698739635318226915e-01
-1.053373786638903242e+00
-1.809556137037752421e+00
-1.494853985403298724e+00
-7.104507159520040416e-02
1.231221676022814737e+00
1.498482864060338704e+00
1.107384865590919309e+00
6.683716578208994674e-01
2.046097903158753117e-01
-2.817911994468577652e-01
-3.893469210155338645e-01
-2.292328748217751788e-01
2.461596953351703754e-02
6.692880562919624188e-01
1.307312008638467971e+00
1.520789509963135444e+00
1.573765301523115667e+00
1.742386572875145978e+00
1.958507511712257898e+00
1.762808050872464616e+00
8.155769335046523238e-01
-6.287332768214330958e-01
-1.683972651859424241e+00
-1.666970323559773925e+00
-1.062574004135329098e+00
-6.197109082044960360e-01
-7.009428438555365126e-01
-1.220567603278413182e+00
-1.252442758266551381e+00
-2.465111599486003169e-01
1.001392431940642647e+00
1.509557192904997791e+00
1.064853808436632576e+00
2.213170940672124776e-01
-3.891689344261149430e-01
-5.510049313388707404e-01
-2.920674306838601519e-01
3.226497121572300952e-01
1.294722872222515475e+00
1.996286367216599578e+00
1.372387835494425889e+00
-4.412918721471253414e-01
-1.700759223842517764e+00
-1.251373277184557375e+00
-9.289375122568264975e-02
6.333982025732303178e-01
9.049586034195395978e-01
7.726811016731622850e-01
3.764625129330550490e-01
2.501023677935461653e-01
5.727685265326513120e-01
7.440275236822267990e-01
2.723533944703424581e-01
-4.579468266634328377e-01
-9.509719621200578565e-01
-1.336370080070635069e+00
-1.679870735745754295e+00
-1.850605207628584381e+00
-1.985093822536004415e+00
-2.092101060667517221e+00
-1.787120155218146822e+00
-8.910470051386654156e-01
-4.047484964110113076e-02
1.198084896337851257e-01
-2.642199927017186978e-01
-6.281836926198152149e-01
-4.318430162773002623e-01
5.003452015941083353e-01
1.600099554617130382e+00
2.025580380176238648e+00
1.910828088332150898e+00
1.856912397437608053e+00
1.614186824420821287e+00
1.044036021406127501e+00
5.501966824819723989e-01
-2.533828652742079954e-02
-7.562740431781219685e-01
-8.947639660539050688e-01
-2.161091926001997288e-01
3.876800897900798959e-01
3.537765312573315502e-01
-6.207626247004732062e-02
-4.596970847934597759e-01
-4.846875493948538671e-01
-5.437586935640331687e-02
4.188243492716627325e-01
2.899401614238427127e-01
-2.926784046661063399e-01
-2.957143524806237767e-01
3.509244950645761807e-01
7.117788433243757984e-01
5.084612211171833929e-01
6.088807677587095013e-02
-6.144734196618113764e-02
5.659559399002618285e-01
1.333638729965414438e+00
1.425930119721423139e+00
9.584208574302470751e-01
3.495106857130018674e-01
-3.959846694937001199e-02
-7.133320012648456387e-01
-1.262069985103348113e+00
-1.072639566175827674e+00
-7.954722264752918381e-02
6.478137371712839876e-01
2.441208733970582911e-01
-9.536118722798253566e-02
6.838085858645954751e-01
1.664349456936393246e+00
2.045036686110349944e+00
1.712565501758131381e+00
5.275034209550455433e-01
-1.195970209429304321e+00
-2.597760869832126396e+00
-2.730182030057557885e+00
-2.355189311422743792e+00
-1.185017891138615997e+00
-4.264747606649879619e-01
-6.295713900720621981e-01
-1.344286862238147418e+00
-1.739900448771231734e+00
-1.489671971455220900e+00
-9.785094897506437794e-01
-7.054287171592505956e-01
-4.498443248079622703e-01
1.518335449674661775e-01
7.461302339509796600e-01
7.855921746356421265e-01
4.956606350596306498e-01
5.948381042112078632e-01
7.474940651201246178e-01
1.767299276253683216e-01
-5.427688053291309656e-01
-5.439260654892001945e-01
-1.976882274907673098e-01
-2.818535022086952058e-01
-7.659262434213160997e-01
-1.231676169526510822e+00
-1.420583887468158668e+00
-1.241485022883489053e+00
-7.526901677117063816e-01
-8.493988440640797000e-02
5.667479039977439959e-01
8.697452149909363772e-01
6.940520728704628883e-01
2.873672706984002345e-01
-1.112066722331595536e-01
-2.706280851407653620e-01
-1.201213404334195989e-01
-1.536295437105098804e-01
-5.838678658867221261e-01
-6.673989652453578003e-01
3.148958591338858054e-02
7.272913188816986230e-01
1.031917430885642029e+00
1.228099320400054539e+00
6.868864736434356910e-01
-7.094542809445626430e-01
-1.616353330134319144e+00
-1.461965073371481516e+00
-9.355580298558916486e-01
-6.264112157772937506e-01
-4.584228586927068805e-01
9.672597548125622113e-02
1.182312682505915813e+00
1.973473422604950622e+00
1.859420049684476606e+00
1.166256120896452586e+00
2.284955878647813854e-01
-7.009491915243903915e-01
-1.453348618270143389e+00
-2.001578008797796571e+00
-2.142380113702197608e+00
-1.827459989257734563e+00
-1.360768264263001903e+00
-1.160017019270194405e+00
-1.566728984027465410e+00
-2.082001689832620350e+00
-1.698223642059056182e+00
-5.445133793744052486e-01
4.239910852977559208e-01
8.365164101355321291e-01
8.105704621901174134e-01
3.971924687993024228e-01
-1.105814469013437634e-01
-3.810474912197209241e-01
-4.901049734162171156e-01
-3.176062390590013718e-01
3.521407353943343255e-01
1.134219290956504311e+00
1.474040606298182121e+00
1.426364483361513669e+00
1.397663636721247160e+00
1.450493294853496984e+00
1.344930495519230051e+00
1.083781835871070909e+00
8.034436673594445022e-01
4.012388790319261767e-01
-1.813398859497439841e-01
-8.943106738097252872e-01
-1.479086658630193174e+00
-1.461353795089630925e+00
-1.093487229802309502e+00
-1.032124615631279108e+00
-1.345663315471711918e+00
-1.441424719643830787e+00
-6.130205346964291424e-01
6.960124862602542484e-01
1.165707307575726936e+00
7.398759596448656328e-01
2.198767369755228740e-01
-1.845324735492723522e-01
-3.138205354845559070e-01
8.844308143319792176e-03
2.952061443463845913e-01
-3.238176701715846095e-02
-6.054892772202514761e-01
-6.139605839826001166e-01
-1.161688751607430209e-01
8.638459277782294110e-02
1.888155583992529724e-02
3.856507580490462495e-01
1.016717001836845435e+00
1.308556608125427179e+00
1.238349719455539732e+00
1.012551688498143143e+00
6.048520424701480103e-01
1.723139849369916821e-01
1.561342492989783171e-01
6.071399385410718441e-01
1.019170211238404455e+00
9.274343323246502235e-01
3.170065399609269252e-01
-5.511169306493822750e-01
-1.010335617182359647e+00
-5.176432351178583691e-01
3.695810141455915243e-01
9.637098247297364306e-01
1.253333712841907088e+00
1.241605908532357638e+00
8.437940978457346697e-01
4.682219800412293909e-01
8.250179580760236275e-01
1.509981148323318534e+00
1.426443945043217809e+00
9.023935103179954176e-01
7.461102311492676664e-01
8.256228483026868403e-01
7.260782789548515526e-01
1.837096983777015621e-02
-1.295651404008944185e+00
-2.233220059059909168e+00
-1.933802125826243223e+00
-8.406219858840029424e-01
-2.454560172212119640e-01
-4.633613401701054957e-01
-6.076694053763438408e-01
-3.600157648601947646e-01
-1.522737914773381884e-01
-2.584050939256081758e-01
-7.407186581142198856e-01
-1.269190445367445852e+00
-9.638334237947784322e-01
1.114501470666871552e-01
7.776006346647097445e-01
5.379103929167344811e-01
3.106623339473073980e-02
-2.460301350879003923e-01
-4.578086895121931121e-01
-5.301220752008080073e-01
-2.106545941371790187e-01
2.859754016928808817e-01
7.622012227751736591e-01
1.216225573300106610e+00
1.388467314875494685e+00
1.150486877789450579e+00
9.966440647490165672e-01
1.280423165421324283e+00
1.619918285430861804e+00
1.588335639676863531e+00
1.040406559602009118e+00
2.101241187231445984e-01
-2.950573671273594711e-01
-2.579554755491867413e-01
-1.015376813352917990e-01
2.772785008463979906e-01
1.023135409888647818e+00
1.340851973615935666e+00
9.245065643531997779e-01
4.201550435345770551e-01
1.344285639567886215e-01
-2.638287173427316668e-01
-7.915830796890225285e-01
-8.340173601979725682e-01
-2.350692412016437416e-01
5.160287089709677533e-01
9.798566161468760249e-01
1.080867711566258604e+00
1.013325184810748070e+00
7.268209480291280000e-01
-7.477205128285324687e-01
-6.629218647824419719e-01
3.829904475453499990e-01
1.630287912857115051e+00
2.080961968994234468e+00
1.346889446909367516e+00
-6.514461966548440279e-03
-1.107697351831438581e+00
-1.446263130604004798e+00
-9.756372146422009894e-01
-2.073987726391820774e-01
2.236211258454489093e-01
3.358115376853770817e-01
6.894278997653816576e-01
1.356066730539070120e+00
1.755090174138657089e+00
1.348659937184744306e+00
3.596399846454562677e-01
-3.656284230279378544e-01
-5.203903141658565712e-01
-2.768217062053719424e-01
2.551174835230886062e-01
6.096631123329860902e-01
6.043578079968057182e-01
6.880837477087726750e-01
9.624590958480992997e-01
1.392724049114169915e+00
1.863494968046631728e+00
1.955569922791384974e+00
1.546844850568771745e+00
1.044710382566549578e+00
9.097670572430031077e-01
1.144325608327812605e+00
1.137073092834447241e+00
4.682159831409005712e-01
-4.158448639382643086e-01
-8.795289579095630916e-01
-1.048574585869993303e+00
-1.369238256243223040e+00
-1.547381052669330792e+00
-1.395239550712002119e+00
-1.117465077071876589e+00
-4.537544571791323200e-01
4.456354521222866127e-01
1.054459019129247999e+00
1.066837969011065645e+00
4.372469324222381659e-01
-1.461224781944582829e-01
-1.178280161186584241e-01
1.942582681367877595e-01
3.282823646246386118e-01
1.538727706911864890e-01
5.171222579377586330e-03
4.713961595183120412e-01
1.395844286212648111e+00
1.830456636834646433e+00
1.100332966382066680e+00
-2.621743787171489370e-01
-9.162724315491270755e-01
-2.173538930792200119e-01
9.870801364619674612e-01
1.650159862180630821e+00
1.974096706578408744e+00
2.278139985672250400e+00
2.010838533194287514e+00
1.129176002072657781e+00
6.518678581482739709e-01
9.003551361749259074e-01
9.047512035325849800e-01
3.571937163414696248e-01
-1.036896262668607072e-01
-4.431706955919360036e-01
-9.300049092857740618e-01
-1.426566901797317710e+00
-1.723480229256792784e+00
-1.735626426005954182e+00
-1.594153893760812180e+00
-1.521692090100608130e+00
-1.327034171205991209e+00
-9.117924791016334130e-01
-6.612542064034893086e-01
-5.067242742171739200e-01
-2.053210155058683983e-01
2.108619091803617257e-02
-1.102531433736434197e-01
-5.245568514861190801e-01
-8.465506884900053652e-01
-9.790172651404122073e-01
-1.210167942135430108e+00
-1.502283924348350119e+00
-1.614573599337266074e+00
-1.421591531017022181e+00
-8.328312244190213542e-01
-1.839735238755439151e-01
1.633035169491674765e-01
3.762189338508639680e-01
4.455673172505534851e-01
3.085326913915714675e-01
2.986328986883898459e-02
-3.837056578775908111e-01
-4.332660790015894214e-01
2.747356602066425291e-01
1.111997538713505707e+00
1.353556480564761966e+00
1.213994140836763602e+00
1.046453204063512166e+00
4.225224099962069380e-01
-7.769716519463957249e-01
-1.532635393192361528e+00
-1.233123026934980215e+00
-5.456709663076683148e-01
-4.021199038704008077e-01
-1.035000678918870376e+00
-1.686339225054529711e+00
-1.361492031418156223e+00
-2.319679601288403281e-01
5.753640304720202270e-01
5.014555147025940851e-01
3.918084133442154698e-02
-4.233104590195375105e-01
-1.238975176722859395e+00
-2.223626225135128642e+00
-2.349954735106399184e+00
-1.368186465862487156e+00
-4.259582254872807394e-01
-4.260114294482620356e-01
-1.014796361710436523e+00
-1.275447659564582503e+00
-8.038089944059374492e-01
-2.184565883951033322e-02
5.259608898539398503e-01
7.379126262380895085e-01
9.284526935402775960e-01
1.247342552754217015e+00
1.311775487283865393e+00
1.046423039128895338e+00
8.170464554470429075e-01
6.812853383231360915e-01
6.471977703312590258e-01
5.894111490683667798e-01
2.117172126206570970e-01
-3.823271082242760133e-01
-8.004246584205820803e-01
-8.584362592111172141e-01
-6.315669462346715779e-01
-2.472746511906298850e-01
-3.194945819344276183e-02
-1.542099869973004474e-02
2.244419195274054424e-01
6.015267227473169998e-01
7.421988047341182559e-01
6.142179122830587756e-01
3.775768107183483657e-01
3.765211422375414618e-01
6.860990793382480968e-01
9.220625598568684689e-01
9.442256776112490924e-01
8.852102700063848584e-01
8.859972396559441243e-01
9.503380830503437293e-01
1.074915718011395516e+00
1.319408843783749896e+00
1.367992187225381517e+00
7.225438108481855304e-01
-2.406563308425664904e-01
-8.934673922539543289e-01
-1.324490025184190234e+00
-1.299985829490264644e+00
-4.863071550724076819e-01
3.076174914476204614e-01
3.023875510538902578e-01
-2.423477201574923967e-01
-9.979058315227348208e-01
-1.690360355933660408e+00
-1.896194562615711288e+00
-1.695884651217648864e+00
-1.168653449411499956e+00
-5.446457528561968187e-02
1.055301885372683879e+00
1.088583900573211638e+00
3.917258745980134460e-01
5.603825270400203395e-02
-2.753405433121589030e-02
-4.939796206944401247e-01
-1.263298038528875455e+00
-1.714393448425054256e+00
-1.597212190290256295e+00
-1.106084406122983754e+00
-5.930201082123712775e-01
-5.601409930773666446e-01
-9.513528969000656366e-01
-9.754704576359131130e-01
-2.261098011368893324e-01
6.361878964294438443e-01
9.101723295226026300e-01
7.747423666605109949e-01
6.722426168421973269e-01
6.575902609407281441e-01
4.612581198887633627e-01
1.242204849859688265e-01
-1.274895256124324971e+00
-1.451712146125138547e+00
-7.806781050795094101e-01
-3.805487590401465114e-01
-6.825830375922944393e-01
-1.144351127431814774e+00
-1.099214020751547505e+00
-6.860675597893171052e-01
-4.949193777223563906e-01
-7.023928765019661347e-01
-1.072551274667603582e+00
-1.199194872837443304e+00
-8.389940204710628624e-01
-1.495400339030907855e-01
1.143630929019703868e-01
-6.658207368641638757e-01
-1.604446729527362114e+00
-1.645827359497340936e+00
-1.248677426756297226e+00
-1.059686546638626270e+00
-8.140716935954713795e-01
-1.772641474341132284e-01
1.715429015103100974e-01
-4.904691967367666439e-01
-1.417466549886520433e+00
-1.658188482981957312e+00
-1.519036784234882864e+00
-1.562930641763857320e+00
-1.426434606390286852e+00
-7.075909061382348320e-01
-4.010211478696291271e-02
-1.201791966726801532e-02
-2.061723434154148493e-01
-2.550077652668509831e-01
-2.675659814984302498e-01
-4.781149910688704124e-02
4.192566964894819947e-01
4.899411554957006643e-01
-1.426177997005412534e-01
-1.118719550944650809e+00
-1.798617537932256427e+00
-1.524290750748233059e+00
-2.541650195491506059e-01
1.159630031878608136e+00
1.825723199485507431e+00
1.316739961061695441e+00
-1.365339771103072364e-01
-1.370790510131980833e+00
-1.782954563961472561e+00
-1.667117683438276821e+00
-1.031673946483008697e+00
-1.692435690407786963e-01
3.893390980687380654e-01
7.444798661355154223e-01
1.160192755992050406e+00
1.247974598507697763e+00
6.783410336164247267e-01
-2.481445540548011044e-02
-3.074684584318720382e-01
-1.248985623329604278e-01
3.088980028683557255e-01
5.841731990425405030e-01
4.025035427524815690e-01
1.776184483637451017e-01
3.692199478906564303e-01
4.464691204584468887e-01
-2.244267371443077475e-01
-1.244905448832516859e+00
-1.740364627570413436e+00
-1.454768960799365907e+00
-1.018333078793296709e+00
-9.104146061176023874e-01
-5.317127544472584066e-01
4.593855711070256032e-01
1.334450103298656876e+00
1.684280436092264965e+00
1.739979065288311810e+00
1.677710685783966760e+00
1.408461625019252761e+00
8.485260758908153012e-01
1.793080689522357218e-01
-3.265517809339105182e-01
-6.024343816777680827e-01
-8.071950824785140144e-01
-9.926528679121463528e-01
-9.738364720546273112e-01
-6.863281963453040646e-01
-1.464847668664986668e-01
3.716316551600725715e-01
5.421161678210970614e-01
7.017606932408375631e-01
9.066807025573040413e-01
6.452532629705686196e-01
-1.131858981186348832e-02
-6.054061831772957758e-01
-8.231802029663606302e-01
-4.592612240972768212e-01
9.001386405540320879e-02
2.314703564311617612e-01
1.481693085310881175e-01
1.739408289632282389e-01
2.211106318146330574e-01
4.499293002981621936e-01
1.156167198955609043e+00
2.005217693547166835e+00
2.476773625946898427e+00
2.416310745893507139e+00
1.809237121305306673e+00
8.089818280842572262e-01
-1.562236479143942480e-01
-7.211740842685075981e-01
-1.031872902413336623e+00
-1.299871955709203775e+00
-1.247078963171815769e+00
-7.912910420306379367e-01
-3.889076121808678344e-01
-3.349248123292241086e-01
-3.500593164233262722e-01
-1.095004258838572775e-01
1.479620886919850720e-01
-1.290568234386401114e-01
-8.469137862674379624e-01
-1.194414657487423259e+00
-7.673075153195919595e-01
-1.577736041395965683e-01
1.208084198376604551e-01
5.514559829994424289e-01
1.381609039815056672e+00
1.728053684768957821e+00
1.230824877807019213e+00
7.742150879976568145e-01
8.229280962403449085e-01
1.104561744362695386e+00
1.231508033131797575e+00
8.036911774282393672e-01
-1.825830677748926933e-01
-1.030375926854602664e+00
-1.088204829904311888e+00
-4.431872636262117471e-01
3.672632850020937645e-01
9.715661735458321902e-01
1.055929184903702245e+00
2.751147534619592938e-01
-8.130731148066012715e-01
-1.083344517574857058e+00
-7.448951552743079407e-01
-6.670695462982592083e-01
-7.501939323706662277e-01
-7.759088193212311246e-01
-6.382139051035613520e-01
-1.601181545253569094e-01
1.855885698501065217e-01
7.881850251262541296e-02
-5.157631503840241771e-02
-5.968321997230422588e-02
-6.654569635805149784e-03
3.835927306273717585e-01
8.541718353789340412e-01
7.235135520165322243e-01
1.001314178920263420e-01
-2.601420421041765185e-01
8.481511108105015129e-02
6.197045989763100282e-01
7.341341281799751428e-01
5.278332600786433959e-01
2.568041394225054064e-01
4.876696776565479091e-02
-8.816203535006866820e-02
-1.873598693702342166e-01
-4.281489059369388284e-01
-1.139066041333340440e+00
-1.957787107183129205e+00
-2.181115914746404982e+00
-1.924480539709974902e+00
-1.423846176673626562e+00
-6.530813362888852058e-01
1.983714767538476698e-01
7.710093525300292239e-01
8.299827189279356254e-01
7.894826993784004321e-01
9.405850276029873447e-01
1.029847925635809069e+00
1.179158361735455074e+00
1.292361802596324827e+00
9.806859923574703375e-01
6.469625758751991196e-01
9.810876144657030284e-01
1.814770699860712488e+00
2.362669028041062713e+00
2.205975283830690081e+00
1.525382919170268803e+00
9.209632922367293473e-01
7.935502054467370447e-01
9.288717722976732594e-01
1.083372169482626379e+00
1.298199129468988966e+00
1.576026224001180420e+00
1.720015508875524235e+00
1.545545766536502885e+00
9.888404428058402695e-01
2.791435164205449682e-01
-4.843303934891330376e-01
-1.580749862490923086e+00
-2.081223165640530226e+00
-2.018466508677343896e+00
-1.603993519031103432e+00
-7.738803816375797728e-01
2.908706771911174008e-02
3.856338398810492119e-01
4.887890889716377529e-01
3.183700096465639784e-01
-2.591324897129508864e-01
-8.334276556882911358e-01
-8.744740170435874038e-01
-3.463768775991476478e-01
2.870500434886708585e-01
4.628030976139030916e-01
2.976244962161667118e-01
4.244507831991291003e-01
7.540344674649513967e-01
7.113084993610306883e-01
1.985414529631350233e-01
-1.718365179514425300e-01
7.805935653629617055e-02
5.150081239963463231e-01
4.915472466445466315e-01
-8.204486264267638052e-02
-6.352854166380074163e-01
-6.199193602127562874e-01
-1.641681550580119664e-01
2.064494578696797755e-01
3.531759174090329800e-01
6.531891745165629981e-01
9.408962925361483709e-01
7.061249549025142569e-01
3.956742906544044591e-01
5.004620948248617029e-01
4.450449414385624913e-01
-2.065482803883006424e-01
-1.089737607965074684e+00
-1.713171724426061804e+00
-2.061769533584776326e+00
-2.269426317772404111e+00
-2.193128500855692664e+00
-1.856053235516849975e+00
-1.289030402464014458e+00
-5.450091777297032536e-01
-1.648122320169217447e-01
-4.395637866077045097e-01
-1.051853990089880453e+00
-1.585075305395551526e+00
-1.527435476932702763e+00
-6.991843760506297745e-01
3.866055863999385278e-01
1.043447129214723157e+00
9.972340082014901075e-01
4.915995644090839223e-01
-6.460560545480086014e-02
-4.100877581718833653e-01
-3.867802874171440974e-01
-1.308097707984999802e-01
1.380379533363801647e-01
5.787191998739976695e-01
1.330013231051701661e+00
1.753235093988806836e+00
1.179630479881333960e+00
2.740360338221576875e-01
1.008084180063801155e-01
6.861542569881422526e-01
1.057500844333471690e+00
6.823292218513534735e-01
2.054551055591600783e-01
7.734990084770497487e-02
2.505250093663299524e-02
-9.035625564850933988e-02
-1.523497417646838825e-01
-4.553091656422594835e-01
-9.012395286197401045e-01
-5.230002607014038185e-01
8.496847441971556725e-01
2.162790299404124816e+00
2.424373764930972897e+00
1.483739150429983278e+00
-1.044516643936749672e-01
-1.315291897788119835e+00
-1.375457333683119732e+00
-5.013007790042857126e-01
2.913688546447127381e-01
2.018975331154275188e-01
-3.051988609743500613e-01
-1.638739539917231092e-01
6.900068889739311428e-01
1.415080521261685043e+00
1.375269782303297106e+00
6.219437008502544106e-01
-3.546391178739224936e-02
-1.093365617104570392e-01
-2.797446283441770154e-01
-8.045261457275444394e-01
-8.880158844417058717e-01
-2.547124679160409633e-01
6.533843679332843601e-01
1.554647626794805726e+00
2.244825733409101520e+00
2.516951024737708043e+00
2.395864792835780577e+00
1.836329410960076514e+00
7.138502882026959151e-01
-5.452037279599238895e-01
-1.156013336054988683e+00
-9.387646585383527809e-01
-3.612331737669028375e-01
-9.335091569648618429e-03
-1.436138510642531729e-02
-7.927671703843226780e-02
-2.145144520580120617e-01
-4.602833572850063559e-01
-4.317091664332244894e-01
-1.532975817048280731e-01
2.363797623706089257e-01
8.862802030681962151e-01
1.250439910532692434e+00
1.120999683284462867e+00
9.417465515057316106e-01
5.694688273023975622e-01
-3.824045580982653875e-02
-4.739847264519199133e-01
-5.350673770805970397e-01
-5.473441175754254484e-01
-9.140142240010015184e-01
-1.239058646819016785e+00
-9.990006583547511587e-01
-3.317309161750481294e-01
5.514686014101698452e-01
1.359508650373093541e+00
1.355372897046361880e+00
5.150451662761995619e-01
-1.536182312613972034e-01
-2.866162785269272817e-01
-2.547153613414274154e-01
-1.805424919161720820e-01
-8.824157144012195753e-02
-2.188878285913057886e-01
-7.135770836374815129e-01
-1.023094942063535351e+00
-4.068481771293513960e-01
7.708977926856425134e-01
1.492109234379700888e+00
1.342654212942756109e+00
5.930237671891321893e-01
-1.928150981649914275e-01
-4.946498759973779746e-01
-3.040703559736151473e-01
3.426162716775782435e-01
1.534501832460069437e+00
2.417203647543896938e+00
2.402390712291231800e+00
2.140466247397585509e+00
1.783806030776634577e+00
1.239295460231617740e+00
8.403768462101722792e-01
3.906749125708828263e-01
-4.296160334614386178e-01
-1.143330435702814896e+00
-1.096993192337141654e+00
-4.015598003128510451e-01
3.391271281648009506e-01
6.871862724291395441e-01
6.461397331023540636e-01
6.076340647787917826e-01
8.081444296590117871e-01
9.581057315313622480e-01
8.935196910222295008e-01
8.121277813068079610e-01
5.186236378713497963e-01
-6.602933251404814741e-02
-3.958197820620633633e-01
-4.608724123074102175e-01
-5.643417983720057096e-01
-7.640315341423862261e-01
-1.291865875416357889e+00
-1.919798586462472256e+00
-1.932701543559872226e+00
-1.256786056763614656e+00
-5.124682441121366505e-01
-1.175993646221469568e-01
-1.933593474146218794e-01
-9.490875939586383980e-01
-1.950877936093821763e+00
-2.275005274839223990e+00
-1.890890412016004829e+00
-1.367438293639573255e+00
-9.341788205648989818e-01
-7.802019699413844656e-01
-8.668897481190027676e-01
-5.984837506707104682e-01
8.204257571058680421e-02
5.411672939474906352e-01
6.161148288969585662e-01
4.450141826149535684e-01
