-1.817089979289339538e-03
-4.535058748741385148e-01
-6.631063270273266363e-01
-6.300663527161626254e-02
6.303847365231232125e-01
4.475606085442553894e-01
-1.820151618829314866e-01
-4.306404173675896230e-01
-4.619369037512567333e-01
-5.356248923485655844e-01
-5.093376980136340437e-01
-2.872930092799388380e-01
-9.520598273813418722e-02
-3.226374908032833555e-01
-8.086075155354496280e-01
-1.291592995419339251e+00
-1.917798332816272211e+00
-2.406247150885455710e+00
-2.189241124379829984e+00
-1.487419914987755387e+00
-1.239684279483696860e+00
-1.579298269893733231e+00
-1.395546748541689697e+00
-3.090883379309697920e-01
7.648310039673207328e-01
1.312302849877761801e+00
1.322203733992629360e+00
9.952425476800799142e-01
7.519256916024152915e-01
5.697155224780290350e-01
3.478118882117133270e-01
4.849310004581550704e-01
1.217619031331860668e+00
1.813112468911856290e+00
1.319441471070491811e+00
1.906257094624028980e-01
-4.329337040217141608e-01
-4.292139558644799124e-01
-2.893523023860483101e-01
-1.806264312256521121e-01
1.034809897585686200e-01
3.138960772041497482e-01
-1.039560661176373163e-01
-6.742008381049837684e-01
-7.026527318451880610e-01
-4.828106215440794990e-01
-1.675913433695514487e-01
3.905428777815027064e-01
6.259724869886439391e-01
4.042647656817087709e-01
1.678980409905211080e-01
-2.331890069728551895e-01
-8.381657039582459667e-01
-1.256594370338348421e+00
-1.048299296533124370e+00
-3.860330557642568938e-01
-2.667597089835704871e-02
-2.618552199796241320e-01
-7.666349993298050558e-01
-9.600885361356766845e-01
-4.143846178640517297e-01
1.396519990205007666e-01
-3.094053031471152848e-01
-1.039019465449954716e+00
-8.936868702809546150e-01
-1.584113226842144284e-01
1.003931397120601809e-01
-7.988657770900211563e-01
-2.115992304877922781e+00
-2.178759900012136264e+00
-9.173670380447273009e-01
4.348427353589535277e-02
5.052653921879605298e-02
-1.576614547457427240e-01
1.664687664245291243e-01
9.639676261824432490e-01
1.319440632049576401e+00
7.757617463401241809e-01
1.438231285465352005e-01
-1.455481567424746214e-01
-7.490384125224687217e-01
-1.551330457086063985e+00
-1.608795842354204364e+00
-8.328254249607556225e-01
2.167997101966489815e-01
8.425840262542863002e-01
7.217225110040086378e-01
2.764828053350258941e-01
6.087263086170248416e-02
2.270265271012181785e-01
3.388781557082017892e-01
2.213155154620813081e-01
2.344895321901103169e-01
5.377660074028141057e-01
1.054719025490812756e+00
1.525442072003004412e+00
1.640718258365906790e+00
1.386155049692869401e+00
6.500261696604322514e-01
-2.377412677424317333e-01
-2.660402096129111937e-01
6.261241514732960312e-01
1.335877335512267283e+00
1.222440462247988080e+00
5.652739652162298567e-01
-1.565268717651132069e-01
-6.203593927008481668e-01
-7.511344919559468369e-01
-6.630585136844269201e-01
-3.597508324774749688e-01
-2.324091428157266381e-01
-7.601819057770168309e-01
-1.430265085620078924e+00
-1.096401760468974640e+00
4.452251944313524445e-01
1.899171328001125092e+00
2.122897579123907974e+00
1.085088053134201980e+00
-5.061063509336226618e-01
-1.552752567046819410e+00
-1.508097294021186752e+00
-8.730500638471839769e-01
-2.529356955121462441e-02
1.042364080008506111e+00
1.687804030340307015e+00
1.342379984834486839e+00
6.859666604431942094e-01
6.845325541016914483e-01
1.210723787029184040e+00
1.698361914469874057e+00
2.220091221131113457e+00
2.721755653601828584e+00
2.728606401348382615e+00
2.728606401348382615e+00
2.608990142176206284e+00
1.607233072195221713e+00
1.012511308135231047e-01
-8.294609465834035245e-01
-7.797277737246186557e-01
-2.567537015909386877e-01
1.995726712564232230e-01
2.424040006960014593e-01
-6.639159799177962035e-03
-7.079842187386981012e-02
6.181655334157739462e-02
1.907586560766936223e-01
3.777380185224343823e-01
4.617690812415156110e-01
1.665372892946205274e-01
-6.447802607883927617e-02
1.980623574270668485e-01
4.669456463801262003e-01
1.733766725360208483e-01
-5.251264090289976538e-01
-1.083955477487529517e+00
-1.059615191604942774e+00
-3.071792956276844788e-01
6.723506228607354362e-01
1.112888760627989804e+00
7.070246547782423896e-01
-2.450775509690508724e-01
-7.788289869665713239e-01
-2.180670282325945786e-01
5.578927763091927616e-01
3.849788432399644522e-01
-5.195688833700375930e-01
-1.293320881742141770e+00
-1.566489130584555411e+00
-1.274968162618614675e+00
-5.653691868996448822e-01
-4.033641536653187476e-02
1.453180135827917274e-01
5.572334355579430243e-01
1.293380523050365882e+00
1.640682200757708875e+00
1.188591767677021904e+00
4.203736098047305414e-01
-1.346903674354074099e-01
-4.005178109211867121e-01
-3.679503124249711710e-01
-1.563546707938590630e-01
-1.856271556413173485e-01
-4.190122122841281604e-01
-3.361709124102151280e-01
1.371382190998223505e-01
5.784737469187920533e-01
7.117534905670257483e-01
2.543954488053398189e-01
-6.520246749189007041e-01
-1.276056750098584214e+00
-1.674743136442832236e+00
-2.198657110275401116e+00
-2.352631340494820034e+00
-1.731607872793180292e+00
-8.767349796305015097e-01
-2.803450048125502025e-01
3.083105883533029390e-01
1.040525015148092036e+00
1.561973503551834508e+00
1.315362296290486288e+00
6.251146962133778684e-02
3.131014868816935776e-02
-3.263144890827699429e-01
-5.643849802180783692e-01
-1.298745248177143041e-01
6.175685442356683152e-01
1.025824897200079189e+00
1.037182190807708349e+00
6.739018583656372074e-01
-2.576030126868011361e-01
-1.165723857564348043e+00
-1.141435919670847676e+00
-2.720149764537785342e-01
6.049703127484635790e-01
1.184636062922925559e+00
1.391752736240745136e+00
5.207116274459399063e-01
-1.056671357886882490e+00
-1.682498664788235399e+00
-1.083610241390843498e+00
-4.175834157257214407e-01
-1.297752374696522215e-01
4.241182371317781669e-03
1.281986671610538253e-01
1.943569942775263959e-01
-2.690980231475155748e-01
-1.367076916594493596e+00
-2.396868204964512916e+00
-2.644132806226382915e+00
-1.934954361349275898e+00
-7.891782985811504059e-01
-2.173787638934038605e-02
8.953074595092334886e-02
-1.745741352999905238e-01
-2.377415345404348956e-01
1.984964099775443358e-01
8.114052202245134460e-01
1.262632361653693414e+00
1.207200846466136124e+00
4.117170928727401646e-01
-6.328138128534436246e-01
-1.120863402181386581e+00
-8.095810055329764054e-01
-2.722959529106245835e-01
-1.133932575780555868e-01
-2.191460550269198060e-01
-5.403829529766991380e-01
-1.271490991484706568e+00
-1.827585409193033916e+00
-1.764104188019419261e+00
-1.565604474113591715e+00
-1.562566545668022222e+00
-1.556711688150405282e+00
-1.249982319300401601e+00
-4.721064660769092036e-01
3.090818333789872585e-01
4.666193711439025615e-01
1.881075346591075947e-01
-2.433167702842829461e-01
-6.713223427190168069e-01
-7.749221524222092983e-01
-6.576753985103727107e-01
-5.240716993758758324e-01
-2.428178052032370915e-01
-5.699191490661162894e-03
-2.285796029139454955e-01
-6.622020309352256717e-01
-7.487467476053506488e-01
-3.994219393900768633e-01
3.074796798959285593e-01
1.131114821924126712e+00
1.589747097235780338e+00
1.477459618824862764e+00
1.027488785380972436e+00
4.676692960137753818e-01
-2.346083882258580278e-01
-8.918379058839904783e-01
-1.178536242069404105e+00
-1.027826561041493836e+00
-7.308077389018898806e-01
-5.441094660336536215e-01
-2.469967221000259339e-01
4.164867542722857641e-01
1.174851827659779246e+00
1.635177549454635004e+00
1.800339106057230909e+00
1.517374010019940433e+00
5.193214016019594981e-01
-6.876408541808310959e-01
-1.188559572504264805e+00
-9.185677617984748800e-01
-5.210877578896930817e-01
-2.153636147848078108e-01
2.917290309980148932e-01
9.499412868618797301e-01
1.176371419034081933e+00
7.823594969109993746e-01
2.270446770094757816e-01
-1.485136322831278333e-01
-2.534887388652738438e-01
2.269611572223097229e-01
1.205841472977113416e+00
1.966842137654483569e+00
2.066875480489192007e+00
1.745016026056938063e+00
1.631519105899296607e+00
1.703901747020757584e+00
1.541757670638578936e+00
1.294905188466462187e+00
7.746251234991777812e-01
-3.548155315262107035e-01
-1.295024732692594771e+00
-1.117466584983812350e+00
-4.273229024820115463e-01
-4.572051167587539156e-01
-1.053728730426282345e+00
-1.415064554281515008e+00
-1.374218264054003935e+00
-7.986408167905502120e-01
2.117229700971123285e-01
8.627904293287171900e-01
7.756789127709745602e-01
4.008982037233156381e-01
2.439454696183409876e-01
2.864590515529089609e-01
1.563103316807486487e-01
-1.414367012950535074e-01
3.948878723459316176e-02
9.091995502331604584e-01
1.422406567976361114e+00
9.440682002102004367e-01
4.014760670280907995e-01
5.874849905031783726e-01
8.947870120213472500e-01
3.599076979479984839e-01
-9.695504215883673504e-01
-1.943646510548349582e+00
-1.805149812395751452e+00
-1.257961125360141041e+00
-1.070419227730725176e+00
-9.189479876497755884e-01
-7.052334506244994916e-01
-9.204276547898767591e-01
-1.230158836642577302e+00
-9.242335480893305588e-01
-3.848904130024100034e-01
-3.513766101160168409e-01
-7.737585934259356701e-01
-1.258013398187616483e+00
-1.304514096151921265e+00
-6.731245180742677636e-01
-3.387139091339686631e-02
2.288366774796165293e-01
7.059065143874869719e-01
1.466362738783017816e+00
1.816633641590239101e+00
1.331525078827382469e+00
3.802871427549463501e-01
-1.484418737798924026e-01
8.526127338747568896e-02
6.944789614865499727e-01
1.264695624383362693e+00
1.168673491291083222e+00
1.505037828476604722e-01
-8.349741174956590850e-01
-9.256272026979982526e-01
-5.152891805319410601e-01
-6.107584684134013120e-01
-1.383630025359515292e+00
-1.970085953562526804e+00
-1.711444310972422223e+00
-8.419259492816095758e-01
1.158951110966672526e-01
8.996275438518415157e-01
1.336648832644636187e+00
1.540764125276637531e+00
1.723457777876735486e+00
1.734419991450963927e+00
1.433066089978284996e+00
1.084706750614335524e+00
1.019441442337211123e+00
9.616335501876283054e-01
3.497853299240634151e-01
-4.813713934107498593e-01
-4.687160496587683411e-01
6.430214886078955416e-01
1.805035187597116009e+00
1.982800889891891405e+00
1.193488460225330394e+00
3.053845650520704003e-01
7.139757883867192678e-02
2.238320013231486494e-01
6.289524326468950988e-02
-1.513379672950082855e-01
2.328540035397946573e-01
9.014700441940153297e-01
1.081042396894654534e+00
6.542764869890331791e-01
2.422101796404475468e-02
-2.511081398917351382e-01
-6.172878885401575921e-01
-6.276015336009824752e-01
6.836640543861545460e-02
8.465771025597125243e-01
8.097722138421389326e-01
2.382783730960798263e-01
-1.016490498164359796e-01
4.226893531609673266e-02
7.628012139429726224e-01
1.725850717961423975e+00
2.220079689332817185e+00
1.945230569071688009e+00
1.169567161154471790e+00
4.355462012707513875e-01
1.066471948932086189e-01
5.962329878500606528e-02
6.328140057927024442e-02
6.928778673748545169e-02
1.647705608859552640e-01
3.066747285367434905e-01
6.214405140553978107e-02
-3.815888067123031080e-01
-1.222625778111838535e-01
8.478287273257840706e-01
1.683050635925230409e+00
2.044757661223504108e+00
2.197988416948977619e+00
1.988803457512676953e+00
1.009268652368058072e+00
-1.956481934470269135e-01
-8.011353034010159080e-01
-1.103201047588674211e+00
-1.388019256228950393e+00
-9.890228090229790103e-01
9.125788666610884503e-02
7.617487318418464382e-01
5.936454483745093880e-01
2.541674954846549483e-01
2.871993713778281943e-01
5.628027956894482431e-01
6.022997493317606699e-01
3.243804168101994678e-01
3.151368566836162954e-01
8.239220485199761912e-01
1.245096801828918576e+00
1.313095926090199983e+00
1.497075251276411167e+00
1.759199103205203452e+00
1.534100132711665010e+00
7.874315311430749587e-01
-2.267003366805474263e-01
-1.276093422457135418e+00
-1.866950659046669569e+00
-1.761839557801171186e+00
-1.282908882101746251e+00
-4.780267610620996255e-01
8.452722946919467573e-01
1.946021808916904794e+00
1.796879488029367034e+00
9.014535613259823110e-01
3.757852252197341758e-01
3.445753374410225889e-01
1.728117814513049078e-01
-7.104367751447998591e-01
-1.876251166586371921e+00
-2.297864739492636144e+00
-2.045261861789223090e+00
-1.706031254827955479e+00
-1.081101068243194074e+00
-1.065963195028169080e-01
5.236874468229663071e-01
3.949461948483483642e-01
-1.535776981365549465e-01
-4.950821668003477227e-01
-7.355566989774037223e-02
6.875848950678382643e-01
7.094170603464517999e-01
-6.986351925354092329e-02
-6.067693952844819272e-01
-4.071015541892378797e-01
-6.523636607542000754e-02
-2.225121009970132402e-03
-1.487080604029273889e-01
-4.832048596242380367e-01
-6.919384708317709576e-01
-2.600877672494901760e-01
5.970321473121036338e-01
1.072144562115668665e+00
9.695110360341140376e-01
6.116106687787092877e-01
1.171787829377776424e-01
-4.386190887643419134e-01
-9.092784227814927345e-01
-1.098452511466792902e+00
-9.445855842789139256e-01
-3.162690096928144068e-01
5.306361345339776214e-01
7.185145238191184003e-01
5.387136742196509120e-02
-7.003842201024895742e-01
-6.647886594099450264e-01
1.714135590123496700e-01
9.001693495596693184e-01
8.653137977863912811e-01
3.848834885224041713e-01
-1.675811503968759608e-01
-8.946430774623908011e-01
-1.262203999238229679e+00
-6.020989317132311447e-01
3.698869234004857898e-01
5.531921923775356964e-01
1.493436507890198162e-01
1.766975478785555720e-01
7.507140645616457997e-01
1.046861725125991072e+00
7.974091024588302323e-01
4.894144608468920521e-01
5.878248571399732336e-01
1.030411616031780220e+00
1.186108073895488113e+00
6.239148473280400342e-01
-5.068693111101900683e-01
-1.739798356476768282e+00
-2.230117459688964132e+00
-1.764353649539482483e+00
-1.015452258169194710e+00
-9.320004388157729358e-02
1.126355633532216016e+00
1.692978617654449458e+00
9.197793484076647319e-01
-1.884026374406616300e-01
-5.216025619362073540e-01
-2.153656399673882782e-01
2.225597102323529919e-01
4.047167544760476576e-01
1.613823621069555847e-01
1.988501313461472561e-02
1.323080500344467891e-01
-1.113237817783473138e-01
-7.011709126501733946e-01
-1.061524364393672926e+00
-8.961262370348530570e-01
-2.865729875434974150e-01
6.278071278141256206e-01
1.571934933196843076e+00
1.489606430565672213e+00
-1.084527734977327740e-01
-1.928881032096606551e+00
-2.719917513347330118e+00
-2.691054915409621273e+00
-2.072969142504474505e+00
-9.933981889431550139e-01
-9.801954767868580054e-02
4.487448687593239074e-03
-2.308023691929587118e-01
-2.052032781391865957e-01
2.077536482469646006e-01
6.514854888843950587e-01
3.827812770885039018e-01
-3.432866470765347233e-01
-4.275481830188359034e-01
2.658551878294101445e-01
8.724752299681748369e-01
9.091186114663629692e-01
1.049858005799458205e+00
1.738163676373326805e+00
1.919954470287571269e+00
1.125048890137763991e+00
3.554156083844223768e-01
6.580530983807494905e-02
-2.377255670411892660e-02
-1.146453640358178205e-01
-6.111240314096193504e-01
-1.652943924318263980e+00
-2.523121321601839995e+00
-2.515194602568694204e+00
-1.746515929062330441e+00
-1.036693443049392371e+00
-9.170566288384842668e-01
-9.762903882905281661e-01
-8.131637609708686210e-01
-6.994494571077487510e-01
-8.977155244471294315e-01
-1.219739111201427084e+00
-1.159425769719354182e+00
-5.218685368791948775e-01
1.500583457266132514e-01
3.475558596207027340e-01
1.923700845006067195e-01
4.427916799576418067e-02
6.280139538396375953e-02
3.342539795900500987e-02
-1.372666457887647129e-01
-1.869618143615427164e-01
9.576605712561782335e-03
2.527802729383322733e-01
3.410598527314510631e-01
5.420257731193407758e-02
-4.788620431316690240e-01
-5.961854500361161158e-01
8.951545116694050730e-01
1.406250199136381607e+00
1.348222920688344040e+00
1.058954905757802711e+00
7.542889876918036363e-01
4.508626838233544820e-01
9.186664875636105232e-02
-2.976012743725838239e-01
-7.048933299497048832e-01
-9.075876994925811125e-01
-5.652987167945046076e-01
-5.285093443549705033e-02
2.517794582779067300e-02
-1.656878311182939656e-01
-1.331000070964326876e-01
1.139211626822434972e-02
-1.529709291694465179e-01
-4.692384472096627901e-01
-3.809382664516265948e-01
1.782580535097224583e-01
6.624358868541124767e-01
4.447060148753297359e-01
-4.217592992890054626e-01
-1.146858160912773705e+00
-1.293922601710783660e+00
-1.358046634904965355e+00
-1.610335766509459310e+00
-1.659756161194269053e+00
-1.372658823278461560e+00
-9.751438057204964149e-01
-8.391429063791151499e-01
-1.029554258960229340e+00
-8.645446123506437264e-01
-4.717553551062202838e-02
4.822879838524435914e-01
2.418565726336267818e-01
-4.839367829697839574e-02
-5.294624395452607324e-02
-3.430369852715577789e-02
-4.527944016052135728e-02
-1.625818556701946194e-01
-4.365254158714798050e-01
-5.038056604425262819e-01
-1.970798059242010736e-01
2.197133446842951809e-01
2.863340409950284604e-01
-1.692852771456070105e-01
-5.605315412690710097e-01
-4.378175432185461013e-01
-3.508109057989996504e-01
-8.905883636885774113e-01
-1.414391297621624410e+00
-1.130306561118971542e+00
-3.858717721769747144e-01
1.412941497921688661e-01
1.243452474488898618e-01
-2.974832920432748939e-01
-4.768118246860098552e-01
-8.626970717094582797e-03
7.316252546330810347e-01
1.096139543721999621e+00
9.206306935771545463e-01
4.399978083682033470e-01
-1.589300918494163106e-01
-1.017877925131616124e+00
-2.220957834351998450e+00
-2.722888518441594741e+00
-2.188591743237622289e+00
-1.130880061943596360e+00
-3.446824913946261448e-01
2.839750503535419246e-01
7.523760230565527118e-01
8.347060614843070381e-01
5.967594240765198288e-01
5.676883231152929365e-01
1.028182935646443363e+00
1.637253542554205854e+00
1.993521834187299557e+00
1.747250758246720936e+00
1.053101483933528648e+00
7.908247588336503320e-01
8.996147764846285089e-01
4.501226259683379083e-01
-2.287700338332950278e-01
-3.021368508411865217e-01
-1.365095535107973754e-02
1.714402144287112129e-01
2.376516271496847410e-01
3.214678623520895728e-01
6.205265739837562133e-01
1.008944521370006120e+00
1.172905721396517054e+00
8.532630800597224008e-01
-1.846144026099002800e-01
-1.545202866612801706e+00
-2.233117264916510081e+00
-1.812386736912218188e+00
-8.846428539664215052e-01
-7.087819447042971455e-02
4.054258701622600602e-01
3.582769609344465533e-01
-2.101636336114960091e-01
-6.799226591726262869e-01
-5.296251061478727262e-01
-2.058599935311251905e-01
-1.646439575998503990e-01
-1.944682559307301106e-01
-8.699326795257139588e-02
-2.988991288967042248e-01
-1.119574214942987256e+00
-1.851575678286188076e+00
-1.799917909097172863e+00
-9.904886503991241486e-01
1.751941797433112236e-01
1.139983584271823558e+00
1.383422135823733079e+00
1.059162931238901706e+00
6.224955351114093149e-01
1.714069164630250761e-02
-6.429909019438462270e-01
-1.044199053297192537e+00
-1.273092687841740345e+00
-1.175147562464893491e+00
-2.949406116755780016e-01
1.034650605608055551e+00
2.063933724341410425e+00
2.536528705522430815e+00
2.423539711011367004e+00
1.777821618745169641e+00
1.037219542710164255e+00
5.770290988963447942e-01
6.062419197861264319e-02
-5.091649790641401552e-01
-3.947138631052941604e-01
1.312498415579559097e-01
-1.013777333220168414e-01
-1.173104388608336546e+00
-1.511394370269303122e+00
-1.426059405508142974e-01
1.237310194086923332e+00
1.057609593489123201e+00
5.236935075369645448e-02
-6.695084343186189502e-01
-8.259820016403285337e-01
-6.289327099068091620e-01
-2.987837882824983526e-01
8.142530509123103305e-03
6.219240223279252217e-02
3.089161611407932259e-02
1.131812070574390594e-01
-1.107149668731687159e-01
-9.515758258734140496e-01
-1.960405263887463168e+00
-2.405850445223135736e+00
-1.973046149004164640e+00
-9.656517281464708224e-01
-2.048521477067953567e-02
4.862264979702524692e-01
6.451056748090864268e-01
5.850455926696058739e-01
3.618972413145799538e-01
4.122800457208124492e-01
1.115763050396212153e+00
1.881826066815625254e+00
2.002517840878274225e+00
1.661871551700973448e+00
1.190355073536562447e+00
6.929223588331331340e-01
3.182513065450358059e-01
6.993801122331230746e-02
7.544518851725033615e-02
4.747317767445841108e-01
8.658866627053847242e-01
5.997360680832870550e-01
-3.249744554829014920e-01
-1.347248438148846095e+00
-2.134806787786095672e+00
-2.223235048167915284e+00
-1.377662333480708767e+00
-4.982106405911675417e-01
-3.394756913695800016e-01
-5.062527484710916958e-01
-4.315299864675493091e-01
1.185203116011453173e-01
9.648147520296360691e-01
1.678455090712730247e+00
1.790468940990274982e+00
1.130956636556828876e+00
3.600867304010786363e-01
3.811681262704794126e-01
1.052857198666834471e+00
1.198145240736078421e+00
4.549035601236958715e-01
-9.257681459389292822e-02
2.655843829607333895e-01
9.804833787873022954e-01
1.375592603244725654e+00
1.501478082977245831e+00
1.498002892731403080e+00
1.004403523157831435e+00
7.462972789743642643e-01
1.887561352775287693e+00
2.758457195509597337e+00
2.758457195509597337e+00
1.775913969440380269e+00
1.709234644971296124e-01
-1.173103385530914311e+00
-1.805025372873208189e+00
-1.641852779027533016e+00
-1.230805942614833448e+00
-1.041287211171269877e+00
-1.005936064411921516e+00
-7.681245885459132561e-01
-1.776210301013085302e-01
3.659219105845083475e-01
4.317917352753259386e-01
1.750331748039614665e-01
1.715230634670018017e-01
2.499441048749040106e-01
-2.288901836968117443e-01
-8.971732196297299566e-01
-1.239656359377829142e+00
-1.278767445549373383e+00
-1.006786774392328665e+00
-3.171337041593039752e-01
6.674618364781028657e-01
1.183945714844202080e+00
1.033192479950875819e+00
1.211204113249711112e+00
1.790984322702649401e+00
1.480495345935880946e+00
2.296720955108604301e-01
-2.707657528616945197e-01
4.238394257081861682e-01
9.077668987114440036e-01
4.528015722035397261e-01
-1.653381568743964580e-01
-3.712768757576448975e-01
-4.956568709644580406e-01
-7.140023119591508705e-01
-8.812986857483472436e-01
-8.278581330191320253e-01
-3.485935516560063618e-01
1.749477614340151921e-01
1.974746047974273166e-01
3.666445389419318301e-01
8.842501210594452266e-01
7.336046490627488037e-01
9.060431649767779205e-02
-8.456706749862780148e-02
-4.431034650300683109e-02
-3.963986619573814374e-01
-6.925630211632560762e-01
-2.150675790705340873e-01
6.532601671183823067e-01
1.125590021871813562e+00
1.186142520202130957e+00
1.176707242792682795e+00
1.190860552476265211e+00
1.141055934904030789e+00
6.833137009734698841e-01
-2.236594056971335231e-01
-8.378912421773558883e-01
-6.995099453627166008e-01
-3.642566040317179454e-01
-5.066588175199029376e-01
-8.146271209129541946e-01
-5.662253124363455514e-01
9.384780495083926144e-02
2.174996617632319051e-01
-7.648214781602932222e-01
-2.197917546391920940e+00
-2.761580444072933016e+00
-2.761580444072933016e+00
-2.649129777344795933e+00
-1.707328499213507378e+00
-7.972909661884574062e-01
-3.738744756552490889e-02
7.003203081927068530e-01
8.459507381282629357e-01
1.087691682004432447e-01
-7.814009542625126592e-01
-1.115800768062702009e+00
-1.120148623709682267e+00
-1.356765618462365097e+00
-1.610700605455951173e+00
-1.127424844474523846e+00
2.127492790748839180e-01
1.264661898107993121e+00
9.257536149208369647e-01
-4.175712175140874338e-01
-1.659828032981817580e+00
-2.360496228490271520e+00
-2.424891344496394652e+00
-1.824480967448027124e+00
-9.856962625546673573e-01
-1.934039347348191495e-01
5.913863612389469449e-01
1.052155606292236589e+00
1.062964424056271451e+00
1.091026807824913458e+00
1.230323534713396727e+00
1.390833433704514732e+00
1.800128612970575803e+00
2.281023124538456681e+00
2.219948332064331620e+00
1.352598471397881585e+00
8.229620974462358018e-02
-8.797176661601622261e-01
-1.188273930272786050e+00
-1.055339899553630056e+00
-7.826584085534554758e-01
-4.934702485086995272e-01
-3.069492898909703671e-01
-3.064775201759122880e-01
-3.074270773713020377e-01
-1.087425172640379828e-01
1.217683948725020449e-01
9.422627886828804922e-02
4.389539448893256535e-02
6.676624849733280020e-02
-3.646732833758281056e-01
-8.987835581763753412e-01
-5.223737393540945906e-01
5.102683643576235717e-01
9.501850265546954999e-01
4.367302943782794267e-01
8.205245619282550487e-03
3.600150698786653281e-01
7.611766731469332692e-01
6.884351488918383222e-01
5.166798904813109106e-01
2.789191692000658196e-01
-9.560745246971810718e-02
-8.292435640837836353e-02
3.844993393588445607e-01
8.064215605230276029e-01
1.179155828036990483e+00
1.452417650850277520e+00
1.281727666162758794e+00
8.109475726935162498e-01
4.620901484350790067e-01
2.227583719376086402e-01
-5.122051593783671919e-02
-3.203166180379655725e-01
-4.513006952696242968e-01
-1.041946715835527226e-01
8.673192004749776807e-01
1.883794808937308440e+00
2.190898219403544900e+00
1.871728533754278390e+00
1.435774580052095351e+00
9.917758312082531891e-01
3.666928774661202817e-01
-3.573801019347340180e-01
-5.856584600906595828e-01
-2.439828828676336991e-01
-4.547524452925689326e-02
-3.100636208699398266e-01
-6.414886828564613230e-01
-5.649580477989831762e-01
-3.599035718539619899e-02
5.710853827625058665e-01
6.944045443731373668e-01
9.035356240221946444e-02
-7.555400857059689779e-01
-1.174277613863473624e+00
-9.442843945780626802e-01
-2.008186561278685889e-01
7.153621325560294286e-01
1.160199094907847117e+00
9.024502403318392929e-01
3.967078848064630736e-01
-1.065409805553775707e-01
-5.518207647543761363e-01
-9.455199145894039869e-01
-1.192736452542616954e+00
-1.050058665567907168e+00
-8.957728626201101330e-01
-9.719712154301777263e-01
-8.148721986135167850e-01
-2.486276150495262682e-01
3.389941805134153996e-01
5.546236689775503326e-01
5.022202663674362189e-01
4.127059058947816217e-01
2.099426991146025046e-01
-1.379006141578870692e-01
-3.813650336123894369e-01
-3.894011559206381201e-01
-3.285896707911330483e-01
-3.301957471992009729e-01
-4.491599983359584325e-01
-5.619108178328097170e-01
-2.160374635770331009e-01
6.058166736082098991e-01
9.274080455032071013e-01
3.155671833108066315e-01
-3.315560026842553354e-01
-3.722543284660491669e-01
1.059533825212372049e-01
3.020443928379680232e-01
4.963604674051951826e-01
1.528341290434512556e-01
-8.538951253873158231e-01
-1.796517341229941778e+00
-1.742348582752322628e+00
-7.638874484753258587e-01
-6.505258686586640714e-03
-2.044452224062074386e-01
-8.866834692451260880e-01
-1.248652810935406254e+00
-9.020466246251629405e-01
-9.281462442747040464e-02
5.521663516310609809e-01
8.004092999093478378e-01
7.378882411602947222e-01
4.052942776097107624e-01
-5.637327692535437987e-03
-2.645049716499179304e-01
-5.016505312394691218e-01
-1.060358538985318511e+00
-1.865260329872224565e+00
-2.371865739363121950e+00
-2.169261903483415299e+00
-1.274097268798819238e+00
-2.084213632074564948e-01
3.437736824502572452e-01
2.727647322769604157e-02
-6.552804948389958639e-01
-6.389863677875194936e-01
8.680961344179585759e-02
7.072025072811360946e-01
9.268447826273307211e-01
9.383571154776840784e-01
8.280071183009960478e-01
2.290255555807457766e-01
-8.238285917759893273e-01
-1.627536724613338759e+00
-1.962699050527130895e+00
-2.108821004807556854e+00
-2.388166352642701273e+00
-2.705443380178170987e+00
-2.341308479719386604e+00
-9.901109062894891677e-01
4.787203185431097574e-01
1.204666903931549626e+00
1.300669728092455291e+00
1.110110509706646154e+00
7.354486169684070207e-01
2.633978302633574464e-01
-9.011623024065502918e-02
-6.443568180141748258e-02
7.803449282716645730e-02
-5.385691330762479301e-02
-2.770830686091507178e-01
-1.824022487396739778e-01
3.907472458635298795e-01
1.316868058853240431e+00
1.912643045052085267e+00
1.824517186554897696e+00
1.741527249860348681e+00
1.840029707922784086e+00
1.650458075811540359e+00
9.573297767425139604e-01
-1.218478395148273052e-01
-1.075698238128171447e+00
-1.480948831933930787e+00
-1.284285031926320597e+00
-6.257032240108951759e-01
1.609643267457459836e-01
4.376084719829013148e-01
-5.990732488914576881e-02
-6.035093028026130568e-01
-6.961366789664078514e-01
-6.031054960870650961e-01
-5.442079866779059305e-01
-5.366759552396838107e-01
-4.017890847494848816e-01
-3.062303142466293870e-02
4.459187507795634997e-01
9.216405960941865816e-01
1.289175338770900181e+00
1.406850644716323817e+00
8.787021050628853747e-01
-3.779092599110792650e-01
-1.385932659194137662e+00
-1.265386013240594076e+00
-5.951169816197852125e-01
-3.842812856608728289e-01
-6.716990897548064110e-01
-1.018519594819937035e+00
-1.242600263795424542e+00
-1.520449659364979000e+00
-2.068008816449626419e+00
-2.317001498686218408e+00
-1.426942531901009392e+00
1.483443579130234447e-01
8.518380714801170317e-01
4.455076229256703102e-01
3.103250729783713635e-01
8.394931468391179097e-01
1.228181199984701433e+00
1.128500372893951553e+00
7.783129265032782129e-01
3.944946276896742487e-01
2.198240851409128949e-01
6.047824301356417021e-01
1.447532808219683442e+00
2.074176205562932473e+00
2.213806775938568894e+00
2.262384806842894225e+00
2.324989790811497592e+00
1.905976404622857112e+00
8.175516128601988397e-01
-3.372720315836318372e-01
-7.590450603176877031e-01
-2.537120646454540385e-01
5.276059868325191360e-01
1.109955458794769534e+00
1.334206009320481723e+00
1.016753985237470514e+00
2.553644772256387085e-01
-7.169711573250520109e-01
-1.302498842251858413e+00
-9.329450857822698673e-01
-4.318876760060010034e-02
5.182759827534554331e-01
5.580215463926599950e-01
3.590951172998231855e-01
6.861876916485525058e-02
-3.310742209134379666e-01
-3.993065432177103080e-01
1.301239502924608216e-01
7.838149351883206828e-01
1.200503170112437790e+00
1.159331450291247734e+00
7.769210276249047809e-01
6.969239122657110430e-01
9.683469531256687635e-01
9.548716742445707562e-01
6.178669851730697049e-01
3.847834272401589040e-01
2.274635072375472689e-01
-1.411776822648471430e-01
-2.358282916165808096e-01
5.834838244278924835e-01
1.336846499002330768e+00
8.885251274404623034e-01
6.967585465792869651e-03
-2.689767121127698002e-01
-2.240904227489736444e-01
-3.571415421214207964e-01
-5.693160277392630420e-01
-7.206322968744172108e-01
-6.759891271290953130e-01
-2.656273227330868680e-01
2.873728083286831714e-01
5.566073107649609497e-01
3.435032630847270618e-01
-1.189460452381718852e-01
-3.546857336970539176e-01
-2.640848004292878914e-01
-2.054887766205811539e-01
-3.622502213459746212e-01
-4.350701502339573978e-01
-4.975784603385741828e-02
5.256902224394504053e-01
6.337531416197426104e-01
3.261527529112181467e-01
1.427687825398209209e-01
1.738086032246678458e-01
1.902133067804563371e-01
2.265522107176386191e-01
4.321317675089931254e-01
4.703111076019939607e-01
5.254651336431846037e-02
-2.748685321203463983e-01
-6.105528452306942244e-02
2.160608178910603527e-01
8.699640490433520335e-02
-9.768646344333721532e-02
-4.085187308720668597e-01
-1.368290964940225951e+00
-2.344188548469123834e+00
-2.322676706645836475e+00
-1.251229683990704444e+00
1.136550792679953820e-01
8.740116987730486287e-01
9.679858343420362221e-01
8.553633380341904013e-01
6.224157818217864735e-01
5.548235010684197110e-01
1.036032747144914890e+00
1.259393755167038442e+00
4.843833071662735912e-01
-3.074690526010350200e-01
-5.085242426871680044e-01
-6.296501620636481000e-01
-5.130533055920403207e-01
-5.371453826231362694e-01
-4.726213312217155682e-01
-3.942507996344352811e-02
-6.584457456227458746e-03
-3.024448001918612627e-01
-5.337122003927953218e-01
-7.237236438682493889e-01
-6.739976712188193719e-01
-4.188290598411841259e-01
-2.722524522964125948e-01
-3.207243701116736512e-01
-7.025037341132686075e-01
-1.275304486597212961e+00
-1.294757192407100188e+00
-5.994940429376081070e-01
-2.286770158700983657e-01
-6.560806129530069031e-01
-1.209749203463284850e+00
-1.191296664135318428e+00
-4.881919857811062302e-01
4.079683319219069570e-01
8.200105298684039479e-01
5.751963169386472563e-01
-2.064102681168170431e-02
-5.890563300276506764e-01
-7.655217710089892158e-01
-3.713656331509786468e-01
3.494972957388999268e-01
7.376506962736816275e-01
-1.467234659539880595e-02
-1.632943372823412620e+00
-2.454070795273409988e+00
-1.759312228464908978e+00
-8.856138340117390984e-01
-1.056206052810120477e+00
-1.567107027212953252e+00
-1.357481481073770091e+00
-8.598368819547527186e-01
-9.739394173407351918e-01
-1.476953367992690502e+00
-1.374073425147450234e+00
-3.154259512625754991e-01
1.088489964316005087e+00
2.038621259733243818e+00
2.072633334719339526e+00
1.329901336195357553e+00
5.726151708968806320e-01
5.503022496213780812e-01
1.006236215411684398e+00
1.132560216341371495e+00
8.805868550496624980e-01
4.856385679222302576e-01
-1.589370513363323190e-01
-8.248402750091111679e-01
-1.314285427201886236e+00
-1.882139009741702118e+00
-2.245561184371168473e+00
-1.870618144662180793e+00
-9.011260171539139385e-01
4.309506234464665492e-02
7.337965163577988559e-01
1.638884475533231688e+00
2.542815502649648618e+00
2.410809557215450649e+00
1.204461801404719479e+00
1.457950179309074334e-01
1.263265641483885815e-01
8.272623177495694868e-01
1.418556741053139891e+00
1.381356854538960954e+00
9.204596841175149979e-01
4.122726396475451249e-01
-1.096984712665853984e-01
-5.980155664253410386e-01
-9.619290808812639426e-01
-1.169979117472010666e+00
-1.265767104210914651e+00
-1.148198311419548201e+00
-6.853484957542894662e-01
-1.743633615095242506e-01
4.695915256862640691e-02
2.926833952343462983e-02
-2.453861953845634103e-01
-7.092885064147446128e-01
-8.610575596247566077e-01
-7.477884383156931936e-01
-9.065745741108752753e-01
-1.080599963990951373e+00
-7.030220594463471029e-01
-5.278607045731143615e-02
2.674512376998540164e-01
2.831695798243098472e-01
2.164217110374654918e-01
1.124164797083150036e-01
1.837774309788005322e-01
3.048572572668078462e-01
-3.456775827038582188e-02
-6.016138816408165280e-01
-7.040944299212579249e-01
-4.028992077264228477e-01
-1.855713866985043703e-01
-1.717159936775859985e-01
-8.851950082447618273e-02
3.110156783780999024e-01
7.019786564270201756e-01
4.828739164068145961e-01
-4.338755913395256902e-01
-1.187430865234468058e+00
-8.054396696295175184e-01
2.911049938310171226e-01
1.050686644111483270e+00
1.404297959122293049e+00
1.642628365556104697e+00
1.702006871425793433e+00
1.258388389064880375e+00
2.727146448872705409e-01
-6.450174024860487743e-01
-8.555844158541094924e-01
-3.697273064301205281e-01
3.479929987066081032e-01
1.026941681579235821e+00
1.509588196962604600e+00
1.611760301255107830e+00
1.193989895785440014e+00
7.418367644115169135e-01
8.524118708243465514e-01
9.170174651574687363e-01
3.265746239539198958e-01
-4.372316151160012820e-01
-8.469364691679422963e-01
-9.836219413134636991e-01
-1.236260910404076041e+00
-1.694021543430164645e+00
-1.803506227952377028e+00
-1.143313202071120749e+00
-1.277571601218721598e-01
5.631915739017636646e-01
5.628561823992351831e-01
-3.256018974245501463e-01
-1.436606133083219383e+00
-1.351679259329988669e+00
-2.074473368929710404e-01
5.473868703210349462e-01
6.423592101991457692e-01
5.881109467605870611e-01
5.383191649905400000e-01
7.075492849285385244e-01
1.202603594959910538e+00
1.672182766554902056e+00
1.632976272487968394e+00
9.858455468913720487e-01
2.633804845977741893e-01
7.284686680923903486e-03
1.171723742258222595e-01
1.447687182022899255e-01
-3.592238023431910954e-02
-2.291487111513592148e-02
2.946391277531585917e-01
5.452772390780172840e-01
4.386789769340715961e-01
1.981385103084444266e-01
3.895207050846519192e-01
7.790685522332183588e-01
5.233849245973595243e-01
-3.864999582199664108e-01
-1.244359335330110783e+00
-1.668353695558655980e+00
-1.657645671870852988e+00
-1.235565930088367237e+00
-6.657996713636449293e-01
-5.267334114357518082e-01
-1.009571855955750053e+00
-1.340599813122754114e+00
-5.330924393620991575e-01
1.030888928005138316e+00
2.085570739749254443e+00
2.294126810938641015e+00
2.193475886913216044e+00
1.794435991235276751e+00
9.342545011300763536e-01
4.994241553390389998e-01
8.223510788559185158e-01
7.646789802621283272e-01
6.944752969408331256e-02
-4.138944895920799727e-01
-4.219844832488451325e-01
-5.020870494578064808e-02
5.151207539136990476e-01
8.931346657392114086e-01
1.070762027537889294e+00
1.291119046671206361e+00
1.489530468340743097e+00
1.439938470046891350e+00
1.188139750511802317e+00
8.669925972471453912e-01
4.109500481061791888e-01
-3.323746671980959411e-01
-1.015841350937449983e+00
-9.280241862462625946e-01
-3.344959879884557563e-01
4.753997742858481756e-01
3.908901466293215887e-01
-2.483408742982999573e-02
-6.384964236949112193e-01
-1.059655030471056358e+00
-5.360088282238169022e-01
6.063658056060622359e-01
1.129598117314992489e+00
7.777718946547206302e-01
2.887259744169921594e-01
-1.197806773423136378e-01
-6.562113946062618774e-01
-7.518690585452371122e-01
2.734538404530635902e-01
1.853117170656294332e+00
2.628201866588630864e+00
2.012827375610708014e+00
8.312797004594543182e-01
1.678352705591482641e-01
1.994320472077552309e-01
2.082562654078339293e-01
-1.776018171894561473e-02
6.487338568623271517e-02
2.916995866999382292e-01
2.754925119195264505e-02
-5.585654340289197828e-01
-7.075825731487799253e-01
-2.475631112308138149e-01
1.072849802497810173e-01
-7.363867666370668696e-02
-3.309573850475978629e-01
-2.215694566014165812e-01
8.074444590977529479e-02
2.825827069105155687e-01
4.742483419966437297e-01
7.111470047088761515e-01
7.216332293975120660e-01
3.878567120776641453e-01
1.172665429683824451e-02
-7.358147814817177224e-02
9.782474066760256382e-02
1.917940772938876437e-01
1.431575662027565754e-01
5.047853168020974834e-01
1.524005454914265201e+00
2.389290787168880215e+00
2.224561978468172718e+00
1.210836807361699519e+00
2.273740321947350096e-01
-1.502572093344176907e-01
-4.993587795489200232e-02
1.777035215185749362e-01
3.370144305107614646e-01
3.744484065233208425e-01
2.002289870837458963e-01
-4.015926872504924083e-01
-1.339945594744060164e+00
-2.098384549573095725e+00
-2.049171177902882501e+00
-1.293518281252651114e+00
-9.602461497103383925e-01
-1.690574503729971312e+00
-2.492500202816370081e+00
-2.239755965295816775e+00
-1.358775661587614092e+00
-9.074453276384816247e-01
-7.314991547418533413e-01
-2.623691422867089895e-01
6.297614201365370201e-02
-4.638003717523403457e-02
-2.230538276909528606e-01
-5.947045728024462352e-02
5.110894144222644098e-01
1.013552377860708731e+00
9.821998913148539678e-01
4.619031203165127053e-01
4.542098017790974912e-02
2.373956980979600451e-01
6.588815520664850212e-01
8.630770629208308620e-01
9.383136508246574525e-01
8.953976891366253188e-01
8.974462595952847899e-01
1.088453734190428568e+00
9.552328980185579299e-01
4.464178788661276043e-01
4.683917368511537060e-01
1.326592496442552394e+00
2.009555432819673637e+00
1.755168662465252938e+00
1.061663798295135575e+00
4.598850190281300043e-01
-8.229511244078256682e-02
-3.358935414929924423e-01
-1.572502900617158417e-01
-1.605093505529963382e-01
-5.190022493128110259e-01
-3.437590964805913307e-01
4.966475506755586022e-01
1.006979948268992953e+00
8.353553267162758811e-01
4.351948996767022737e-01
3.892936046268820061e-01
9.484810547436638428e-01
1.583650295369766869e+00
1.476507649223022911e+00
6.740509234325009480e-01
-2.900960381748295819e-02
-4.620985312164238579e-01
-8.018582787539852985e-01
-5.378546262711144665e-01
2.577038360235328063e-01
6.596230037356960452e-01
5.972618892373148247e-01
3.559556372421907589e-01
3.910419574528473802e-02
4.039321514978887195e-02
1.437435736663608132e-01
-2.279399381903572663e-01
-4.987928320009748506e-01
-1.907482872796196771e-01
4.646462225763371701e-02
3.010447507922105279e-03
-1.075363159405958238e-02
-1.189928294808081932e-01
-5.935581825656897070e-01
-1.198349002378689354e+00
-1.328148223377159542e+00
-7.140653339562528235e-01
1.760279129858728364e-01
4.061851212783363918e-01
-2.961199659202947143e-01
-9.148110981479624648e-01
-3.951032659590651974e-01
9.890763632148712459e-01
2.298284456561419109e+00
2.719846482408990074e+00
2.004319235856009129e+00
6.026641622528028375e-01
-3.784514279273987758e-01
-8.274120288414316127e-01
-1.439188494454010536e+00
-2.018777498629376055e+00
-2.037488368845916220e+00
-1.569373573023208124e+00
-8.671223391970580563e-01
-6.270500484341172687e-01
-1.060848011822984605e+00
-1.146220266087576212e+00
-5.459612444617041316e-01
-1.290987131849369134e-02
9.303532682840441603e-02
-1.748822608129572131e-01
-5.260471889175561966e-01
-4.417170402172103105e-01
8.895388761979247660e-02
7.663964733433212828e-01
1.410296551843639667e+00
1.712180851875001464e+00
1.693932314289456675e+00
1.665835964025634386e+00
1.410027485705510619e+00
5.949916338316085795e-01
-5.607816149875912703e-01
-1.520318614156940473e+00
-2.049142367834657197e+00
-2.110699649122896648e+00
-1.588516772881591876e+00
-7.410269152201135467e-01
-3.212040520107581898e-01
-6.488339191376463200e-01
-9.174627854729754395e-01
-3.134386552415568405e-01
7.331495916285183378e-01
1.330609985351212110e+00
1.335972854642127894e+00
1.057025309519012524e+00
4.900725795937186935e-01
-2.332539842287903731e-01
-7.219113410349589088e-01
-8.976078539842260451e-01
-1.080734640007529057e+00
-1.266787963417717489e+00
-8.448960252507691226e-01
1.201138348047498666e-01
6.651158013645624978e-01
3.825115365722603356e-01
-4.692178055519544144e-01
-1.637694453126098848e+00
-2.386039748624059431e+00
-1.802359587993701995e+00
-4.992200984011767040e-01
-5.709968720736924297e-02
-7.464618847230979348e-01
-1.413686573536535152e+00
-1.441276360408558110e+00
-1.183832540965397362e+00
-8.082467896614989877e-01
-3.050386043280258197e-01
4.751328552113524145e-02
