4.305238232488685091e-01
4.570903865401054200e-01
1.835461397107963077e-01
1.634750833940784853e-01
6.194416055178693092e-01
1.101941587886036578e+00
1.266440962983269580e+00
7.556735242103671535e-01
-4.414604070473254205e-01
-1.145672220456562584e+00
-9.429447801585865152e-01
-8.869325869361404102e-01
-1.304606711688022003e+00
-1.250120522430105963e+00
-2.644475642289966788e-01
6.469380375149959006e-01
4.030298157060370756e-01
-7.106169389885930165e-01
-1.475261985520759600e+00
-1.335439104042602354e+00
-7.889147239993145044e-01
-4.252977018827373001e-01
-4.727710736782722023e-01
-8.150113135496691585e-01
-9.793469447015235030e-01
-7.200367915388158346e-01
-4.850729644339726310e-01
-6.365606220930997150e-01
-9.354861588840424069e-01
-9.429582643235336903e-01
-3.043662407211088494e-01
5.326565457025541628e-01
5.736095334159919679e-01
-1.132919935964003810e-01
-7.888649500519689939e-01
-1.086736967194879888e+00
-7.886045076270761234e-01
-1.023811239095357289e-01
3.505527388393362420e-01
8.393197783665153067e-02
-7.122675031315777172e-01
-1.183880761880747645e+00
-9.115925502138649827e-01
-3.926646953582774158e-01
-1.824079546204323832e-01
-2.478822261099803692e-01
-3.516749558230760631e-01
-5.588422100138051851e-01
-1.016712156244510057e+00
-1.045058427891282671e+00
1.487520725855864534e-01
1.771986794183038061e+00
2.391877086453114476e+00
1.877205023524967320e+00
1.172322506818945342e+00
8.493363926797877772e-01
4.871951274104819318e-01
-3.527066403418773616e-02
-8.425310509175744367e-02
4.171697792798219617e-01
9.616106482024151525e-01
1.234607363581826434e+00
1.147610030339590859e+00
1.064279213796305967e+00
1.748922250484625796e+00
2.704899735875851530e+00
2.202469251839201281e+00
8.432564462525421467e-02
-1.955824869173309999e+00
-2.718983011100450931e+00
-2.225225476851461437e+00
-1.014017518792327266e+00
-2.201970667388663816e-01
-2.693910128750401367e-01
-6.261941005544044980e-01
-1.007227766379015010e+00
-1.408020655851004221e+00
-1.545399145873267210e+00
-1.210776187889540223e+00
-9.318503739469782277e-01
-1.039737126424779889e+00
-1.209950540160239951e+00
-1.615033742143301643e+00
-2.276007136653000362e+00
-2.347322344521756143e+00
-1.598576840486110040e+00
-6.043759735108834574e-01
1.478403414278798567e-01
5.763851587175721214e-01
1.072477864428084349e+00
1.460465163987849868e+00
1.281520062080059530e+00
1.095777581514663312e+00
1.148164187844161965e+00
8.118069685095943289e-01
2.107393874995413252e-01
-4.778343308970628422e-02
-5.557208755723119786e-02
-8.727653661279012598e-02
-2.234810828208498301e-01
-5.271060764886530414e-01
-5.521345734935729777e-01
3.580451968103134236e-02
6.780988051802031569e-01
9.825925769885093253e-01
9.919807228578918501e-01
4.939983640556340205e-01
-4.276613615864167106e-01
-1.101189731395392890e+00
-9.453771235319916588e-01
-1.250708058210849849e-01
6.729518654089543528e-01
1.074363059786205055e+00
1.290321921597756383e+00
1.718880342769335323e+00
2.126351481764078510e+00
1.685976353047966558e+00
4.009510309082165991e-01
-5.675835705621664617e-01
-4.131290101017049410e-01
3.547248432070831958e-01
1.175115817412175856e+00
1.955550821667261685e+00
1.897768150907624740e+00
5.666015741117004234e-01
-9.110141775729608815e-01
-1.463182540847735247e+00
-1.343745511877709964e+00
-1.147151847986700002e+00
-7.154361751925845114e-01
6.901799105644783328e-02
6.452583465545577157e-01
6.222611558575732449e-01
3.967254576373649422e-01
3.702438295117816969e-01
-4.902996333937616885e-02
-1.231215033275600668e+00
-2.272397512355662563e+00
-2.520801574806793344e+00
-2.101207866141153513e+00
-1.239262900647481569e+00
-3.410334712232117038e-01
1.017356202153652522e-01
2.566882202527982493e-01
5.647961289602561052e-01
8.810531165146777699e-01
8.387745916896685028e-01
5.747756257472753649e-01
5.378606764575125654e-01
5.926169588232345076e-01
2.580008594245450371e-01
-1.970412035321093824e-01
-2.644577323777112521e-01
-9.982039029080688654e-04
8.464578737343324277e-02
-4.505060832488817502e-01
-8.918715616495562770e-01
-3.953455164269155109e-01
4.365409577186498691e-01
6.862305917631297270e-01
4.918696567710750811e-01
3.542991965649344155e-01
3.278529772039318058e-01
3.893399220358096380e-01
8.589992795196800257e-01
1.615814368764557418e+00
1.852819854850971781e+00
1.424681975877460038e+00
9.388037667089254024e-01
8.049713045071172912e-01
7.700646151554366714e-01
4.720079261773213464e-01
2.556797596204079745e-02
-2.927186466372933005e-01
-2.163411243608343582e-01
2.329007026586165860e-02
-1.749024777742146097e-01
-7.135898813347866243e-01
-7.661663024841386394e-01
-1.959170914746422854e-01
9.911335708774726694e-03
-3.140845548839144019e-01
-1.587428784391907710e-01
5.895099499242804075e-01
9.247063445367896817e-01
4.595856509364393827e-01
-1.495479654042181084e-01
-4.672549114248383817e-01
-4.473478630581790294e-01
2.424408205784579339e-03
3.658040073970304507e-01
1.063363720639988741e-01
-1.339162117138861241e-01
2.885355550541695568e-01
9.406612995019617562e-01
1.345084629541866361e+00
1.430648776646832321e+00
1.040170289111893354e+00
1.783750137064800401e-01
-3.605746473288841125e-01
-7.462972789743642643e-01
-1.887561352775287693e+00
-2.758457195509597337e+00
-2.758457195509597337e+00
-1.775913969440380269e+00
-1.709234644971296124e-01
1.173103385530914311e+00
1.805025372873208189e+00
1.641852779027533016e+00
1.230805942614833448e+00
1.041287211171269877e+00
1.005936064411921516e+00
7.681245885459132561e-01
1.776210301013085302e-01
-3.659219105845083475e-01
-4.317917352753259386e-01
-1.750331748039614665e-01
-1.715230634670018017e-01
-2.499441048749040106e-01
2.288901836968117443e-01
8.971732196297299566e-01
1.239656359377829142e+00
1.278767445549373383e+00
1.006786774392328665e+00
3.171337041593039752e-01
-6.674618364781028657e-01
-1.183945714844202080e+00
-1.033192479950875819e+00
-1.211204113249711112e+00
-1.790984322702649401e+00
-1.480495345935880946e+00
-2.296720955108604301e-01
2.707657528616945197e-01
-4.238394257081861682e-01
-9.077668987114440036e-01
-4.528015722035397261e-01
1.653381568743964580e-01
3.712768757576448975e-01
4.956568709644580406e-01
7.140023119591508705e-01
8.812986857483472436e-01
8.278581330191320253e-01
3.485935516560063618e-01
-1.749477614340151921e-01
-1.974746047974273166e-01
-3.666445389419318301e-01
-8.842501210594452266e-01
-7.336046490627488037e-01
-9.060431649767779205e-02
8.456706749862780148e-02
4.431034650300683109e-02
3.963986619573814374e-01
6.925630211632560762e-01
2.150675790705340873e-01
-6.532601671183823067e-01
-1.125590021871813562e+00
-1.186142520202130957e+00
-1.176707242792682795e+00
-1.190860552476265211e+00
-1.141055934904030789e+00
-6.833137009734698841e-01
2.236594056971335231e-01
8.378912421773558883e-01
6.995099453627166008e-01
3.642566040317179454e-01
5.066588175199029376e-01
8.146271209129541946e-01
5.662253124363455514e-01
-9.384780495083926144e-02
-2.174996617632319051e-01
7.648214781602932222e-01
2.197917546391920940e+00
2.761580444072933016e+00
2.761580444072933016e+00
2.649129777344795933e+00
1.707328499213507378e+00
7.972909661884574062e-01
3.738744756552490889e-02
-7.003203081927068530e-01
-8.459507381282629357e-01
-1.087691682004432447e-01
7.814009542625126592e-01
1.115800768062702009e+00
1.120148623709682267e+00
1.356765618462365097e+00
1.610700605455951173e+00
1.127424844474523846e+00
-2.127492790748839180e-01
-1.264661898107993121e+00
-9.257536149208369647e-01
4.175712175140874338e-01
1.659828032981817580e+00
2.360496228490271520e+00
2.424891344496394652e+00
1.824480967448027124e+00
9.856962625546673573e-01
1.934039347348191495e-01
-5.913863612389469449e-01
-1.052155606292236589e+00
-1.062964424056271451e+00
-1.091026807824913458e+00
-1.230323534713396727e+00
-1.390833433704514732e+00
-1.800128612970575803e+00
-2.281023124538456681e+00
-2.219948332064331620e+00
-1.352598471397881585e+00
-8.229620974462358018e-02
8.797176661601622261e-01
1.188273930272786050e+00
1.055339899553630056e+00
7.826584085534554758e-01
4.934702485086995272e-01
3.069492898909703671e-01
3.064775201759122880e-01
3.074270773713020377e-01
1.087425172640379828e-01
-1.217683948725020449e-01
-9.422627886828804922e-02
-4.389539448893256535e-02
-6.676624849733280020e-02
3.646732833758281056e-01
8.987835581763753412e-01
5.223737393540945906e-01
-5.102683643576235717e-01
-9.501850265546954999e-01
-4.367302943782794267e-01
-8.205245619282550487e-03
-3.600150698786653281e-01
-7.611766731469332692e-01
-6.884351488918383222e-01
-5.166798904813109106e-01
-2.789191692000658196e-01
9.560745246971810718e-02
8.292435640837836353e-02
-3.844993393588445607e-01
-8.064215605230276029e-01
-1.179155828036990483e+00
-1.452417650850277520e+00
-1.281727666162758794e+00
-8.109475726935162498e-01
-4.620901484350790067e-01
-2.227583719376086402e-01
5.122051593783671919e-02
3.203166180379655725e-01
4.513006952696242968e-01
1.041946715835527226e-01
-8.673192004749776807e-01
-1.883794808937308440e+00
-2.190898219403544900e+00
-1.871728533754278390e+00
-1.435774580052095351e+00
-9.917758312082531891e-01
-3.666928774661202817e-01
3.573801019347340180e-01
5.856584600906595828e-01
2.439828828676336991e-01
4.547524452925689326e-02
3.100636208699398266e-01
6.414886828564613230e-01
5.649580477989831762e-01
3.599035718539619899e-02
-5.710853827625058665e-01
-6.944045443731373668e-01
-9.035356240221946444e-02
7.555400857059689779e-01
1.174277613863473624e+00
9.442843945780626802e-01
2.008186561278685889e-01
-7.153621325560294286e-01
-1.160199094907847117e+00
-9.024502403318392929e-01
-3.967078848064630736e-01
1.065409805553775707e-01
5.518207647543761363e-01
9.455199145894039869e-01
1.192736452542616954e+00
1.050058665567907168e+00
8.957728626201101330e-01
9.719712154301777263e-01
8.148721986135167850e-01
2.486276150495262682e-01
-3.389941805134153996e-01
-5.546236689775503326e-01
-5.022202663674362189e-01
-4.127059058947816217e-01
-2.099426991146025046e-01
1.379006141578870692e-01
3.813650336123894369e-01
3.894011559206381201e-01
3.285896707911330483e-01
3.301957471992009729e-01
4.491599983359584325e-01
5.619108178328097170e-01
2.160374635770331009e-01
-6.058166736082098991e-01
-9.274080455032071013e-01
-3.155671833108066315e-01
3.315560026842553354e-01
3.722543284660491669e-01
1.174756069345122667e+00
1.797450852704508995e+00
1.724773656240276676e+00
1.060463538861289523e+00
-8.651289504163532651e-02
-1.616405702848727532e+00
-2.788905954059217596e+00
-2.788905954059217596e+00
-2.788905954059217596e+00
-2.422519018339066132e+00
-1.289402897796467995e+00
-1.394676589971501415e-02
1.285372784437854188e+00
1.807004615426792249e+00
1.144847097486785259e+00
3.858722251153255400e-01
5.916743933673650480e-01
1.418192259013487222e+00
1.941621969958134297e+00
1.881324463080420006e+00
1.483564352741301828e+00
7.045923764745152251e-01
-5.267696299164633666e-01
-1.371367846255461931e+00
-1.125189787685970666e+00
-6.197770628747808486e-01
-4.103137206472093901e-01
1.913354429893086850e-01
8.866753912044422758e-01
6.509547532182580198e-01
-2.311773796121684432e-01
-8.183156895174338308e-01
-5.731317913383808804e-01
2.262095373905803064e-01
6.567052085753427582e-01
2.902438459105045609e-01
-4.290542296017781781e-02
2.985709821288698440e-01
6.514880587952643909e-01
1.793518392698454644e-01
-8.802118435091951243e-01
-1.472106762538861746e+00
-1.220714234792341646e+00
-8.900468666909366888e-01
-1.029174478751742949e+00
-1.136318543858738428e+00
-6.366435840623954068e-01
2.277495387647942293e-01
6.935865017754589967e-01
6.906083733746130049e-01
7.162888711035294564e-01
7.743931658902715176e-01
6.662450793267962190e-01
2.060445616865423657e-01
-4.747791498401967569e-01
-8.746933989193109715e-01
-8.605852372413902440e-01
-6.833066828882103927e-01
-3.791614113676798903e-01
1.269151637205156169e-01
6.030152080688049310e-01
7.663369505509721735e-01
6.154653272145580445e-01
5.168479803517820326e-01
7.580674996288933043e-01
1.122891812903929587e+00
1.336584837151911342e+00
1.333579349762153310e+00
9.837822075708066993e-01
2.271353309233224427e-01
-5.491913468969968903e-01
-9.318362594178417613e-01
-6.479454512449663861e-01
3.342764377860250047e-01
1.106019367781361895e+00
1.021622487467587437e+00
7.664912724905651453e-01
7.700081786879895418e-01
8.324204008561975066e-01
1.027421702226773759e+00
1.301523678637737325e+00
1.536645890450980101e+00
1.835164331699021378e+00
1.985356772121779967e+00
1.727363259887743085e+00
1.205884086357196905e+00
6.386921794664790486e-01
3.529970116881785414e-01
7.585404995937582440e-01
1.351702805532779994e+00
9.675245027899372907e-01
-1.371107345207878969e-01
-7.386989032572891523e-01
-7.351193412571932484e-01
-6.386500655153166672e-01
-4.735151323930144041e-01
-1.920213082699251395e-01
6.154844158368933012e-03
1.052930182003111864e-01
9.140526528758778635e-02
-1.596770397104958217e-01
-4.053494363768856967e-01
-2.194358822424596622e-01
1.505649757886672914e-02
-2.646544217267723376e-01
-6.506937521169066097e-01
-7.253675304608722119e-01
-5.042834054917323394e-01
-2.694819627843590970e-01
-3.908496440488921642e-01
-8.203222065843418509e-01
-1.409763549042716280e+00
-1.885273599781029485e+00
-1.861640373522924552e+00
-1.558999327386157763e+00
-1.414273463484915450e+00
-1.472628624072234160e+00
-1.472628120055284873e+00
-9.759352328969286283e-01
-1.621408134511548860e-01
2.195138268584250762e-01
1.047462559029566226e-01
-3.322176180182767058e-01
-8.624548713372187647e-01
-6.995396869022459940e-01
2.461685962929232585e-01
1.092229170747016198e+00
1.181531221790772967e+00
5.406731591723413777e-01
2.674970612952053822e-02
2.689231723672485530e-01
8.434816260402340227e-01
9.428089820295616486e-01
1.965570693848442962e-01
-7.774066526404408428e-01
-1.110147648951661292e+00
-4.460545915279623963e-01
7.396911021029165534e-01
1.253429371154761940e+00
6.932646304366513190e-01
-1.081454996217451753e-01
-6.112030504645995510e-01
-8.450173928540949397e-01
-9.586825655050632555e-01
-1.342972826953424681e+00
-1.929378325524237381e+00
-1.999401670284398191e+00
-1.240037289274076304e+00
-3.739965292290807763e-01
-2.725712422996001694e-01
-7.761720803815975733e-01
-1.136018410482550589e+00
-1.049151904453948125e+00
-6.951856718391261625e-01
-1.886046194712731605e-01
9.768331906326968572e-02
-4.200100484286060087e-01
-1.127670340205971344e+00
-9.838490756058579922e-01
-2.654340998826273390e-01
4.144897531673328861e-01
1.032589806914633535e+00
1.537273434270753691e+00
1.401682425848903124e+00
6.777688436611306599e-01
7.537855474260998778e-02
-2.767882118497771438e-01
9.240852947628001163e-03
1.323732644722687812e+00
2.452939551090989045e+00
2.147053310518479474e+00
1.187189718875831801e+00
6.967335938591288080e-01
4.344052762527939038e-01
2.396353962008678784e-01
4.022921264522241191e-01
3.985249699714095151e-01
-1.097151996706699911e-01
-6.636070761987408195e-01
-1.022737896868874952e+00
-1.000198218073307332e+00
-3.597050006897598573e-01
2.744295619185395663e-01
3.339532038469964492e-01
2.572078645898602245e-01
1.782663826441457100e-01
-5.442196106024498048e-02
-1.044428955376679735e-01
1.919838204317355634e-01
4.348866620998465549e-01
3.843771622081681993e-01
4.425598441998585542e-01
6.809747789611966251e-01
5.375919143461581617e-01
-6.784267695071503901e-02
-7.140324602715171221e-01
-1.205445481570452726e+00
-1.470978813327187940e+00
-1.234455260997725290e+00
-5.753831678808156713e-01
5.371453826231362694e-01
4.726213312217155682e-01
3.942507996344352811e-02
6.584457456227458746e-03
3.024448001918612627e-01
5.337122003927953218e-01
7.237236438682493889e-01
6.739976712188193719e-01
4.188290598411841259e-01
2.722524522964125948e-01
3.207243701116736512e-01
7.025037341132686075e-01
1.275304486597212961e+00
1.294757192407100188e+00
5.994940429376081070e-01
2.286770158700983657e-01
6.560806129530069031e-01
1.209749203463284850e+00
1.191296664135318428e+00
4.881919857811062302e-01
-4.079683319219069570e-01
-8.200105298684039479e-01
-5.751963169386472563e-01
2.064102681168170431e-02
5.890563300276506764e-01
7.655217710089892158e-01
3.713656331509786468e-01
-3.494972957388999268e-01
-7.376506962736816275e-01
1.467234659539880595e-02
1.632943372823412620e+00
2.454070795273409988e+00
1.759312228464908978e+00
8.856138340117390984e-01
1.056206052810120477e+00
1.567107027212953252e+00
1.357481481073770091e+00
8.598368819547527186e-01
9.739394173407351918e-01
1.476953367992690502e+00
1.374073425147450234e+00
3.154259512625754991e-01
-1.088489964316005087e+00
-2.038621259733243818e+00
-2.072633334719339526e+00
-1.329901336195357553e+00
-5.726151708968806320e-01
-5.503022496213780812e-01
-1.006236215411684398e+00
-1.132560216341371495e+00
-8.805868550496624980e-01
-4.856385679222302576e-01
1.589370513363323190e-01
8.248402750091111679e-01
1.314285427201886236e+00
1.882139009741702118e+00
2.245561184371168473e+00
1.870618144662180793e+00
9.011260171539139385e-01
-4.309506234464665492e-02
-7.337965163577988559e-01
-1.638884475533231688e+00
-2.542815502649648618e+00
-2.410809557215450649e+00
-1.204461801404719479e+00
-1.457950179309074334e-01
-1.263265641483885815e-01
-8.272623177495694868e-01
-1.418556741053139891e+00
-1.381356854538960954e+00
-9.204596841175149979e-01
-4.122726396475451249e-01
1.096984712665853984e-01
5.980155664253410386e-01
9.619290808812639426e-01
1.169979117472010666e+00
1.265767104210914651e+00
1.148198311419548201e+00
6.853484957542894662e-01
1.743633615095242506e-01
-4.695915256862640691e-02
-2.926833952343462983e-02
2.453861953845634103e-01
7.092885064147446128e-01
8.610575596247566077e-01
7.477884383156931936e-01
9.065745741108752753e-01
1.080599963990951373e+00
7.030220594463471029e-01
5.278607045731143615e-02
-2.674512376998540164e-01
-2.831695798243098472e-01
-2.164217110374654918e-01
-1.124164797083150036e-01
-1.837774309788005322e-01
-3.048572572668078462e-01
3.456775827038582188e-02
6.016138816408165280e-01
7.040944299212579249e-01
4.028992077264228477e-01
1.855713866985043703e-01
1.717159936775859985e-01
8.851950082447618273e-02
-3.110156783780999024e-01
-7.019786564270201756e-01
-4.828739164068145961e-01
4.338755913395256902e-01
1.187430865234468058e+00
8.054396696295175184e-01
-2.911049938310171226e-01
-1.050686644111483270e+00
-1.404297959122293049e+00
-1.642628365556104697e+00
-1.702006871425793433e+00
-1.258388389064880375e+00
-2.727146448872705409e-01
6.450174024860487743e-01
8.555844158541094924e-01
3.697273064301205281e-01
-3.479929987066081032e-01
-1.026941681579235821e+00
-1.509588196962604600e+00
-1.611760301255107830e+00
-1.193989895785440014e+00
-7.418367644115169135e-01
-8.524118708243465514e-01
-9.170174651574687363e-01
-3.265746239539198958e-01
4.372316151160012820e-01
8.469364691679422963e-01
9.836219413134636991e-01
1.236260910404076041e+00
1.694021543430164645e+00
1.803506227952377028e+00
1.143313202071120749e+00
1.277571601218721598e-01
-5.631915739017636646e-01
-5.628561823992351831e-01
3.256018974245501463e-01
1.436606133083219383e+00
1.351679259329988669e+00
2.074473368929710404e-01
-5.473868703210349462e-01
-6.423592101991457692e-01
-5.881109467605870611e-01
-5.383191649905400000e-01
-7.075492849285385244e-01
-1.202603594959910538e+00
-1.672182766554902056e+00
-1.632976272487968394e+00
-9.858455468913720487e-01
-2.633804845977741893e-01
-7.284686680923903486e-03
-1.171723742258222595e-01
-1.447687182022899255e-01
3.592238023431910954e-02
2.291487111513592148e-02
-2.946391277531585917e-01
-5.452772390780172840e-01
-4.386789769340715961e-01
-1.981385103084444266e-01
-3.895207050846519192e-01
-7.790685522332183588e-01
-5.233849245973595243e-01
3.864999582199664108e-01
1.244359335330110783e+00
1.668353695558655980e+00
1.657645671870852988e+00
1.235565930088367237e+00
6.657996713636449293e-01
5.267334114357518082e-01
1.009571855955750053e+00
1.340599813122754114e+00
5.330924393620991575e-01
-1.030888928005138316e+00
-2.085570739749254443e+00
-2.294126810938641015e+00
-2.193475886913216044e+00
-1.794435991235276751e+00
-9.342545011300763536e-01
-4.994241553390389998e-01
-8.223510788559185158e-01
-7.646789802621283272e-01
-6.944752969408331256e-02
4.138944895920799727e-01
4.219844832488451325e-01
5.020870494578064808e-02
-5.151207539136990476e-01
-8.931346657392114086e-01
-1.070762027537889294e+00
-1.291119046671206361e+00
-1.489530468340743097e+00
-1.439938470046891350e+00
-1.188139750511802317e+00
-8.669925972471453912e-01
-4.109500481061791888e-01
3.323746671980959411e-01
1.015841350937449983e+00
9.280241862462625946e-01
3.344959879884557563e-01
-3.785385705911543663e-01
-8.421790833249248598e-01
-1.043509255892514531e+00
-6.217365327131544328e-01
1.102542159659813774e-02
2.090428864096526840e-01
-2.183278258565466978e-01
-8.961242294506149841e-01
-1.394606852833425226e+00
-1.703756233641843032e+00
-1.663217937370911281e+00
-1.111539515035927961e+00
-4.815512950835565409e-01
9.186666970298359991e-02
8.034603126696809872e-01
1.220524749305456735e+00
1.111573908679448275e+00
9.789273340576452043e-01
6.935489646145517328e-01
-1.069625825019094451e-01
-4.118431398604052718e-01
4.956750170481419304e-01
1.463323235036782188e+00
1.329667450327325584e+00
4.500760158914645648e-01
-1.654775278658824345e-01
-9.889361330000075168e-02
4.410835378109788651e-01
1.023333873677050532e+00
1.246275752722429520e+00
7.280541105545781377e-01
-4.901539335615803794e-01
-1.379858658208845679e+00
-1.198976006452725729e+00
-5.029687879721187471e-01
-7.238852953934639400e-02
-1.213217171756499208e-01
-4.290494455067637714e-01
-6.217831322418260198e-01
-5.127207555107972103e-01
-2.966242256445734693e-01
-4.063710883959797404e-01
-7.936919064618367381e-01
-8.987488314950484725e-01
-5.906699936054099487e-01
-2.743822941381998670e-01
1.711634853157371350e-01
8.599663656254460387e-01
1.007936441093473245e+00
4.514467175691653789e-01
-1.376812885013680710e-01
-6.765581026103777429e-01
-1.285135387925297357e+00
-1.332804052267275274e+00
-3.133244197730454261e-01
1.087972272986907685e+00
1.708123819468424953e+00
1.171675293831801357e+00
2.442703458428332475e-01
-1.383317426137858908e-01
-4.376777845169128878e-02
-1.754464466843985160e-01
-8.315099037022373185e-01
-1.556935778444662244e+00
-1.574549999042034409e+00
-6.479000833835180106e-01
8.413513907491613208e-01
2.131652563213656926e+00
2.664604679138199206e+00
2.691307542160056521e+00
2.695983541997803989e+00
2.326071303984377003e+00
9.088277242784298382e-01
-1.035968441470347390e+00
-2.026619353135896251e+00
-1.518882910797746399e+00
-5.815834675987585634e-01
-1.037953716714167668e-01
2.764608697736989362e-01
1.177637932307436186e+00
1.976242634567956458e+00
1.737805260306542809e+00
8.950997942777630945e-01
1.763285624100933979e-01
-1.460103865477961615e-01
5.352233950020316572e-02
2.485310942807974210e-01
-2.015659307873680917e-01
-7.466927157434001261e-01
-6.344205806822319493e-01
-1.892565707912545470e-01
-6.355820896849534440e-02
-4.604529884979009502e-01
-1.079166893704662344e+00
-1.234377494111044804e+00
-9.245421577340484642e-01
-9.893326394873194207e-01
-1.422331773733468196e+00
-1.373069130709041907e+00
-7.066041680840113859e-01
-1.331922151712591484e-01
2.578938894149593319e-02
1.660489676306747264e-01
4.630170003327989114e-01
3.704606501140975672e-01
-3.222819376085969689e-01
-6.953365423673103507e-01
-3.763227795830608180e-01
-1.435787129998105094e-01
-2.347580210712277016e-01
-4.348767562753292903e-01
-9.996232536302033234e-01
-1.796444083073347464e+00
-1.970543950467827266e+00
-1.191020528511183008e+00
-1.344354481455774519e-01
3.386568996085227434e-01
-5.918538157371827473e-03
-5.989867395654276949e-01
-5.960152373532228154e-01
-1.735087585415670264e-01
-2.147640198052937488e-01
-4.955292102359182826e-01
-7.908999022756466046e-02
7.465366966820711214e-01
9.003556405191294187e-01
4.007845802865191431e-01
-1.195351263955673760e-01
-3.486292597142181537e-01
-2.123608693753206156e-01
3.563510716885258112e-01
1.252841630310008281e+00
1.639363200078764349e+00
7.791589603628649163e-01
-6.129789782757386618e-01
-1.435839350044983309e+00
-1.520517846067118706e+00
-1.045967837229054398e+00
-2.759054946508792128e-01
3.422943027482188705e-01
7.200491830373172419e-01
7.298508149122148181e-01
2.420700210081518644e-01
-2.255817370334686489e-01
-1.977657355435853692e-01
8.166143366355931021e-02
3.021983149649108413e-01
5.235085315820168228e-01
4.998544981225716555e-01
7.821770968451979833e-02
-2.861700249195056611e-01
-5.263383846695818269e-01
-9.213542774298884019e-01
-1.281325868404865620e+00
-1.284506244853591772e+00
-1.032942631538591005e+00
-6.988218206791553255e-01
4.045529613440869421e-02
1.002870199010783558e+00
1.568012431380646055e+00
2.011255245727032293e+00
2.480250037467365498e+00
2.357586622552345634e+00
1.552071582121385074e+00
7.713805668096946899e-01
5.424560780702124552e-01
5.890876560399802564e-01
5.404666297812409370e-01
5.819208015583628990e-01
7.199292248896692614e-01
5.417182329792394890e-01
-1.429276098192040767e-01
-9.003148778338110336e-01
-9.115167789089864137e-01
-7.260818242048711069e-02
1.015451015246898292e+00
1.983292663816898393e+00
2.540124636056257934e+00
2.125075099218185493e+00
7.085355655219779392e-01
-5.390574957227203257e-01
-6.360221846871813023e-01
-3.183926327011413898e-02
2.389970962514649522e-01
8.028236513916187089e-02
1.393798576116955512e-01
6.869490587310039809e-01
1.276834409915593049e+00
1.289185441639458141e+00
6.484678541542436836e-01
-3.705858452718097662e-01
-1.284985094198523470e+00
-1.492558488715102216e+00
-1.174876100386912148e+00
-1.084040675190264036e+00
-1.247350724587423576e+00
-1.135371084176857170e+00
-6.904393149838859989e-01
-3.533572481434606449e-01
-2.217775320665635874e-01
2.294451807503112839e-01
2.705335586757279809e-01
4.248783995505190925e-01
7.527066748959496678e-01
7.786171150443602640e-01
4.665532326231738858e-01
3.202591864017338419e-01
4.715631569967181913e-01
7.467401706544213313e-01
8.500369252548969357e-01
2.358710657408792100e-01
-7.371579435783900403e-01
-7.059585414162519168e-01
2.093711911767926481e-01
8.616612740453686303e-01
1.145181356459423094e+00
1.518134295684738566e+00
1.766951404847020513e+00
1.601795728169998378e+00
1.391670019885250742e+00
1.145208103727184179e+00
6.083449895493786563e-01
1.254852653827389364e-01
-6.598769542459918813e-02
-5.216723158919350789e-02
1.292893979663936044e-01
5.283222268856190285e-01
1.119870833339611016e+00
1.386947621328732394e+00
1.016811923979434429e+00
6.546275245620928329e-01
9.852450895781896811e-01
1.597266331966558095e+00
1.605474064347642615e+00
1.122421222801111895e+00
8.055695729877575539e-01
8.455287022026952704e-01
1.175139827344796162e+00
1.599768513892504407e+00
1.576403985181864531e+00
7.704507297519460618e-01
-3.211097093082830312e-01
-1.064550003572377834e+00
-1.001218442835915878e+00
-2.818312277317460701e-01
7.368839088824613581e-02
-1.310198995797094146e-01
2.017253521359987922e-01
1.213007730658593575e+00
1.600468226526341242e+00
8.287327585255368501e-01
-2.206187678578711009e-01
-7.361694336799793348e-01
-8.244631333899041792e-01
-6.891250029402163912e-01
-3.078181017509369344e-01
-1.491573135107908121e-01
-4.227970417660193436e-01
-4.199368617665917292e-01
3.057762053393207613e-01
1.161538761757678451e+00
1.361522821419234752e+00
1.041295521044684369e+00
6.151542557746653150e-01
-7.997685314278310531e-02
-8.533384197210206468e-01
-1.067317955520902695e+00
-8.695309898374619095e-01
-8.274225029682689136e-01
-8.887312240608040703e-01
-6.825811573238917962e-01
-2.326272371914930026e-01
7.407504410915403958e-02
2.351761496511630203e-02
-1.852234460614328726e-01
-2.185198924789812924e-01
-9.674208572976742554e-03
1.570291518239876893e-01
-8.120109519137597848e-03
-2.714472247203543187e-01
-3.219293457664514913e-01
-5.278636578183426575e-01
-1.095295666477245078e+00
-1.413797052497877349e+00
-8.614921582531195332e-01
3.696814723261485081e-01
1.163473362326969296e+00
6.154069082769798582e-01
-8.821036009149477719e-01
-2.141566867621905512e+00
-2.574631915913904834e+00
-2.439150172985020681e+00
-1.875351493012858528e+00
-1.076278867153271479e+00
-6.521833929840429311e-01
-7.369272305992992100e-01
-8.281280652784882568e-01
-8.170604711323778968e-01
-9.222794492141871414e-01
-9.274719614976756343e-01
-5.466229222550135214e-01
-9.730128499005981368e-02
1.643492561292645149e-01
4.611287336334873310e-01
6.777687157046846655e-01
5.427430026592159340e-01
2.507127301635552197e-01
1.500711996034069240e-01
7.218923042588164252e-02
-2.017540078473867848e-01
-1.699420985520480043e-01
2.803832959083844556e-01
5.969669528487957511e-01
6.028183864015297377e-01
4.239362409810643606e-01
3.661073806842236045e-01
8.142650704746722257e-01
1.445187697910991886e+00
1.488942328518300107e+00
9.007715272308493004e-01
2.051611445428258018e-01
-1.968712484259586004e-01
-1.017408233265302969e-01
1.246268727760072997e-01
-1.091572119007676450e-01
-5.280880817121448301e-01
-3.858141298894178783e-01
2.316383117164851901e-01
4.581392700354550152e-01
-1.978962858535744940e-01
-1.162955974504018997e+00
-1.456964680464029049e+00
-9.900605590291191582e-01
-1.065732790066022534e-01
1.011966180585411657e+00
1.801295738367137078e+00
1.782667578547468823e+00
1.112783485198791666e+00
1.969092943023765252e-01
-5.199258968629771882e-01
-5.516674178262049866e-01
-1.276770675131321531e-01
-1.856793912740316299e-01
-9.302396146851804604e-01
-1.671692899238756969e+00
-1.815271815473070927e+00
-1.446450710243840643e+00
-1.208779381760269223e+00
-1.375197285677620007e+00
-1.578955789860679415e+00
-1.282061038871620040e+00
-5.720705030672613711e-01
-3.914918983365447414e-01
-7.732540270846706143e-01
-5.946401681469021261e-01
9.538574883263357951e-02
3.652793832392092210e-01
1.302523147242988788e-01
-2.960618317245060638e-01
-6.928843784789241456e-01
-7.837924000384201006e-01
-2.786090370676184147e-01
7.353154361625621194e-01
1.488535472704536788e+00
1.072101712373984883e+00
-4.781135568897855737e-01
-1.704559510465928573e+00
-1.306478356228798487e+00
-5.926295282091398331e-02
6.102244968475594167e-01
7.149829702371478524e-01
7.534159960880234541e-01
8.312967288172169456e-01
9.358962895052477249e-01
9.951327132575654710e-01
1.192917401071794670e+00
1.466142719444626152e+00
1.179340929506538238e+00
2.656081705868627019e-01
-4.102073543196776972e-01
-1.373753686988145595e-01
7.451150284886882691e-01
1.565654123717309387e+00
1.920005480424651800e+00
1.566558894969377613e+00
7.323564697685367442e-01
-5.051178181989332550e-02
-3.025316413265132787e-01
3.100017056335774290e-02
4.173162096096542650e-01
3.018424296394601747e-01
-5.546452014617857529e-01
-1.796595093826383716e+00
-2.643334907797033395e+00
-2.722014392849602338e+00
-2.464962168953964916e+00
-2.138576680763097482e+00
-2.229855935401551914e+00
-2.053899475191355073e+00
-1.121267895720000629e+00
-9.226889915686309340e-01
-1.388090589581395751e+00
-4.937256160192604604e-01
1.665793249488910721e+00
2.800269516629478872e+00
2.696277537588749329e+00
1.563165158651587117e+00
9.817071881185976956e-01
1.045556183026561170e+00
1.032811216813996902e+00
6.318829571249662269e-01
1.983774296820221827e-01
1.674458175815388972e-01
3.056777757657076489e-01
3.332890080663790111e-01
3.956175065306934968e-01
1.251366371097311081e-01
-3.313145239970376466e-01
-1.132175120532919743e-01
6.688678054377396043e-01
1.126476909411907812e+00
8.979919556182519580e-01
4.993324631294562277e-01
2.819368765870550186e-01
-2.777314244625319478e-03
-5.427914242084909135e-01
-1.164815166884722863e+00
-1.284836598930571006e+00
-5.713243850024360970e-01
2.732414034845107031e-01
5.310655787930467220e-01
4.986206765205129510e-01
3.942616017570955700e-01
1.588706338875187640e-01
1.442062118084605771e-01
3.277612727806971660e-01
9.246639594015650110e-02
-1.541467979724186754e-01
3.571699780030330729e-01
8.676737623923427289e-01
5.048764275315203998e-01
-3.375037507361485223e-01
-7.698418945564172722e-01
-5.220254077364376855e-01
-1.119337427437181037e-01
-2.001915474800896044e-01
-9.773331283865550612e-01
-1.719867609294017496e+00
-1.584427225054389821e+00
-8.733741707694392398e-01
-2.899895291567206046e-01
-1.055811660197828322e-01
-3.543260514240836878e-01
-6.936712258566040123e-01
-7.266881597561609674e-01
-4.938642321871566376e-01
-3.881950137997166594e-01
-8.468296921176307057e-01
-1.561873900578546026e+00
-1.622033603657671463e+00
-1.009275916516477967e+00
-5.182017958918536671e-01
-2.871422933236467689e-01
2.537955582602857141e-01
1.159173391118810237e+00
1.633952903573546722e+00
1.166706023508474077e+00
1.580012861363131738e-01
-7.415140913873907724e-01
-9.776821105956150504e-01
-4.900983951811566652e-01
1.223296132123883190e-01
6.264468639478043555e-01
6.776011332331821624e-01
-2.407979324966488255e-01
-1.294321647293892985e+00
-1.303000453143412507e+00
-2.629273695809627442e-01
1.100877773836025364e+00
1.872496424422488648e+00
1.618392774622021912e+00
7.287268085506821702e-01
-1.903366092390347819e-01
-8.157392875982020231e-01
-1.067944532840391370e+00
-1.048663676218689389e+00
-9.992633551896981103e-01
-6.871893786894253120e-01
2.206325853332503917e-01
1.113378441594534696e+00
1.249322202333805976e+00
8.878637012056838085e-01
4.677719069120370166e-01
-1.339887374392753905e-01
-8.226099641776429827e-01
-1.164716368564004512e+00
-8.475224529117822980e-01
-2.877848783090590223e-01
-3.674014252329547703e-01
-8.574503213126185575e-01
-8.669438227211874182e-01
-3.211785244332985290e-01
5.644819310954873881e-01
1.642199045450891459e+00
1.984040232416881766e+00
1.137937052075167710e+00
3.567945484773706877e-01
3.242731124112400720e-01
4.765536612908549685e-01
4.623415068130384276e-01
2.291760207042385089e-01
-1.525804635382142227e-01
-4.246646898469376152e-01
-6.593957960288925058e-02
9.866627378965028283e-01
1.668171922971237953e+00
1.547188191439321292e+00
1.511305474427608875e+00
1.514405408188734592e+00
6.217628865597920607e-01
-7.594983682768865485e-01
-1.210983393809117681e+00
-6.926847808770377757e-01
-4.855044976376873267e-01
-9.207877015253985720e-01
-1.187032681829887970e+00
-8.384045047486842206e-01
-2.326401747032215417e-01
1.623567172513020185e-01
1.894125433707726236e-01
2.607601931705313958e-01
7.572919328984840659e-01
1.077671865378716731e+00
6.360865907338505432e-01
-2.018361593964741740e-01
-1.207010064219826928e+00
-2.479486195703044515e+00
-2.815667857529561058e+00
-2.815667857529561058e+00
-2.815667857529561058e+00
-1.808556478953614821e+00
-8.552812134192244731e-01
-4.094561650090197125e-01
-4.226937114418771735e-02
3.418063541923259119e-01
4.312250497108549019e-01
1.391978727177965447e-01
-1.331209711421885433e-01
-1.293044188730468891e-02
4.423830088281647810e-01
1.031748463486765077e+00
1.530264906480375720e+00
1.878996078070819031e+00
2.077493079991215463e+00
2.008322218941959392e+00
1.581390828721876085e+00
9.595836430531687888e-01
5.767006277601293140e-01
5.333433475554660852e-01
6.003405153795623450e-01
5.898516746007660405e-01
5.062399398668508965e-01
4.893438491566477477e-01
3.646502198102473113e-01
-2.201387963055091157e-01
-1.382730149967547284e+00
-2.311407927152316244e+00
-1.999577918901715323e+00
-1.230985961103621573e+00
-1.248147124907146077e+00
-1.517897571851978267e+00
-1.345486874648988307e+00
-7.802072510625003288e-01
7.849205829676067503e-02
6.564397102375769677e-01
4.777678703330739962e-01
1.116224476027274093e-01
1.993220046585165994e-01
4.436293498247982359e-01
3.462951459012296729e-01
-1.130608090459226112e-01
-4.206460131622694609e-01
-1.167901456636946944e-01
5.095043199012107005e-01
1.013269658109238192e+00
9.082490677915161514e-01
-7.585295845826535432e-02
-1.121318535462595412e+00
-1.469703071270309414e+00
-1.105149324819776124e+00
-8.057246228021969214e-02
1.021923163143134472e+00
1.072177414882823587e+00
2.104489156775765368e-01
-1.776932508663681132e-01
1.911021807987777488e-01
3.231249843554641066e-01
4.430372510103192454e-03
-1.917834518100829111e-01
-1.570540637722492860e-01
9.907196839537024680e-01
6.198157877895752454e-01
-5.355759134596013160e-01
-1.049886400578806223e+00
-8.235141416626254873e-01
-7.849236205351426410e-01
-1.209434660680274165e+00
-1.581519480135539446e+00
-1.759124423504998980e+00
-1.972098166235198402e+00
-1.884548201214656826e+00
-9.933285923888095503e-01
3.507487722273214814e-01
1.196588745768100370e+00
1.011349597397276812e+00
4.557325494715567249e-01
6.348169678012818284e-01
1.291551288313939061e+00
1.308538130475921379e+00
7.498235624131213140e-01
5.484727567891283240e-01
9.805701318080758400e-01
1.626927399562744236e+00
1.840155400643457284e+00
1.279406673019517493e+00
2.902354531418955275e-01
-4.201993256905208196e-01
-2.702727813221412756e-01
2.941144010280681287e-01
2.079016746630638623e-01
-2.708018754501117509e-01
-7.490162079116841412e-03
6.774128803150561984e-01
6.560308028105902300e-01
3.042909052932387115e-01
4.165885299123670005e-01
7.865228018094134743e-01
1.032056699728937543e+00
9.855121494656781111e-01
5.048047594294825524e-01
-1.069021803407222693e-01
-5.096993362527767191e-02
5.831072325884882890e-01
9.120800654507715821e-01
6.223476337816388204e-01
-6.833071102793594753e-02
-5.689229429071424038e-01
-6.312872293036508875e-01
-5.783669511243550998e-01
-4.661051219035719506e-01
-6.091462937355790475e-01
-1.324384954382832547e+00
-1.988617400054087270e+00
-2.003605757354400829e+00
-1.679621410854761132e+00
-1.378854583633580377e+00
-9.003086383263939618e-01
-2.784081051283495700e-01
2.106910528620072887e-01
4.917177569049978603e-01
4.702823160392606838e-01
1.785556149486361155e-01
-1.117544209223612639e-01
-2.809722119460135725e-01
-4.985866380395811426e-01
-7.169533044713882752e-01
-4.147270383131464455e-01
2.842324433162285446e-01
2.228166561254686928e-01
-8.762936394105272919e-01
-1.760631167181638812e+00
-1.531088939678110661e+00
-7.841798038881667710e-01
-5.412702041670028885e-01
-1.015258629382418176e+00
-1.371060456071889089e+00
-7.539089421786890899e-01
5.534529213208171372e-01
1.286377763830662824e+00
9.189942707716560744e-01
3.702322747397730485e-01
3.289531236195803454e-01
5.385179463716952553e-01
8.516526718188681677e-01
1.273564488156879726e+00
1.372314279140420368e+00
1.074979331948555439e+00
8.496600066518664729e-01
7.044851891840876457e-01
4.889923920975943195e-01
4.952563319584155632e-01
1.193382719419974425e+00
2.439397693537769474e+00
2.736627915796348454e+00
2.353279454482203104e+00
4.672490039723891098e-01
-1.091833300104606996e+00
-1.699862797409382287e+00
-1.782857990825350791e+00
-1.560583842111270547e+00
-1.029820243290555437e+00
-4.987890199186920670e-01
-3.462495863178241540e-01
-5.375930849069049389e-01
-7.449901469742939986e-01
-8.734567407424429497e-01
-8.573624029727733298e-01
-4.604242205412027444e-01
-1.482758048442056331e-01
-3.299941302590338466e-01
-2.204245400007374400e-01
4.803039930066327345e-01
8.625124405044684028e-01
4.062574733901016533e-01
-4.005003352006174522e-01
-1.064150301298239842e+00
-1.543064879971748349e+00
-1.537694549690847179e+00
-4.412070736370722335e-01
1.181445567707486877e+00
1.643188217462911327e+00
6.800832619727092965e-01
-2.774162140754292682e-01
-3.697253288997034426e-01
1.637741842778443757e-01
5.090745953330121365e-01
7.595331253746196234e-03
-7.484248090899050521e-01
-9.628213942601904218e-01
-7.716944209897013129e-01
-3.389772897415245234e-01
4.182063893287087941e-01
1.235670310062241706e+00
1.509745892135441636e+00
1.008020807123502838e+00
2.771884704418459688e-01
-5.322494634672867431e-01
-1.682173590851739453e+00
-2.248938423817485877e+00
-1.346946336733206628e+00
4.351011110409458427e-02
4.897232281665555576e-01
1.393651799889878695e-01
2.198167049470746079e-02
5.197129939934873599e-01
1.052392403520908459e+00
9.295688642896946519e-01
3.547925358296925014e-01
-2.119386886207829668e-01
-5.820839929592995787e-01
-5.514395118178959665e-01
-3.201001897708073973e-01
-2.349948827880314339e-01
-2.334120543490076916e-01
-2.235729297073860145e-01
-2.025947417270063389e-01
-5.694184514979154510e-02
1.003393548957510206e-01
2.242561285054036069e-01
4.943007554107612389e-01
8.011073311320966450e-01
1.114213298065053426e+00
1.720857082448185693e+00
2.382423896900829785e+00
2.213943204969342826e+00
1.188487387139848250e+00
4.807602856079029596e-01
2.628206267407549590e-01
-2.143853183585765765e-01
-6.435775622321977529e-01
-5.837903345131686406e-01
-5.397194732954156970e-01
-7.429652556193950819e-01
-9.023558080972813311e-01
-9.651753810142702505e-01
-7.039993563401976129e-01
2.337624861999635650e-01
1.319551067591744564e+00
1.463099902271738140e+00
7.768985317217250719e-01
9.065469960095952351e-02
-4.634024922723692930e-01
-1.134073937788769415e+00
-2.004242625665488386e+00
-2.632479931353642666e+00
-2.216277509748458829e+00
-9.192530998447777657e-01
1.272787623139382818e-01
5.774845119422203910e-01
7.882456150485318558e-01
8.763014123164277747e-01
8.331286803623400017e-01
8.319241992577677269e-01
9.584295660354195112e-01
1.111026276995180639e+00
9.683525359425730894e-01
3.069947562070539648e-01
-3.736116847845378230e-01
-4.384279712910624238e-01
-9.809113653715570424e-02
