-6.287107242044417399e-01
-9.679242101197352843e-01
-8.005442751496358866e-01
-2.439257765358893992e-01
1.947326443603920598e-01
1.452845350443937034e-01
-2.070686262974496539e-01
-4.234863742423866095e-01
-5.807297476167280759e-02
7.860523892473652019e-01
1.495356861110410884e+00
1.608330012346557147e+00
1.219108116724501034e+00
5.684907808252068762e-01
-1.569759316284249084e-01
-4.697487959961499371e-01
-1.736614807930812743e-01
4.522028999884397660e-01
7.441968542849140000e-01
-1.928826985618491358e-03
-1.073315787279065514e+00
-1.209189160702205390e+00
-6.576267672640160322e-01
-3.535596124826579922e-01
-4.803699502077954375e-01
-5.432452941163835591e-01
-2.928590080541338958e-01
4.197892695347037878e-02
4.291141919966844909e-01
7.642718285461010952e-01
8.371232355127280478e-01
8.597177303668288584e-01
9.011504273138770671e-01
7.386926999551122197e-01
4.092652447578637442e-01
8.905072479633083238e-02
-2.532702892993539123e-01
-4.912707364710676150e-01
-2.767496155899175636e-01
1.270668782604696678e-01
2.217906477757557726e-01
1.795175646659174784e-01
8.471367180311675793e-02
-4.529726544941298227e-02
-4.843927483451930527e-02
-7.649773622924836702e-02
2.140918294689028167e-01
1.200784201187450329e+00
2.016707698373850999e+00
1.886894170854683583e+00
1.315747908448023251e+00
8.494432756797656303e-01
6.140902035849099549e-01
6.456410267716234941e-01
5.298651687354951623e-01
1.878259850730709946e-01
-6.114680389846473968e-02
-3.277191144626932506e-01
-6.874363204094203761e-01
-1.041990042943876649e+00
-1.305742067098933257e+00
-1.190907546968820396e+00
-5.471470739002023409e-01
2.365096060335081796e-01
8.474953269373399767e-01
1.340179991793505110e+00
1.795725707549465922e+00
2.315958702592477270e+00
2.649608701973869440e+00
2.360475309573893732e+00
1.632835387644124614e+00
9.960648133718483788e-01
6.792526085123641311e-01
4.951117776108221458e-01
3.991456551677107223e-01
4.346508955820689302e-01
6.068347539462011497e-02
-7.973536834564284304e-01
-1.141257295532955851e+00
-5.616210691013030498e-01
1.652019280745579133e-01
1.707990576511984049e-01
-3.597300045194458673e-01
-7.396902630176163118e-01
-9.512020801710863172e-01
-1.238359252634541718e+00
-1.437488982377245872e+00
-1.365301348551140714e+00
-1.284262467299286170e+00
-1.196306667009985336e+00
-7.342065160439774640e-01
-1.177358837521274570e-01
8.780664272462743170e-02
-1.887442544758301810e-01
-5.937065645271624170e-01
-8.846124030811581829e-01
-1.059735608215086389e+00
-1.083546188320210213e+00
-8.509809138718610333e-01
-6.215944620311635305e-01
-8.215185015927816137e-01
-9.872573944277924785e-01
-4.469972988015326609e-01
2.722035965943950808e-01
1.278935606092461708e-01
-9.314520248368035604e-01
-1.899458831943191317e+00
-2.050141869209050061e+00
-1.380599520583065454e+00
-2.839211549179385674e-01
7.185354503641309121e-01
1.538982119894081624e+00
2.097095978521911430e+00
2.318949730519819230e+00
2.416315219564371120e+00
2.146200070031389906e+00
1.373035042168916586e+00
7.004078110128868495e-01
4.919540396020089523e-01
5.250126394858318779e-01
6.599057290116597807e-01
9.972188489664175481e-01
1.302471200865026102e+00
1.142378081963096426e+00
7.596319992241306052e-01
7.205809836076817465e-01
8.377229483165551382e-01
5.711979764656208713e-01
-5.948970012765961851e-02
-5.151904046651516467e-01
-4.252063739513128882e-01
-7.756897386107994979e-03
2.183400192468134826e-01
-1.511049642538257742e-01
-9.582068078957441948e-01
-1.343136863343008747e+00
-8.519950945330976300e-01
-1.549428223316326979e-02
6.327902781518637276e-01
1.002713248883263741e+00
1.061104764186384219e+00
7.606610988221882419e-01
1.408891605191521235e-01
-4.007524630246442898e-01
-5.001283573319086351e-01
-3.624240838982127344e-01
1.326582776058429260e-02
5.921485184596489981e-01
7.688582502795123785e-01
4.510695182159823458e-01
2.366045662191282317e-01
3.813114550848768491e-01
5.736172410626558804e-01
3.263723135629617023e-01
-5.236053597128076387e-01
-1.219810624757346140e+00
-9.626189441741015429e-01
-2.424502180010326413e-01
-2.755811197647466473e-02
-4.009569713717206496e-01
-9.056886661972354258e-01
-1.533867971145588260e+00
-2.169637182454934532e+00
-2.125272957091584036e+00
-1.513563376325819387e+00
-1.303359161640280206e+00
-1.500076952722378953e+00
-1.554147126417225078e+00
-1.716959004744776029e+00
-2.041829465643483665e+00
-1.874454472266337879e+00
-1.209434118888432330e+00
-7.210842694752327420e-01
-3.798619779958078424e-01
3.771081565446295358e-01
1.261275026665070520e+00
1.608395962916962851e+00
1.399796622621170217e+00
7.179344404519748535e-01
-3.035365157104696343e-01
-1.029816256183212930e+00
-9.346558930400999943e-01
-3.163603550310423729e-01
-3.958147675216296818e-02
-4.471946325901259289e-01
-9.113316361665111387e-01
-8.426311548195062340e-01
-9.460328969715343927e-02
1.078384272690000367e+00
1.816673845213633731e+00
1.593258682054328190e+00
7.677825509777472801e-01
-1.555743557800021160e-01
-9.492168421322589866e-01
-1.524984942991799874e+00
-1.594396338879873865e+00
-8.033748046029489664e-01
3.870125232323678999e-01
9.624380462485240262e-01
6.956863488392318606e-01
-5.196054820346162062e-01
-2.269615005966443277e-01
7.880276324821751111e-01
1.668123175652161283e+00
1.933874299112853246e+00
1.732789323967655282e+00
1.168625613712784617e+00
3.798561688556952309e-01
-1.089621872932169111e-01
-2.049445750138774447e-01
-1.776539490372276708e-01
1.994202104175280543e-01
7.228003541354965922e-01
4.574211519221423328e-01
-3.197102351853399749e-01
-1.407817370682127867e-01
6.293562373691184986e-01
3.444725953048615730e-01
-8.388845007008003396e-01
-1.572296239812077223e+00
-1.030292915046143953e+00
3.917875331293805830e-01
1.471930031922847437e+00
1.616568767242246185e+00
1.047767071761306346e+00
1.020827605591938525e-01
-9.083857660825988001e-01
-1.333049398686304787e+00
-8.229229830300134330e-01
-8.590313870743013225e-02
1.231451464944176843e-01
-6.172018302111170751e-02
3.994980900995709350e-02
8.024494287245722557e-01
1.782263533985601667e+00
2.013788725799404045e+00
9.230172820128228484e-01
-6.533061036090721529e-01
-1.439346928918489699e+00
-1.333849177141765541e+00
-1.157284668746524137e+00
-1.300058605362728992e+00
-1.187330378853390433e+00
-2.408855563030346814e-01
8.211598483506431512e-01
1.071338319516088156e+00
9.394968266177505800e-01
8.655323055449567482e-01
7.293482098705390548e-01
7.139092888273929072e-01
7.994148506707851043e-01
4.440947754777511136e-01
-5.549409142072234680e-01
-1.751820834306282437e+00
-2.670076368112241916e+00
-2.760208575450849633e+00
-2.760208575450849633e+00
-2.633807965557644515e+00
-1.738071938349576406e+00
-1.021176323532992480e+00
-3.604147483728867285e-01
1.066953029841886946e-02
-3.599780124389621028e-01
-1.050226147688678502e+00
-1.248105260466255917e+00
-8.984414069901200950e-01
-5.278383337790353291e-01
-4.589317540784493832e-01
-4.881741515191087011e-01
-4.922254196640740709e-01
-7.222552134873458929e-01
-9.759784855964317440e-01
-5.942652243139466828e-01
3.706362149691567742e-01
9.882944348573636795e-01
9.424991453697506572e-01
9.249528944322868984e-01
1.282652094701990153e+00
1.328584603530962749e+00
4.488503651081371948e-01
-8.986186049649284024e-01
-1.895732370156378188e+00
-2.219199876595767673e+00
-1.936699959335434817e+00
-1.277819988650665373e+00
-4.366573050301417180e-01
4.404487293716654039e-01
1.074420648352395258e+00
1.217573362611586774e+00
9.504761917485513578e-01
5.247421222890874537e-01
2.358815736813119346e-01
3.322931075004613710e-01
5.103752189425947439e-01
3.509664541058750142e-01
5.294070901636458576e-02
1.806233399913401982e-01
8.059095536716159858e-01
1.198328211913816554e+00
7.557575765842846627e-01
-2.249905145808424323e-01
-9.111216696319113240e-01
-9.373096367059511325e-01
-4.659442760882232526e-01
2.331118021304882659e-01
7.967167625700523059e-01
1.011374770211916907e+00
9.559521367969485706e-01
8.799987837851117600e-01
7.273917277511385837e-01
1.839264598759152991e-01
-3.104802754044426183e-01
-1.596153955584633521e-01
4.315533146260632780e-01
8.191723735738294376e-01
8.859169543786885592e-01
1.249093114738186294e+00
1.906715723147873742e+00
2.047719546688984149e+00
1.557427973425947965e+00
9.779674926790582479e-01
4.927717253803922670e-01
-4.758944096549229397e-02
-5.058529462749238315e-01
-5.025038361752826033e-01
-1.015644057901619740e-01
3.713575436522039142e-01
6.517740185075266979e-01
7.193480915271093235e-01
9.300934413711778870e-01
1.065687607545827698e+00
4.346476308084561424e-01
-4.919850444951527901e-01
-8.051320719606125387e-01
-7.494130161803057577e-01
-9.681837768824250734e-01
-1.329718010237795678e+00
-1.122063373166642508e+00
-2.018090403667866517e-01
5.793218536284462372e-01
6.178203536250095329e-01
2.944710704200502738e-01
1.192171642302766038e-01
1.125453752459002060e-01
1.817346024839050223e-01
4.606952358494256772e-01
8.079491088004641108e-01
7.631480986506562481e-01
5.250925330102476085e-01
5.326235510435595177e-01
4.140867298538140062e-01
-1.090039561983301153e-01
-5.624003983804628515e-01
-3.305017861004249102e-01
6.191090749315010244e-01
1.317114156527347202e+00
8.832259048365130871e-01
-2.179428091554576896e-01
-1.006906367592539597e+00
-1.227152770039244167e+00
-1.118080136784520562e+00
-7.680272761806908877e-01
-5.990238240411046265e-04
1.051205202772071967e+00
1.764830767818195589e+00
1.633473367081299088e+00
6.911982421297896417e-01
-5.017927275817186672e-01
-1.261811281126004936e+00
-1.284119940380322955e+00
-1.043981412095820405e+00
-1.038691122524741717e+00
-1.079264214256096865e+00
-9.413761200321575373e-01
-8.876031731089921717e-01
-8.724985249443969471e-01
-5.340040962196270780e-01
-3.348079854847578751e-01
-8.367412847662418773e-01
-1.600327224063453624e+00
-1.781151193415604350e+00
-1.082478375847700347e+00
-7.940727526195766328e-02
6.276873687479888053e-01
7.963451693447084478e-01
1.523270095079393704e-01
-8.508446442974400004e-01
-9.520659667346361710e-01
1.507472298411925149e-01
1.172576592154615627e+00
1.348688247596852019e+00
1.254902818405981169e+00
1.096627861012849925e+00
3.134326731138232236e-01
-9.084146890264143126e-01
-1.301800904145229421e+00
-4.641883828566295556e-01
4.704393890649333221e-01
8.145862515131419013e-01
6.606424013234259984e-01
1.033432769024723807e+00
1.841390721095579774e+00
1.952257967764456037e+00
1.552316429707476964e+00
1.316407380736075217e+00
1.379863498968430857e+00
1.280827636774264811e+00
8.906029880734855908e-01
7.428065222966591108e-01
1.142183509726138135e+00
1.315788996207358563e+00
5.423894559334357934e-01
-6.200087355600930605e-01
-1.326078414212665812e+00
-1.699897577774851065e+00
-1.961506097448234565e+00
-1.771154843866073580e+00
-1.124524425732124966e+00
-3.690313645075924409e-01
2.519801666300057197e-01
3.897463204645880697e-01
-4.537308515250568219e-02
-5.065212502288930496e-01
-6.915765031479998992e-01
-1.036676333964871244e+00
-1.527489715940428816e+00
-1.529856188887496637e+00
-9.644704111398147983e-01
-3.697529669762629201e-01
-2.162338561485993849e-01
-3.777680483596582151e-01
-5.627966701352266066e-01
-7.993366957553230678e-01
-1.030314085278685843e+00
-1.064950936725113539e+00
-8.827825979124220845e-01
-7.482132385052893131e-01
-6.497362859881365971e-01
-3.119980672619447892e-01
-2.390261645282256431e-01
-7.334535000409524441e-01
-9.786295328414890138e-01
-5.084030807948727304e-01
-4.102806601815203735e-02
-1.538301637805220279e-01
-3.161666537934969545e-01
5.451610042026661801e-02
7.446418126712632812e-01
1.254998367218924660e+00
1.402037238456533386e+00
1.328292029166352251e+00
1.045323029239351165e+00
5.720169998610037387e-01
2.470093104726880928e-01
2.972306301864975353e-01
4.814006722283219464e-01
3.840351479673909663e-01
3.500466977271887020e-02
-2.583687526509545473e-01
-1.695125142732887835e-01
4.180687966504777475e-01
9.025426662484727913e-01
8.012954929178156549e-01
5.092012618875672025e-01
2.946038162655024717e-01
4.918571990232137314e-02
8.125475088122770251e-02
8.562822732507257006e-01
1.981905532510812362e+00
2.210686339045559556e+00
1.125733197987048628e+00
-8.809674330531416797e-02
-3.845583936782645540e-01
3.488838583563699802e-02
4.499250052646660003e-01
5.265811444164605337e-01
3.957635529702714927e-01
2.947498297946692380e-01
4.580463417032313855e-01
7.182179532630972307e-01
7.324697366108334773e-01
7.439137858536741810e-01
1.052389107271738844e+00
1.419261856704695957e+00
1.577266392806426776e+00
1.517273668964897126e+00
1.252046109129328233e+00
1.098067028862339756e+00
1.172067661258679117e+00
6.221813593772841378e-01
-8.783085189868664600e-01
-2.220508285784606795e+00
-2.405029524828360188e+00
-1.696909978449803624e+00
-9.175028126919482219e-01
-5.010235708000393418e-01
-4.306738306270388450e-01
-4.322275261932720380e-01
-7.102642219961678716e-02
8.023133385597233103e-01
1.581606172080335604e+00
1.778095856612463166e+00
1.552157208260851906e+00
1.083336194762579252e+00
5.093268821591254714e-01
9.326261111728319231e-02
-1.059962991352588618e-01
-1.711896871685710531e-01
1.225183693181428612e-01
8.232192894089949142e-01
1.353445875548286104e+00
1.235459657285359336e+00
6.447069032970814684e-01
1.895654195673264208e-01
3.556915172062616870e-01
9.469120263555548256e-01
1.348322746192073929e+00
9.215263651179815829e-01
-3.046077185809297205e-01
-1.284288680389902071e+00
-1.445385541303829235e+00
-1.207976803364001928e+00
-1.000240320790313886e+00
-1.161600035575516277e+00
-1.532946667231345872e+00
-1.444718436149956986e+00
-8.352773280299097269e-01
-1.688230105699654870e-01
3.353985288749081750e-01
4.134205016754657902e-01
-2.964318350501702337e-01
-1.342723722702734657e+00
-2.089983085478770430e+00
-2.522434020712134295e+00
-2.515054073854174455e+00
-1.908995786756201518e+00
-1.005902004343398604e+00
-8.885152956881660347e-02
4.233207033756355986e-01
3.576953785355637683e-01
3.824689701556896471e-01
9.175376559821087907e-01
1.424173646879315358e+00
1.118694055371786122e+00
2.127669350731427600e-01
-3.194224991475967945e-01
-3.678492622967929337e-01
-5.698921289610664465e-01
-9.174382055463969898e-01
-7.615493792971115283e-01
-3.953285391112447422e-02
4.174017459733291857e-01
4.361671714573715497e-01
4.736873969630054360e-01
1.059053100714006657e-01
-7.981387630743833617e-01
-1.385953799888739235e+00
-1.451319032597354397e+00
-1.151720418061609186e+00
-1.185921812543345027e-01
1.218838067159965233e+00
1.519542973351955650e+00
3.241646578488709407e-01
-1.260652574390530356e+00
-1.891215961865928330e+00
-1.625412215974027630e+00
-1.252893714345116649e+00
-9.287160245472223519e-01
-5.169796728675445374e-01
-3.303466664842914513e-01
-4.562088582745232324e-01
-4.608753846563050649e-01
-3.065812735458051455e-02
6.776970452252981669e-01
9.534429536620945278e-01
4.960889784953507187e-01
-1.393699330196835895e-01
-5.168589023728455967e-01
-7.610362962864224423e-01
-9.982991647204326746e-01
-1.097022142093704300e+00
-1.031367959839608828e+00
-8.516510210942658254e-01
-6.087018626189062420e-01
-3.785250720380091694e-01
-3.200131551121965234e-01
-5.456097124014992472e-01
-7.578068520276260989e-01
-4.354364960864048339e-01
3.856567386303138556e-01
8.846118268036435861e-01
9.211341234460962424e-01
1.132871432571301629e+00
1.244870922222826248e+00
8.883456287740087998e-01
7.105460742980036493e-01
9.112195307003746469e-01
9.175393504806400591e-01
5.934934747711441139e-01
2.082879637620004276e-01
8.203254747660982948e-01
1.587695947961511589e+00
2.077126601988251942e+00
1.762137682793285531e+00
7.426197724690581925e-01
-3.947434913781056598e-01
-1.404052270931586133e+00
-1.978665917459312640e+00
-1.912274801326375062e+00
-1.624709364252977961e+00
-1.338063379719250934e+00
-6.833079825714603039e-01
2.046257057867439944e-01
4.629877113072276562e-01
-2.376791204772253918e-01
-1.109045014849170174e+00
-1.287167734565442645e+00
-8.542090617436672861e-01
-2.428629005871623947e-01
2.791632450231502638e-01
4.259222231379222734e-01
2.685720097692991248e-01
2.488268745830706299e-02
-3.653209151711729330e-01
-7.491747084638670229e-01
-5.618387450923642001e-01
3.437653473394398085e-01
1.086689933681705078e+00
9.178600772343831204e-01
5.369095497345995893e-01
9.614311694613809633e-01
1.834530193393919761e+00
2.249682873595554966e+00
2.353616303404176158e+00
2.448350835520366697e+00
2.009017664920832669e+00
7.066726716944171649e-01
-6.002695717015956722e-01
-9.665473342615685803e-01
-4.978243132447864316e-01
1.844825273588450165e-01
5.847118719878428017e-01
6.789024712178686194e-01
6.694748752829539074e-01
5.784177092991342750e-01
2.561201868342383170e-01
-4.382100082039011579e-01
-1.102835991900078083e+00
-1.228675702279660387e+00
-8.850567703729995683e-01
-3.886553220452044766e-01
-1.046902662113893684e-01
-4.390065381167684855e-01
-1.304150030909578817e+00
-1.952287790368737008e+00
-1.935861640657077665e+00
-1.436538666979401579e+00
-6.867637734158745788e-01
2.278996716925332233e-01
1.033339948726162527e+00
1.367591238650827101e+00
1.187749529884592592e+00
6.653803757965673915e-01
9.187315004013897612e-02
-1.830479626088803713e-01
1.737848234746975935e-03
6.751153636619854348e-01
1.575773072722767010e+00
2.028162219955576884e+00
1.712091903659242575e+00
8.717927340374831413e-01
3.556284145843646716e-02
-3.779921955682695178e-01
-3.777864123037334987e-01
3.675599674007799800e-02
5.372137585892781120e-01
3.701785085031620848e-01
-2.656888390079537587e-01
-4.924627471751866215e-01
-1.384254820813141940e-01
5.773861087654810209e-01
1.355499899654236895e+00
1.340419552803562731e+00
2.504892764397720906e-01
-7.579987824121128259e-01
-9.295785667992197965e-01
-7.569956347420839782e-01
-6.265890587079301355e-01
-6.273287928690733928e-01
-7.396669577101323556e-01
-5.594522301439891487e-01
2.231393913056153588e-01
1.079156343476444624e+00
1.334714866477257678e+00
1.244494404727821912e+00
1.219731981768399587e+00
8.577846140875040604e-01
-1.295463812440145746e-01
-1.170652998615169471e+00
-1.611633494554653767e+00
-1.401219283812812577e+00
-8.512789110401253190e-01
-5.913083817517488239e-01
-1.169479637242045289e+00
-2.087030789331095537e+00
-2.421914393982302460e+00
-1.937065038458520849e+00
-1.151142799500541658e+00
-8.738554690880533382e-01
-1.304287689064181910e+00
-1.688516268756402150e+00
-1.565645699959831161e+00
-1.263529190453909212e+00
-8.650103113820996059e-01
-1.540835579207119055e-01
5.469121861320483946e-01
6.904783954706430471e-01
6.162250365689964093e-01
6.998392674169375827e-01
3.620399545243759287e-01
-4.872499680556481305e-01
-1.303191512612390301e+00
-1.886074711608305643e+00
-2.134335021030769663e+00
-1.851863908833159877e+00
-8.836851150219008355e-01
3.249989198030982518e-01
9.402285508344876419e-01
8.936999388137534250e-01
1.015702930550278715e+00
1.603224037171374183e+00
1.860724717142260065e+00
1.488786913427434744e+00
9.183287851113609568e-01
4.873040078705994649e-01
5.035861347182181147e-01
6.960630078995325709e-01
3.305241282102300837e-01
-3.575442750222749266e-01
-5.566837794568254560e-01
-1.931144082616683411e-01
8.813505403557653217e-02
-2.130494617839472915e-01
-5.463430692166995062e-01
-8.073792627853809689e-02
9.014497432443807634e-01
1.416026414997758165e+00
9.940719432465330296e-01
9.873631318890005448e-02
-3.695565158872972655e-01
-2.045998495581990984e-01
1.228889088250684491e-01
5.855285827222143080e-01
1.213337973470822062e+00
1.676652156943331473e+00
1.727072432635001320e+00
1.371816822099068078e+00
9.059288088269324968e-01
6.129775482232526773e-01
5.981416093144382717e-01
7.630028352254151214e-01
7.375780180524256213e-01
5.216286284048212707e-01
5.786980537684138781e-01
6.951748361084196803e-01
1.667714323330993509e-01
-7.096329507039845774e-01
-1.017609000765179461e+00
-8.977081693603293777e-01
-7.991494767897954210e-01
-5.823685906991409311e-01
-4.534627033892191239e-01
-5.488916885435443094e-01
-5.506701267791114240e-01
-6.182534193550464074e-01
-8.643993171978784362e-01
-7.970974867966623689e-01
-3.559285627292643195e-01
2.464884731852602998e-02
6.360733362125292611e-02
-1.520050073883555675e-01
-2.703690167319366400e-01
-2.597896756947326580e-01
-3.387291562568194858e-01
-4.271810213333722683e-01
-2.981909650893888597e-01
3.708535990070794403e-02
4.788516770610363182e-01
8.622326281603807097e-01
7.018545168492789088e-01
-3.291689022586914010e-02
-3.546517622848207596e-01
-3.542334089772115197e-02
-1.123291490661450370e-01
-7.549470795917991861e-01
-9.393709160101665345e-01
-2.741099020679948484e-01
3.206610094966918512e-01
1.856256264951436363e-01
-9.266396659494234578e-02
-1.085891561955054208e+00
-1.654768827232868889e+00
-1.438384520558873003e+00
-9.288601125874446085e-01
-4.606134906769739357e-01
1.812786686908469599e-03
3.117536725615299154e-01
4.145498006286394560e-02
-6.465476533472791498e-01
-8.696538551841899167e-01
-3.616741633444008897e-01
3.447302803377849667e-01
6.979392076149834034e-01
6.915927384160319713e-01
7.700285912221541684e-01
9.674214897787060119e-01
7.842887480757687602e-01
1.884427683579648072e-01
-2.549054019937004312e-01
-3.968997999652806863e-01
-5.954310947145495803e-01
-1.087823696646603722e+00
-1.526840249620481149e+00
-1.206114519489872139e+00
-3.527928520064339546e-01
-6.849599410250443998e-02
-5.916033461287801831e-01
-1.024042164985188519e+00
-5.114606570693616128e-01
7.091737492254337472e-01
1.681128515834132919e+00
2.184932163275135952e+00
2.641046377387754163e+00
2.729430310774567658e+00
2.132049061184061234e+00
7.920359768222220431e-01
-1.237094687582460661e-01
-3.267359048264335541e-01
-2.350765306158252022e-01
-1.268982651869012546e-01
-4.960127287986422218e-01
-1.614266852780786854e+00
-2.496725824457400655e+00
-2.045535622657462138e+00
-6.778880518792764764e-01
1.164965444593305394e-01
-3.338051590551137093e-01
-1.176104951262190390e+00
-1.436631556808964927e+00
-9.548995670875005670e-01
-1.316253225037870289e-01
2.891238172397143091e-01
-2.993557576577971988e-02
-8.519050084100786291e-02
1.097654712349944717e+00
2.346430425093604999e+00
2.061126548839364414e+00
6.718804492389691685e-01
-4.784661788135960991e-01
-1.092573402310613728e+00
-1.416122424750088094e+00
-1.306727900146939847e+00
-6.774017866849623148e-01
3.615068474497958734e-02
2.328379401384002290e-01
-2.154534263388684923e-01
-8.519291292954856987e-01
-9.964411003391585586e-01
-4.553965883191083419e-01
1.466494563399946272e-01
2.204146193797054953e-01
4.104755139469878217e-02
-1.994640277630020664e-02
-2.902169747310681669e-01
-8.141335798451453387e-01
-1.269189054243971215e+00
-1.550503631420958373e+00
-1.361747681565672607e+00
-9.389913096170207085e-01
-1.008933103971435097e+00
-1.389489921305858466e+00
-1.655036512448968100e+00
-1.668645604009320715e+00
-1.104871051794806602e+00
-1.241155353244632747e-01
4.661421963568732618e-01
2.352441289291034021e-01
-3.352444220964533872e-01
-6.510828935746707513e-01
-7.582753297948687798e-01
-7.201949592802395772e-01
-4.963198726010019657e-01
-3.272272412534444341e-01
-1.645500829280949207e-01
3.120698531291025146e-01
1.010757964059377567e+00
1.576129002910195975e+00
1.802939471096198565e+00
1.381265863626584212e+00
3.754687317354715725e-01
-2.151744472111106754e-01
1.019163669584830650e-01
4.873480480511609425e-01
2.960657678224457023e-01
-2.024110011518008290e-01
-5.916599481614680522e-01
-6.962480098287975316e-01
-6.220785295486601640e-01
-8.012438476775459728e-01
-1.333441049708780080e+00
-1.568962371532065969e+00
-1.248911381761643957e+00
-9.510523898365259576e-01
-6.072988946515822661e-01
8.408657024609339503e-02
5.360590566974894333e-01
3.097596383567412515e-01
-1.328732049013359728e-01
-3.084465567016564935e-01
-1.826149678499618401e-01
1.947009187105768202e-01
6.920653890491145210e-01
1.272005693016895700e+00
1.720726693423403342e+00
1.623261246543654890e+00
1.276558456161517086e+00
1.269007062117055940e+00
1.397630055893684053e+00
1.050489322847801610e+00
3.696320427104755058e-01
3.088672245230058566e-01
1.367748656154723408e+00
2.325628873811306452e+00
1.829605891980792487e+00
8.499724284300891330e-01
6.980251288032085499e-01
8.368694855061974414e-01
5.840524619954819974e-01
3.245366259020518451e-01
4.586908568705391209e-01
7.100184600815480085e-01
7.665572250341625704e-01
7.389383314673415581e-01
7.177591175411470736e-01
5.749206226987394475e-01
3.522791266132934695e-01
1.083713901000276647e-01
-3.264831334961829090e-01
-8.268302026452519771e-01
-8.052910526854736295e-01
-1.595679872180864323e-01
4.960191598567385562e-01
6.087252484409378939e-01
2.742189528188770931e-01
-1.371534826634667747e-01
-5.783273227832126384e-01
-8.852784276436150845e-01
-8.873781786005423555e-01
-8.417402390240555921e-01
-7.871299757274725639e-01
-6.126899387340569714e-01
-4.639690394700184406e-01
-1.021177682621288441e-01
8.297240213356795735e-01
1.734076381211685725e+00
1.714276799298125376e+00
1.040339909085522541e+00
7.458690347831379297e-01
5.398282669845162474e-01
-5.168808934072882666e-01
-2.033197602551628957e+00
-2.730178402540036853e+00
-2.344460370371889812e+00
-6.359639758195704262e-01
9.256204834773379408e-01
1.650600583346847117e+00
1.573648159038067762e+00
1.162875540936704422e+00
1.022145256126802071e+00
9.356600370829312174e-01
4.858820928128914640e-01
-3.977325275860017773e-02
-2.648921367698831575e-01
-3.026984153935490252e-01
-4.263173023422207608e-01
-6.058202376792356514e-01
-5.120179534661427612e-01
8.200474017196125731e-02
8.323454350857582007e-01
1.058748432596647193e+00
7.019307755620399769e-01
2.823381838632572083e-01
-2.081156014361564346e-02
-2.757558046851044109e-01
-1.430727907857781145e-01
5.363739599462572505e-01
1.023405173738525464e+00
7.241157573644753098e-01
8.139579753248511740e-02
-1.641268026292835025e-01
-6.769954016294776888e-01
-6.471832464714758482e-01
-2.550691389209522320e-01
-8.012929205313681913e-02
-2.645100575722182656e-02
2.223933296278134686e-01
6.079351708425991818e-01
8.413801581013288233e-01
8.051810467936105775e-01
8.227207373304931126e-01
9.360850170303487428e-01
5.273360108357002529e-01
-8.324320628321990601e-01
-2.467626081868019128e+00
-2.730315587165595304e+00
-1.908752055375928069e+00
-8.989977436631062524e-01
-7.556639485528718891e-01
-7.689048182303329648e-01
-4.283223634416070957e-02
1.097684595661063911e+00
1.453912980154826506e+00
4.585499443879121895e-01
-8.789870518494712348e-01
-1.310528051312061404e+00
-6.682295401216000741e-01
5.625391617147030843e-01
1.544489595481917332e+00
1.583415034345575734e+00
1.027647710706514728e+00
6.097670648202196952e-01
3.174903428567254493e-01
-1.533501846953034264e-01
-6.296345783271802832e-01
-7.512703703095160446e-01
-7.547922870792169725e-01
-1.125763068711269188e+00
-1.573098318311348054e+00
-1.609719957342456986e+00
-1.388546257588766375e+00
-1.344923742214016782e+00
-1.471708021518404186e+00
-1.308552568905895663e+00
-8.117620618569215685e-01
-5.192680547732444474e-01
-6.963484018006469434e-01
-1.035853830319742208e+00
-1.059133451555959837e+00
-6.278064466029135149e-01
-2.395834933310598269e-01
-3.505531459688671636e-01
-6.955681211123404539e-01
-9.246278854062179864e-01
-8.759759175463571745e-01
-4.474235928461660072e-01
3.394977640761549093e-02
1.259905011532644059e-01
-9.954032290547781825e-02
-5.501890898012424813e-01
-1.077480610596333710e+00
-1.217871419157273705e+00
-1.161123734523167084e+00
-1.163746720472145668e+00
-9.024062958790664002e-01
-6.073207528349194861e-01
-9.145522168776097915e-01
-1.496011329914414434e+00
-1.426208519526939611e+00
-8.675072987124294865e-01
-4.824369699726415162e-01
-1.262887095107026458e-01
5.165936490046360019e-01
1.171493463444109873e+00
1.309074044153771821e+00
1.066520352573894437e+00
9.811108932492959012e-01
1.065203403919640524e+00
1.409730100743250780e+00
1.976849736812258840e+00
1.969355706040803122e+00
1.162704546812056483e+00
4.122917553161975501e-01
3.715867111831295810e-01
9.065439115308286944e-01
1.621899393240623821e+00
1.884576811856587097e+00
1.199405719503897405e+00
4.264419567336841244e-01
6.810821277173135790e-01
1.369313556402667054e+00
1.584959916650923173e+00
1.511128977331419154e+00
1.118190224967125390e+00
2.635315390055496532e-01
-5.052668911798663398e-01
-9.308579086867915242e-01
-1.189513336095622709e+00
-1.148262897750629286e+00
-8.287474253143517489e-01
-6.016562581925684050e-01
-7.548936301550336347e-01
-9.609517615593168305e-01
-5.978046187974545012e-01
1.473316959691312600e-01
7.130724338783868133e-01
8.060515422929963592e-01
3.893081493917421310e-01
-1.261347545637926393e-01
-2.637028777409074487e-01
-3.209486321451644475e-01
-3.836606195672664366e-01
-1.949570582521615303e-01
1.707926565680840392e-01
5.825885075653768341e-01
4.904859781761098381e-01
-4.187199753404449720e-01
-1.181061756339689239e+00
-8.712678636502799723e-01
-7.677098368169819886e-02
3.193421878946032244e-01
5.683860567275550446e-01
1.025607095173194372e+00
1.250570186946962759e+00
8.822297005978463336e-01
2.685922797974579779e-01
-1.431438760727201387e-01
-4.634633013628546849e-01
-7.005946642789303569e-01
-5.617890178958159231e-01
-3.692162211956065421e-01
-4.907353324388650795e-01
-6.500701615789939991e-01
-7.002636480996614621e-01
-8.332813856572337530e-01
-1.022462680357747677e+00
-8.655680851856872859e-01
-2.314626724059982710e-01
4.963290365049219388e-01
1.030820977225614943e+00
1.140447393304495849e+00
6.472061526423812383e-01
-2.059857461914071583e-02
-4.556681932360766574e-01
-7.196583020301792200e-01
-7.923570240544902665e-01
-7.048605943368451143e-01
-6.268633117188584514e-01
-6.490044916422125221e-01
-6.251374129107337696e-01
-3.856469926555901040e-01
-2.717175051184594903e-01
-6.387661839271048247e-01
-1.160218083542069678e+00
-1.124687017699997682e+00
-4.788696573835860004e-01
1.374119581445643890e-01
5.169534246980549419e-01
6.676497846828891580e-01
2.353707219322829780e-01
-3.495915968143916142e-01
-2.714877404552631379e-01
4.487301148420585334e-02
5.776826396442179962e-02
-1.151966367082989107e-02
4.720182816879163468e-02
2.904886186844742313e-01
6.270083189710826677e-01
7.586275240543010057e-01
5.360709285366521692e-01
3.253180836252101416e-01
4.251007186836143203e-01
3.667001180588039255e-01
-2.091258659929981223e-01
-9.840660902645977925e-01
-1.708957645018601257e+00
-2.261355646651737494e+00
-2.027858960057236537e+00
-7.913280435029275139e-01
3.983202190720099289e-01
8.712512720766609764e-01
1.044566806816708882e+00
9.163901568991962288e-01
3.289813514139514061e-01
1.028415885900116171e-02
7.036272782261673298e-01
2.065667702030993258e+00
2.729852547631376414e+00
2.511829031660848255e+00
1.851180559873965681e+00
1.550546300153677448e+00
1.289648693412897007e+00
9.426505210562695636e-01
8.668616435507107143e-01
9.337563723387969361e-01
8.103367657509996658e-01
6.795952394621754822e-01
1.051266277519427694e+00
1.939098678364622019e+00
2.421822867807810642e+00
1.652323449032490510e+00
7.847213571692385203e-02
3.488793693145150199e-01
4.353166948084283838e-01
1.050076074128702130e-01
-1.569042149617551341e-01
6.147347888303744678e-02
6.285897977802462622e-01
7.827543001471060080e-01
-3.156990351032429309e-02
-1.127386422490642470e+00
-1.442615900942436191e+00
-9.902249194255081655e-01
-4.170987470871076463e-01
3.713226062563992208e-02
2.378984724202720669e-01
3.442492943008657741e-02
-4.432575206908602183e-01
-1.194761401847102444e+00
-2.354315327563042626e+00
-2.758942545169115412e+00
-2.758942545169115412e+00
-1.934586180247244602e+00
-5.662893514547374663e-01
3.270079505112333251e-01
6.153438119925236371e-01
4.789640744926400018e-01
1.731633667430191037e-01
-1.122832869242146453e-01
-4.658205099227096802e-01
-8.742693170722704021e-01
-9.509814690986219121e-01
-8.160145400036521446e-01
-6.494741585983239140e-01
-6.381386035799599399e-02
6.854463235309639080e-01
6.507877756533476665e-01
1.392163314989275924e-01
2.279198556748068261e-01
6.801996138849327744e-01
7.595929859372403392e-01
4.652522518480125546e-01
2.447124069366997112e-01
5.583134821477975240e-01
1.082148074621294143e+00
1.105697935960373579e+00
8.290626657188153725e-01
5.318631717068461606e-01
1.177928380064501360e-02
-6.146133992617289765e-01
-9.024714319283712038e-01
-6.938590950231801058e-01
-3.442468794308684021e-01
3.860796502833193505e-02
6.388661949737436396e-01
9.813210205371375450e-01
5.820196010821026000e-01
-9.637974740858330086e-03
-1.739410133393938518e-01
-1.315422165577364855e-01
-2.315235072014630024e-01
-4.312648357066287130e-01
-8.227235705860531656e-01
-1.307119527689622140e+00
-1.226075154219816943e+00
-4.784845367383391279e-01
1.100581608741954404e-01
9.809745737192296366e-02
-1.718329989599182983e-01
-3.843642692960009821e-01
-3.028558602921000986e-01
3.414462997072435502e-01
1.185487815407948009e+00
1.302171856593139054e+00
4.097648865988950950e-01
-5.994555137253466670e-01
-7.043773338351531077e-01
2.229871759095285177e-01
1.354442874677084241e+00
1.898086636997641241e+00
1.902081264701875218e+00
1.429295147985781833e+00
2.114237998814852693e-01
-1.400020233455398833e+00
-2.108320640151848835e+00
-1.555580719378485188e+00
-8.857915676684311457e-01
-5.487431883165941882e-01
5.070231905131337632e-03
9.367826650505679531e-01
1.792791627604699789e+00
2.192433354635332066e+00
2.135190550365595019e+00
1.481981578945832601e+00
3.218513502429844464e-01
-4.824062883333275487e-01
-2.950456435376694331e-01
4.708700367175932544e-01
1.104784167288094476e+00
1.129442859536939014e+00
6.163769997635255571e-01
1.686165740196931551e-01
1.463553487247227537e-02
-7.205021635948277714e-02
-1.968844169653761467e-01
-5.818181940370356631e-02
3.747036853622929264e-01
3.056528744899134620e-01
-3.849433512817658221e-01
-7.514941287985780205e-01
-5.091512715833438341e-01
-1.946711262169731615e-01
-1.256678819215860110e-01
-1.301740513006634792e-01
-1.749118014456530479e-01
-4.431854078345042192e-01
-7.336285017844811351e-01
-8.366202572806232807e-01
-7.329298474149491538e-01
-1.424305510215237713e-01
7.786476832215475374e-01
1.137329794594823973e+00
5.669269831748949828e-01
-2.871936047503861889e-01
-6.216881495875529184e-01
-4.770623477837817594e-01
-3.036881147680459136e-01
1.149715410743057803e-01
1.102025036120861001e+00
1.938215066989843471e+00
1.441621766247553449e+00
-7.436125239468102666e-02
-1.099341494073427627e+00
-1.314598580677603268e+00
-1.498948810587747094e+00
-1.855260186391083810e+00
-2.117224548331510192e+00
-2.118159994367343035e+00
-1.784418517588091335e+00
-1.309830099034742679e+00
-7.097757426733920516e-01
6.513978525235432533e-03
2.621713846898318656e-01
2.010187007849764951e-01
5.162118319628045127e-01
8.828741447642860507e-01
6.715382536933718338e-01
3.440392583652744363e-01
8.031104610314254710e-01
1.883238297722618304e+00
2.459874742307895712e+00
2.125889862770599770e+00
1.507300393154148210e+00
1.037924414996997946e+00
6.449703307409022646e-01
-1.258531973939261972e-01
-1.018143170998522029e+00
-9.621626174668113096e-01
5.485638220337187010e-02
9.488367682466706254e-01
9.136943438156097663e-01
9.899336581648948696e-02
-7.267937741757275472e-01
-1.006002107657728128e+00
-7.871609621437190007e-01
-4.058335278719477079e-01
7.127331653241684994e-02
4.071094673469211611e-01
3.550043418715805310e-01
1.721138192250840082e-01
-4.960023623075048710e-02
-4.262749387082729879e-01
-8.152498154908695005e-01
-1.042058057706287233e+00
-1.112358687016058889e+00
-1.271746106074797655e+00
-1.514642696032894476e+00
-1.483287838065696862e+00
-1.118389137547852741e+00
-6.665389959246844631e-01
-3.322269638686985438e-01
-4.474824548567095384e-02
4.862107889254921322e-01
1.193429622880197494e+00
1.566480687162157714e+00
1.368100774442721823e+00
9.403146570308834606e-01
4.435085976168485211e-01
-8.930513401457294831e-02
-4.553920371260847810e-01
-7.883132581906019398e-01
-1.269964535716153309e+00
-1.502571100431298268e+00
-9.195884324253573716e-01
2.233967286479141834e-01
1.216697923702105166e+00
1.837347787176491387e+00
2.192517352877040082e+00
2.155188378646088587e+00
1.726293177833256198e+00
1.036986302037192109e+00
-3.294115667292314975e-01
-5.627590855896346111e-01
-3.838080847864028811e-01
-1.194786108125386603e-01
-3.804532730189792988e-01
-8.643320956593293358e-01
-1.012152618856019481e+00
-9.715901129497255262e-01
-8.262104492546115120e-01
-5.305318258676499088e-01
-2.309406292023120089e-01
-4.104903325566342659e-02
-4.430516331278585955e-03
-1.559395813869073749e-02
3.611520849266307009e-01
1.057739353034162333e+00
1.338335150441671395e+00
1.064897902188485457e+00
5.682219859974360077e-01
9.450357232617265235e-02
-1.519617969374055244e-01
-2.863749465847332809e-01
-4.015488018787180535e-01
-5.004270527703625904e-01
-7.201163409784232527e-01
-7.930589555050380213e-01
-6.749226828898288177e-01
-8.400284618099680412e-01
-1.121460784798063326e+00
-1.056468841501270850e+00
-6.797012200538428139e-01
-2.340679097370763628e-01
8.960817898612433163e-02
4.523811064633335988e-02
-2.682871686236441566e-01
-3.597029606557341497e-01
-3.502236727155348672e-02
2.232104698875312931e-01
4.059548766111005513e-02
-4.450599274884071144e-01
-9.440812838757656200e-01
-1.041622168760654610e+00
-5.735788194476520996e-01
7.138649835994585746e-02
6.627686416618903120e-01
1.110421677802891915e+00
9.914471493747540887e-01
3.404246375248796697e-01
-4.708147398152795482e-02
3.219756772345842843e-02
-2.622385548820336046e-02
-3.657117798186677038e-01
-7.478003778636381771e-01
-1.079582832823293925e+00
-1.369207422737334978e+00
-1.539628164968874779e+00
-1.280056511491471039e+00
-5.632016647868440806e-01
-2.117138603308272859e-01
-7.020697265686098865e-01
-1.148934750692693241e+00
-7.411323201582858955e-01
-4.387610406142912201e-01
-1.344424808983719188e+00
-2.477271495444194116e+00
-2.574245471353017400e+00
-1.678140693463382460e+00
-2.903386772872106336e-01
9.851268561318086148e-01
1.454380295850605354e+00
9.763066250087244491e-01
6.013693596569262556e-02
-7.811576468182601651e-01
-1.205653005955660717e+00
-1.043168793008701467e+00
-2.409028668943619389e-01
8.305677512161270259e-01
1.375927659860147756e+00
1.201810618920434504e+00
9.188412009527227031e-01
1.083504038190542307e+00
1.509970037374600116e+00
1.566899255013398218e+00
1.094083370306488057e+00
5.767299226853127569e-01
7.954209834855446859e-01
1.780317327966870922e+00
2.458661538728508678e+00
2.297013160247013630e+00
1.735184915762041591e+00
1.075403489853258288e+00
3.217961998395029166e-01
-4.563946809631037604e-01
-8.307513108291655346e-01
-4.626725987652063332e-01
-1.947503864737853696e-01
-6.737687628423832953e-01
-8.416263495428822905e-01
-3.277189082969530487e-01
-2.698739635318226915e-01
-1.053373786638903242e+00
-1.809556137037752421e+00
-1.494853985403298724e+00
-7.104507159520040416e-02
1.231221676022814737e+00
1.498482864060338704e+00
1.107384865590919309e+00
6.683716578208994674e-01
2.046097903158753117e-01
-2.817911994468577652e-01
-3.893469210155338645e-01
-2.292328748217751788e-01
2.461596953351703754e-02
6.692880562919624188e-01
1.307312008638467971e+00
1.520789509963135444e+00
1.573765301523115667e+00
1.742386572875145978e+00
1.958507511712257898e+00
1.762808050872464616e+00
8.155769335046523238e-01
-6.287332768214330958e-01
-1.683972651859424241e+00
-1.666970323559773925e+00
-1.062574004135329098e+00
-6.197109082044960360e-01
-7.009428438555365126e-01
-1.220567603278413182e+00
-1.252442758266551381e+00
-2.465111599486003169e-01
1.001392431940642647e+00
1.509557192904997791e+00
1.064853808436632576e+00
2.213170940672124776e-01
-3.891689344261149430e-01
-5.510049313388707404e-01
-2.920674306838601519e-01
3.226497121572300952e-01
1.294722872222515475e+00
1.996286367216599578e+00
1.372387835494425889e+00
-4.412918721471253414e-01
-1.700759223842517764e+00
-1.251373277184557375e+00
-9.289375122568264975e-02
6.333982025732303178e-01
9.049586034195395978e-01
7.726811016731622850e-01
3.764625129330550490e-01
2.501023677935461653e-01
5.727685265326513120e-01
7.440275236822267990e-01
2.723533944703424581e-01
-4.579468266634328377e-01
-9.509719621200578565e-01
-1.336370080070635069e+00
-1.679870735745754295e+00
-1.850605207628584381e+00
-1.985093822536004415e+00
-2.092101060667517221e+00
-1.787120155218146822e+00
-8.910470051386654156e-01
-4.047484964110113076e-02
1.198084896337851257e-01
-2.642199927017186978e-01
-6.281836926198152149e-01
-4.318430162773002623e-01
5.003452015941083353e-01
1.600099554617130382e+00
2.025580380176238648e+00
1.910828088332150898e+00
1.856912397437608053e+00
1.614186824420821287e+00
1.044036021406127501e+00
5.501966824819723989e-01
-2.533828652742079954e-02
-7.562740431781219685e-01
-8.947639660539050688e-01
-2.161091926001997288e-01
3.876800897900798959e-01
3.537765312573315502e-01
-6.207626247004732062e-02
-4.596970847934597759e-01
-4.846875493948538671e-01
-5.437586935640331687e-02
4.188243492716627325e-01
2.899401614238427127e-01
-2.926784046661063399e-01
-2.957143524806237767e-01
3.509244950645761807e-01
7.117788433243757984e-01
5.084612211171833929e-01
6.088807677587095013e-02
-6.144734196618113764e-02
5.659559399002618285e-01
1.333638729965414438e+00
1.425930119721423139e+00
9.584208574302470751e-01
3.495106857130018674e-01
-3.959846694937001199e-02
