-3.932854712165776423e-01
-9.127009697680706912e-01
-1.444873830849925822e+00
-1.591259220302538413e+00
-1.282720346657353350e+00
-1.032712857234656001e+00
-9.498328095396524340e-01
-7.147157215522023099e-01
-5.542957143867268677e-01
-8.520605962684854040e-01
-1.196464011115588644e+00
-9.668064532510125542e-01
-4.134241799092590597e-01
-4.349549197639453885e-02
4.781332446620482068e-01
1.564872602592960904e+00
2.326469039523400895e+00
1.784501000054953490e+00
6.364673240877654070e-01
-2.477059934642568129e-01
-1.255720819426578982e+00
-2.408505343283981137e+00
-2.738503262695882512e+00
-2.738503262695882512e+00
-2.010264908562374941e+00
-7.611441982981129728e-01
-1.115216956990401770e-01
-3.617402498363128660e-01
-5.854781381847303789e-01
-1.928591857372792887e-02
7.309469647596016362e-01
9.118015993925729923e-01
7.168103088019612823e-01
4.956446885643372990e-01
2.134325218985249351e-01
-1.356076590210851252e-01
-5.119760779905809800e-01
-7.172083695435527151e-01
-5.781409525046217190e-01
-4.911483473565019797e-01
-5.258621322238695717e-01
-2.529770196183211972e-01
2.766839744550859681e-01
6.510601202273055277e-01
6.902549428319799674e-01
4.949538780905446411e-01
2.547652582317710412e-01
5.889372816191837390e-02
-5.000894006569366057e-02
1.971767668041658483e-01
9.067746477709817121e-01
1.548605382257200791e+00
1.411088756209500028e+00
6.956091877867051076e-01
2.639948862621775416e-01
2.543907109076235518e-01
5.028168324178092785e-01
1.051249057933763664e+00
1.418908978500030171e+00
1.135027952135495344e+00
4.988275884202026389e-01
6.830756440483463920e-02
1.327628559227220055e-02
6.187162982154973540e-02
1.095886214130885467e-01
1.380975339743582830e-01
-4.114902504716057285e-02
-3.916058001031231250e-01
-7.577988354481591804e-01
-1.061520159880118275e+00
-1.082799298256675424e+00
-7.486922281122271317e-01
-4.785501831764228942e-01
-4.386877031480015399e-01
-2.470400163488216672e-01
1.209928273686071282e-01
3.839102605040500271e-01
3.160745840958274488e-01
-2.520986070800478873e-01
-8.446651748208978683e-01
-5.147302728006593053e-01
7.333038471255828306e-01
1.649420314104331764e+00
1.556654567238576758e+00
1.124927912231295624e+00
8.144688502715119460e-01
3.750609859728497031e-01
1.054787872701539314e-01
5.529805288373081940e-01
1.105364319360411240e+00
8.324908192629701942e-01
-9.440138169731374096e-02
-8.174139763128969172e-01
-9.904111326019023887e-01
-1.064333789719853485e+00
-1.208661992959115583e+00
-1.075891356368722240e+00
-5.755268207434444117e-01
1.454194499948370869e-02
6.159688305628381322e-01
1.345161250262679298e+00
1.831831208559211444e+00
1.509730253560525037e+00
6.890569187255850547e-01
1.298430519232741942e-01
-7.624444740157100553e-02
-3.234905166431620294e-01
-7.686275448092418916e-01
-9.712933985451274177e-01
-4.101400468591835935e-01
5.579566338257128111e-01
1.194344436564449774e+00
1.440274268932013157e+00
1.711083615253491841e+00
1.937639927883437529e+00
1.633931998187118761e+00
7.501735696571150136e-01
-4.240546723196932377e-01
-1.410993490354424340e+00
-1.574992088627563014e+00
-1.028018434936586623e+00
-4.689182410301163673e-01
-9.335603528560758313e-02
2.083989794495353376e-01
4.933771478271700150e-01
6.089015990520111332e-01
3.086194862135087646e-01
-1.550041479592859095e-01
-2.504143991293812377e-01
5.799529009445292260e-02
3.040089715868145026e-01
3.182575628097312204e-01
1.593627743096606708e-01
-2.375614853984391872e-01
-6.552457143694999653e-01
-7.394840167470070336e-01
-3.840055144015900868e-01
2.798600905157938579e-01
5.231712663084957526e-01
-1.435887249146209077e-01
-1.245695795962480146e+00
-2.178267014345790287e+00
-2.579467198443055054e+00
-2.265163457672613845e+00
-1.518033623040394353e+00
-6.811244354005833168e-01
2.823439736000294964e-01
1.001691633201568843e+00
8.828822688946698083e-01
2.680436589118674329e-01
-1.254902980290937414e-02
1.144360642562231578e-01
3.278785850373783783e-01
6.581954714284250496e-01
8.996773342347827995e-01
3.228061766486797213e-01
-9.701150578773816147e-01
-1.485476635652387856e+00
-6.926882407982166701e-01
4.208059023014295019e-01
1.221823739431028066e+00
1.431374342267846433e+00
9.358602667378340678e-01
3.754875572054275912e-01
2.236876833870974357e-01
3.757163850609086808e-02
-3.071240571248192719e-01
-2.345937329097326496e-01
1.590214931626546535e-01
2.008465617927061575e-01
-1.807701695857476809e-01
-4.491489599391735310e-01
-5.309638388850446145e-02
9.986528690504631323e-01
2.050181511383821320e+00
2.518019454212597985e+00
2.268010880479202296e+00
1.363055349260761551e+00
5.079026878596329952e-01
9.292943830156786822e-01
2.369020290058650335e+00
2.733897860769939125e+00
1.417014378177914979e+00
4.712982284919441101e-02
-5.335427168177084845e-01
-8.342415403432085208e-01
-1.205711303370026188e+00
-1.332830619189221411e+00
-8.253343441475993192e-01
-3.548948520346977276e-01
-6.443783140697889600e-01
-9.742901268236900947e-01
-7.853149549254671014e-01
-6.229159084633683063e-01
-7.702016990472692060e-01
-9.326789896196955310e-01
-9.204347423214646051e-01
-6.078239645994838458e-01
-1.040842344234965133e-01
1.308166422915251759e-01
-5.951495971607609903e-01
-9.941503322651746855e-01
-9.781058297891531694e-01
-5.918194018844363802e-01
-5.017081312698866702e-01
-7.899641356457103303e-01
-1.044504060711603399e+00
-1.132787504659113598e+00
-1.108974118550674737e+00
-9.467760331982232325e-01
-3.938118822904722593e-01
6.489064558805500704e-01
1.682741991989330277e+00
1.976512765529710336e+00
1.565398971800057826e+00
1.104992838625243445e+00
7.691073227341921337e-01
5.829777358357505213e-01
7.417729951141386335e-01
1.165642634032455494e+00
1.344213957830480588e+00
7.087194850215242647e-01
-2.480110163526262346e-01
-5.241972655508959633e-01
-9.364595300504775788e-02
2.967675720681877682e-01
3.204372586547182822e-01
4.849586678928680672e-01
8.303494642291543437e-01
6.770084478367662806e-01
-9.273496070365834509e-02
-8.621027954365796386e-01
-7.959936064807822120e-01
1.141498772174175252e-01
6.733780115226996044e-01
2.750199643538756566e-01
-3.390466591980183519e-01
-7.053545011319088953e-01
-1.212651614978324410e+00
-1.946518281425245744e+00
-2.323330727059785605e+00
-2.061567791254967918e+00
-1.628985788985864547e+00
-1.264485471031158159e+00
-5.632892792892475464e-01
1.516839086089210586e-01
2.369231747379612896e-01
1.516130025081977584e-01
2.736859422669273845e-01
3.261272941446068940e-01
2.705171366295196500e-01
1.885262326433570224e-01
4.678834303706251585e-02
-7.770114288019827620e-02
-8.793694704017077091e-02
-7.509778721001587887e-02
-3.065363713334216533e-01
-5.844204653017788242e-01
-4.552098226451767871e-01
-2.212745846685682249e-01
-5.483697472561263053e-01
-1.217265999781484975e+00
-1.518487309346591152e+00
-1.298069490642292489e+00
-6.515273457666630463e-01
2.143474410917970141e-01
5.136448628171044195e-01
-1.745816435045063897e-01
-1.029036249601451347e+00
-1.249141253733931034e+00
-8.730987924242031850e-01
-4.775060242330027988e-02
7.310611426339531649e-01
5.676279423588392881e-01
-4.232622270029139377e-01
-9.369195574245816616e-01
-3.820351283825537680e-01
6.160735838255990693e-01
1.378057371628244931e+00
1.681431998283775542e+00
1.733344856592260896e+00
1.774284722468935760e+00
1.594482365981012117e+00
9.091959293757336802e-01
4.538425436805644531e-02
-5.201971349528171640e-01
-6.726492786704871829e-01
-4.172779443077976325e-01
4.872546846845129398e-01
1.951271265808893540e+00
2.651224853999221587e+00
1.449539436223256983e+00
-7.955800655880524985e-01
-2.326584142096612684e+00
-2.563353746358900231e+00
-2.186265771508290712e+00
-1.747467531450026312e+00
-1.082480800257187514e+00
-2.002377627230130519e-01
3.299023326271569578e-01
1.830966725742780576e-01
-4.547329498923755042e-01
-1.090486990087842889e+00
-1.209262797098160425e+00
-7.947093964183835624e-01
-4.366550176155234997e-01
-6.544020387580503639e-01
-1.226058864175668672e+00
-1.496332007624166627e+00
-1.291370038726192826e+00
-9.897909731811197487e-01
-7.355252628003279280e-01
-5.568100608281025821e-01
-6.508492880148579740e-01
-6.152014119216933086e-01
1.351419582462354101e-02
4.936465398281235650e-01
1.508431503730046919e-01
-6.064280398524460880e-01
-1.330270394375496323e+00
-1.642944101113145816e+00
-1.346864414345748440e+00
-8.005730432656036344e-01
-1.615134375261150501e-01
6.664113904183015524e-01
1.258077392952027918e+00
1.175781906850607461e+00
5.580493953529023221e-01
5.641257140046103402e-02
1.141745990916256809e-01
1.441590457638971257e-01
-3.514604226647656260e-01
-1.110610466953825037e+00
-1.789422027130542325e+00
-2.077022460867076425e+00
-2.023060898632200733e+00
-1.762409586560907515e+00
-1.034270892496333083e+00
6.645532204610800353e-02
1.161638268374035166e+00
1.953858349913280668e+00
2.062116658434147709e+00
1.459094866420574510e+00
8.759831631939107854e-01
1.039505530694670554e+00
1.560620104530641150e+00
1.449333069207784375e+00
5.708823503695009682e-01
-1.623048196364640372e-01
-1.355931233477485898e-01
2.222194408192395554e-01
3.599369660902561052e-01
4.980981804483176067e-01
9.006661107257118992e-01
1.111817493443886473e+00
7.756752638753442453e-01
1.696317287182702305e-01
-2.547743977264718129e-01
-1.392263302542359471e-01
5.560444694541850641e-01
1.385301106990830755e+00
1.446567585676510781e+00
4.737756416891820144e-01
-4.461467429222366055e-01
-4.910792916194235413e-01
9.916959258458030516e-03
6.257466701971629019e-01
9.487382172787619528e-01
5.678657394375232759e-01
1.344874760922183665e-01
3.598984151483343163e-01
9.021055084051793349e-01
1.259352226764369975e+00
1.224776584369867471e+00
8.063769394729026763e-01
1.698091714644624495e-01
-3.257236787486619267e-01
-6.076123899841159304e-01
-8.116041804799507542e-01
-5.884297029047620420e-01
5.318856179434568870e-02
3.950126396406088980e-01
1.597830562676222366e-01
-1.802989288484421471e-01
-3.494909891705696992e-02
6.452532774601416055e-01
1.275471154780837280e+00
1.352476388879338742e+00
9.681496736554957572e-01
4.690522862999035869e-01
9.708886393188090325e-02
5.286424811432990922e-02
7.210110147809010162e-01
1.685295113571400050e+00
1.557258657748125552e+00
5.948913894409409986e-01
3.851385221519904034e-01
8.578167201303971146e-01
9.362948235027018784e-01
4.607040248081898937e-01
-1.892329696467436595e-01
2.024671421479887212e-01
6.931997155978018021e-01
5.380367894696821418e-01
1.019835195213640161e-01
2.055245844879056705e-01
6.280232189540001508e-01
5.675797245370917121e-01
-1.244579900656374583e-01
-9.279258044088363189e-01
-1.322686168159119324e+00
-1.159579930001259029e+00
-6.329661872742394779e-01
-1.889123741199870143e-01
-2.244222078675408849e-01
-4.149981428033884256e-01
4.938483647894890277e-02
8.533960709231608321e-01
1.041805213864746227e+00
9.037873194761748552e-01
1.124914623835750138e+00
1.494269212697597382e+00
1.409271430928915603e+00
5.125486121730077338e-01
-6.436787848601340789e-01
-8.268483762579708074e-01
1.837657951802546819e-01
1.232313365521825688e+00
1.441987701255347476e+00
1.052818213405714687e+00
3.647940651383316246e-01
-5.695323767742102028e-01
-1.215848681877045756e+00
-9.885953241808805858e-01
-3.161535165072825726e-01
-2.564600698634502893e-02
2.000083233932153579e-02
6.070483578300474026e-01
1.594556314157177690e+00
1.769986689538552982e+00
8.197006866074992848e-01
-1.705430061768306027e-01
-2.836051775882572068e-01
2.284576509814624512e-01
3.514684776492948415e-01
-3.101905428984354507e-01
-1.047415529343122209e+00
-9.290678721030791731e-01
-1.413084333544711579e-01
4.960205111220777896e-01
9.452619833805067096e-01
1.403650308989493611e+00
1.685711963897343013e+00
1.395647580005479504e+00
5.708408472772955600e-01
7.337451569455714917e-02
1.609139986691259516e-01
2.529021027592066040e-01
1.392444843509762498e-01
-2.491149107666755236e-01
-1.133163592048619384e+00
-2.114304418296245380e+00
-2.202852111376598199e+00
-1.106221813563222467e+00
2.295017559358305259e-01
4.586175235635938652e-01
-2.043413914990976354e-01
-1.807365928948818090e-01
7.197217840903452624e-01
1.348339583294920541e+00
1.144064280479354379e+00
5.800429496026942022e-01
3.723147346691140780e-01
6.349308067784813492e-01
8.439655456017899349e-01
7.405581550248054867e-01
4.983436050966982278e-01
3.131691125144682175e-01
1.722101505668596766e-01
-5.444527737018788754e-02
-2.258170205058429858e-01
-1.490532904889727561e-01
5.976897982084618602e-03
-1.602553728197715077e-01
-7.222731233635681924e-01
-1.118896001693424180e+00
-1.019890240741628817e+00
-9.367874434270131445e-01
-9.495982553709505503e-01
-5.774103405830858238e-01
2.604547270558835517e-02
4.020459300429868321e-01
3.647813963995998332e-01
-6.112481161241411359e-02
-4.170559621548582396e-01
-3.318137900098934168e-01
3.423472520248633556e-03
2.171955874130210018e-01
5.509939905433784528e-03
-4.585176526259186480e-01
-6.323693825086661446e-01
-3.920774855901142941e-01
-2.514377907298542270e-01
-7.296192646461373554e-01
-1.648772397502157316e+00
-2.361833724104256405e+00
-2.504631116072957742e+00
-2.039477492741269327e+00
-9.062621601899601975e-01
3.277042681533593460e-01
4.731721835969109891e-01
-2.879165594641113213e-01
-7.682711421372150351e-01
-8.143478302081719189e-01
-5.181708279287290386e-01
5.989919103204659478e-01
2.195191165241801023e+00
2.755537745546519979e+00
1.938284230923786655e+00
1.100399841218437258e+00
1.089878294456378294e+00
1.454145382560658284e+00
1.637749192549080801e+00
1.792699007725714999e+00
1.846520036683706678e+00
1.040849827307623654e+00
-2.392517004990297458e-01
-6.686144721869963226e-01
-2.308861466637295301e-01
2.060029303302213233e-01
3.363000246980940577e-01
4.407616945192738833e-01
7.084109223340518957e-01
7.874692579867310638e-01
4.560566343969338354e-01
-8.469693503069068707e-02
-4.806270092455149356e-01
-4.406450276174875280e-01
-1.469833466631708177e-02
5.262585395978955916e-01
9.659379014116016293e-01
1.129906934307621569e+00
8.017080492140595815e-01
9.126279079968716013e-02
-4.384665394318474907e-01
-5.512575543032294245e-01
-4.595353826972122802e-01
-1.730484868489626238e-01
-1.177688757903251754e-01
-9.006109374044889426e-01
-1.675134180089858482e+00
-1.275694352753084404e+00
-3.004094632616289284e-01
-1.790796616919900219e-01
-9.389990736104910640e-01
-1.326136303049668008e+00
-1.026899309345082223e+00
-6.512170569146056298e-01
-4.304809878955751512e-01
-5.017116268458758910e-01
-8.673300122271709878e-01
-9.432983510743760958e-01
-4.997282245854796634e-01
6.915384084359409329e-03
2.938332879109081253e-01
7.151504492664176316e-02
-8.692387353309485309e-01
-1.800462614388737226e+00
-1.941164632415523172e+00
-1.317244796723066269e+00
-1.785848930836494153e-01
9.602665277101660735e-01
1.657931059577063770e+00
2.261929375461922742e+00
2.755537745546519979e+00
2.755537745546519979e+00
2.739430377827245522e+00
1.405591863096321337e+00
-5.115323198554699857e-02
-7.774030774511603292e-01
-5.386864864174419898e-01
-1.733504927464676881e-02
3.204071197547765926e-01
5.926732681183234375e-01
5.405720775222513375e-01
4.455336933084185630e-02
-2.636723608036141697e-01
-3.165429978831729163e-01
-5.999361865445161923e-01
-8.272107216017915432e-01
-6.017686777465587333e-01
-2.817837942492971703e-01
-2.909629466081185556e-01
-8.040078315342247262e-01
-1.521827772708101323e+00
-1.757695375817392547e+00
-1.586838118673498332e+00
-1.623228451110898307e+00
-1.763564409144742440e+00
-1.276294999808770703e+00
3.184402953394556146e-01
6.041624518282275869e-01
8.077797407764386595e-01
9.523755818373180748e-01
9.797845079132977419e-01
7.855047529775995852e-01
4.463956720843992310e-01
3.733889505646813545e-01
6.481475784046066835e-01
7.266131715137378322e-01
2.875506209240113464e-01
-3.236421472953527334e-01
-5.926057263829188626e-01
-3.958762503941155031e-01
1.033019291204527110e-02
4.347901502216047764e-01
8.763733601702958786e-01
1.311256422068170835e+00
1.514231429730339418e+00
1.142431255737530904e+00
4.600301595530320586e-01
1.650428284596623663e-01
1.665556806793110634e-01
-1.118725934624821422e-01
-8.583618263864122300e-01
-1.711103443252104395e+00
-1.851229024141133328e+00
-9.332859040036872722e-01
3.974734709482750650e-01
1.390007500305600052e+00
1.662323408802762970e+00
1.029985554364844624e+00
-2.687050618911652200e-01
-1.253512270347811652e+00
-1.274916228724051415e+00
-7.012465389340916122e-01
4.704857351895525702e-02
7.118015618804256484e-01
1.118512769046758226e+00
1.346752028408371604e+00
1.587573337577708799e+00
1.909484412248364515e+00
2.185395546529835809e+00
2.006717190892201241e+00
1.265829427604369339e+00
4.133607621605044913e-01
-2.807603081324638317e-01
-7.927287659973519807e-01
-8.676547444373213791e-01
-7.386260455350658338e-01
-9.766095771255574043e-01
-1.027908661248433386e+00
-4.679693642558944711e-01
-3.980891504312662060e-02
-9.258103935785109984e-02
-2.295193809886569014e-01
-2.362327983031753398e-02
6.724257765717536195e-01
1.401333417543352944e+00
1.435158366309225553e+00
8.524729449119992086e-01
4.763890274300123240e-01
3.872039778430084178e-01
1.573282310812948726e-01
5.720269478672562746e-02
2.132168269445457454e-01
1.947954363247898502e-01
-1.363577727164018982e-01
-5.322296065516864960e-01
-8.676249199326803163e-01
-1.195241020943136334e+00
-1.463775164732132872e+00
-1.508138166805234714e+00
-1.449633676291246953e+00
-1.548471703195175797e+00
-1.659057341061300983e+00
-1.470256270520905018e+00
-1.109411353132106370e+00
-1.157664881198829265e+00
-1.848300622134450899e+00
-2.647862017034774418e+00
-2.741449403020868036e+00
-2.741449403020868036e+00
-2.201428437977095420e+00
-1.255088426265640988e+00
-4.583991167577179948e-01
3.306422639791961604e-01
8.434930083023406411e-01
7.498231491603438714e-01
5.896393795864411924e-01
9.282529178155799476e-01
1.368044091865193490e+00
1.301690388635077245e+00
8.216520608896437095e-01
4.828647198202421498e-01
4.128266591559292542e-01
1.577754785598214915e-01
-3.615735794588530450e-01
-7.549302390492687032e-01
-8.883594900096161151e-01
-9.346852531265779085e-01
-1.269119937981074919e+00
-1.804072788914300229e+00
-1.402748653950319335e+00
4.081985733129592786e-01
2.081162367471817820e+00
2.063935323952079237e+00
9.059827890164884323e-01
3.664055843811622748e-01
9.835539952530663044e-01
1.371660228198858356e+00
5.650535607419769901e-01
-7.402088950257688094e-01
-1.769318521268734123e+00
-2.012838495554827745e+00
-9.610637964332875427e-01
6.752280566519103244e-01
1.488944657782186098e+00
1.257493898290187540e+00
8.900632893988433825e-01
9.264834731252203914e-01
9.615289689321138145e-01
5.711689023820313293e-01
-1.853948706714987280e-02
-3.587053413453960560e-01
-3.112303183469750656e-01
-9.713899365803398134e-02
-1.028622733644948967e-01
-3.829708520534627625e-01
-6.149994933706118827e-01
-4.658373187783496627e-01
-3.283397179304716005e-03
2.759832710588707161e-01
4.328288369008582714e-01
6.327868618351674135e-01
3.408687659222467414e-01
-3.905836199403086573e-01
-7.929618514737184487e-01
-6.662301753827524209e-01
-2.432944889024850343e-01
2.155668569474561147e-01
4.612355032027308233e-01
3.041579983019950251e-01
-3.661610035942132191e-01
-1.142514714430828304e+00
-1.417250733212816582e+00
-1.108736781877511346e+00
-5.148459106049049216e-01
3.346640241144177574e-02
5.444123094171553490e-01
1.019005090953012393e+00
1.112440087798401978e+00
7.075257252590423374e-01
8.724695392823066109e-02
-2.268859708028805044e-01
-1.047475863964407450e-01
-7.901863087646793238e-02
-2.423520433892111248e-01
-1.627657183107758254e-01
3.301518058942461975e-01
8.075370144162045127e-01
6.419108023021411480e-01
-3.537479488735782024e-02
-5.830952070462283032e-01
-7.488139119217510631e-01
-6.210354995455308336e-01
-2.171354363586821545e-01
4.802079506319545943e-01
1.061013843958721337e+00
1.156331174670734319e+00
9.567003607786542796e-01
4.528834014897430982e-01
-5.238362647879363232e-01
-1.352465135231216253e+00
-1.042148196435011664e+00
5.921885672980234383e-02
6.485517600469282717e-01
3.204659799680024679e-01
-3.450449949897352875e-01
-7.137859127097144762e-01
-6.546055959489118781e-01
-6.566576355855932023e-01
-1.076724353291240277e+00
-1.335131386900520356e+00
-1.029027927234656303e+00
-6.713576968763345088e-01
-3.072774245703476792e-01
4.149306077589940966e-01
1.114706391194771218e+00
1.332916392744127210e+00
1.200948009440928388e+00
8.539918047195603767e-01
6.341804079334291133e-01
1.168313624544881302e+00
1.723308834945387336e+00
1.144561814779576192e+00
1.463351970123110551e-02
-8.780697877646347349e-01
-1.488146029135318571e+00
-1.320977910166733826e+00
-9.023453977634628975e-01
-1.506120587794379739e+00
-1.422151255845903295e+00
-5.583266184317715597e-01
4.819456012852751936e-01
6.136660366893751384e-01
-3.018595992649241166e-01
-1.203327262732265979e+00
-1.555458666560896708e+00
-1.431360648618323683e+00
-8.289921174597281173e-01
-8.960798183685456109e-02
2.250461907227963299e-01
9.979918598338050062e-02
1.621146303781832720e-01
7.923147298735349064e-01
1.758203332635051019e+00
2.455547271655824204e+00
2.294131403815192982e+00
1.463228165565829020e+00
5.407294079042276325e-01
-2.966823113423818770e-01
-1.031828263950877345e+00
-1.351932804770875407e+00
-1.053137226526548842e+00
-5.384743480316629416e-01
-2.985890508582007552e-01
-1.943858573085791019e-01
1.679592287213191870e-01
8.294700413446173259e-01
1.568924797142301708e+00
1.905295238174576244e+00
1.449740357405259195e+00
5.612247466599274981e-01
-1.208675641886494817e-01
-4.198637716782115392e-01
-6.402406933937866418e-01
-1.064772689281291207e+00
-1.462054099171809618e+00
-1.646427324342782050e+00
-1.698695131314194695e+00
-1.381544779803685064e+00
-5.332027940789160203e-01
3.432319277292710247e-01
7.051155717207729934e-01
5.735731085119859518e-01
1.706645211726082467e-01
-2.471208016006012642e-01
-3.796703252175150367e-01
-2.506097161385158478e-01
-2.872797938774542814e-01
-6.035025264304273440e-01
-6.078288101181172909e-01
1.721359591278914525e-01
1.281643468974165367e+00
1.560976064493224902e+00
6.693240198815857411e-01
-2.277462419069756216e-01
-2.033931276799929577e-01
1.666432746260512743e-01
5.808342863106791265e-02
-3.207227388116905553e-01
-5.197863982384643977e-01
-5.792723010375891990e-01
-5.495947448577876981e-01
-5.398888949477472776e-01
-8.051409114161049985e-01
-1.460553401765286141e+00
-2.335006940616935811e+00
-2.722531504715997919e+00
-2.482556330898541663e+00
-1.573623311618173926e+00
-6.528534969591708315e-01
-1.844039472729916695e-01
-2.775577782281954398e-01
-5.099895598531419827e-01
-5.176765419947803037e-01
-2.274612272561162551e-01
2.007230445400014773e-01
2.579891706227686599e-01
-7.891899904489804718e-02
-5.226312310530539101e-02
4.796952644720263725e-01
8.062165529797529206e-01
5.360666698554923393e-01
1.658231440817733715e-01
1.171358689920168339e-01
-4.320863759216566485e-02
-5.043593500161888121e-01
-8.154880701949184241e-01
-9.434841140786544011e-01
-8.892264901560633650e-01
-4.452019868687405180e-01
1.999529185472807141e-02
2.602489662438464690e-01
4.395424001250471946e-01
3.367799248702220694e-01
1.971254413606678482e-02
1.037824810384886248e-01
3.387029591110919946e-01
7.904324445258970044e-02
-2.568139371845871710e-01
8.881845343510001711e-02
8.983892466440602798e-01
1.601477808784198986e+00
2.093269654027864135e+00
2.271303068401839820e+00
2.226078549791731920e+00
2.255420226816617024e+00
2.111183840994464767e+00
1.290706982191149210e+00
8.438709322333341756e-02
-3.776836994548792292e-01
3.872397577064818353e-01
1.176924582259559093e+00
8.429656981730843102e-01
-3.543472980077665146e-02
-3.709529574811312180e-01
-7.469336045201067920e-02
1.270604090207597403e-01
-8.979240631550093610e-02
-1.517344446188582663e-01
3.371667776192096566e-01
9.307282491836865734e-01
1.232170472591059607e+00
1.240025931749943133e+00
8.812077905607534900e-01
3.862319015953640799e-01
4.007924460376213194e-01
9.147085679798304669e-01
1.168759277540947217e+00
6.498450767743307877e-01
-2.944291160969019217e-01
-6.977478379859944901e-01
-3.248654548947715881e-01
1.915702582044290780e-01
5.799646600022476672e-01
9.547303169953066382e-01
1.177684478334554141e+00
9.331389447384371705e-01
2.241850492011406015e-01
-3.201905858416694839e-01
-1.712411036392492980e-01
1.561622859146783449e-01
5.525274846518479777e-02
-3.042631555920538022e-01
-6.836480992966190717e-01
-8.920205283562293586e-01
-7.311614606093241875e-01
-5.147994444712702400e-01
-5.189764196442919753e-01
-6.654314476411246071e-01
-1.004535040693750991e+00
-1.270636053490012074e+00
-1.003816495282579657e+00
-3.221467624935713814e-01
3.169652562535707485e-01
6.197656133418824043e-01
5.673628696696247919e-01
2.710224302587332934e-01
-2.212644725295410952e-01
-9.875551015999570748e-01
-1.797241143266140817e+00
-1.759934047495550269e+00
-5.706159558004062493e-01
9.037187974941676138e-01
2.027251781471308245e+00
2.592415682711154634e+00
2.179800172347553744e+00
9.397341941862187298e-01
4.906449319409381116e-02
4.657105327962554053e-01
1.461695498192993048e+00
1.650732819366656834e+00
1.081186286859859624e+00
6.173197909284753315e-01
5.657917231221377685e-01
5.950985092040605995e-01
4.241416612806774289e-01
3.771107685650484931e-01
5.440649387261242698e-01
4.551038819648949296e-01
-1.179638468778363564e-01
-7.210532703473130356e-01
-9.280409840911135744e-01
-8.036008853884665237e-01
-6.736886354770337260e-01
-6.485688897687559296e-01
-4.165090112689600610e-01
1.566418520979526718e-01
7.996660040246440504e-01
8.060840946888706560e-01
-2.025565266035754264e-01
-1.491265082088740979e+00
-2.046768999778989517e+00
-1.891397656895887458e+00
-1.804379584308478890e+00
-1.707907617025675506e+00
-1.046786144774605631e+00
-2.849061083167412911e-01
3.078496824871213011e-01
7.529956611021962898e-01
1.391001403737915476e+00
1.716177393249082250e+00
1.320628445932432671e+00
2.326363714217700995e-01
-7.009498976783830049e-01
-4.047418141791068735e-01
7.067523973442914054e-01
1.055310054086903815e+00
4.132992563273003850e-02
-1.324461844953989331e+00
-2.006268841395135727e+00
-1.913890436237117187e+00
-1.327702446897267130e+00
-7.544839114563264282e-01
-5.993375589177849516e-01
-5.921433719234288073e-01
-3.596989850401903221e-01
-6.262719358175709850e-02
3.050364253115493973e-01
1.060326999789244384e+00
1.625108632064731440e+00
1.112846711842940373e+00
5.314777667878217704e-02
-6.995495935693879508e-01
-1.050360819102990728e+00
-7.431975887909789691e-01
3.035453576554680843e-01
1.127927503361729977e+00
8.879106190046106573e-01
-1.451324756985171958e-03
-3.541885251678045243e-01
4.835122769708934398e-01
1.865118366310001718e+00
2.734495400821550071e+00
2.734495400821550071e+00
2.453049049862252140e+00
1.202372140905949793e+00
-1.064879458626271647e-01
-5.817801991192735889e-01
-3.511719411680025438e-01
-1.759524479841873545e-01
-5.131976556035275361e-02
2.651689135159170929e-01
3.375962360259984196e-01
-1.763891206530795175e-01
-8.943199907979629826e-01
-1.517513538465131040e+00
-1.874057252623028136e+00
-1.657864562310106482e+00
-8.965440880273126689e-01
-1.117150915910255504e-01
1.864457695646519753e-01
1.631126018560497826e-01
-1.137877224330127307e-01
-6.859375314308217009e-01
-1.031725222465833092e+00
-8.357134902140815891e-01
-4.794630691669115596e-01
-3.994251987831234363e-01
-5.133852971123836761e-01
-4.663671280327389979e-01
-3.136588297929666092e-01
-4.575785932513280474e-01
-9.607108767317448228e-01
-1.420414056221192878e+00
-1.473631819349218830e+00
-1.148958342739813787e+00
-8.858203975555866139e-01
-1.151389422961168085e+00
-2.031634478464756199e+00
-2.595275870797732587e+00
-1.870480913522011068e+00
-7.429869325000953983e-01
-3.445065445631159129e-01
-2.404958726034011618e-01
-3.047503479373072071e-03
-8.043401597977610507e-03
-3.934986244282286383e-01
-7.490036980946159773e-01
-8.163143037643545430e-01
-7.181893539541892579e-01
-3.177723533772033315e-01
2.275007056331273814e-01
2.400955554797807312e-01
-9.665460570238726401e-02
-3.342364108558635305e-01
-6.970329738833128674e-01
-1.011717139406194566e+00
-7.303888444214381437e-01
1.226028243766667664e-01
1.155952729516154465e+00
1.961736650529898540e+00
2.095466699310648551e+00
1.474163119471643135e+00
5.424740008056327945e-01
-2.222051176381895088e-02
1.309293202393810862e-01
6.606503297976866751e-01
9.703211085561497251e-01
9.376986330325909336e-01
8.653822657971207422e-01
9.215400796288201191e-01
1.081088712871842272e+00
9.402300237666740834e-01
2.805592616105636039e-01
-7.625461987499852767e-02
4.070893029735720425e-01
6.094535402765184351e-01
-1.729407802838254238e-01
-7.801950498688687841e-01
-5.383252400103643032e-01
-2.785857718731094002e-01
-6.083482267623968598e-01
-1.128141311946385006e+00
-1.031638124003968482e+00
-6.697318201022584017e-02
1.064250714253299757e+00
1.743620990760952338e+00
1.925016258349678600e+00
1.694958095845143120e+00
1.313354998872011681e+00
1.236053555932416170e+00
1.193483020946523698e+00
4.462308924958476308e-01
-6.294704293505551940e-01
-1.305703305099092937e+00
-1.524312383754234057e+00
-1.094539404155879581e+00
1.298569117547136442e-01
1.469985659055692118e+00
2.218471111683440355e+00
2.217307101217656840e+00
1.494312803121834010e+00
4.602964550694655932e-01
-2.165755124952825350e-01
-6.509804419445329726e-01
-1.168991357374101536e+00
-1.354124682822416270e+00
-6.664950919527438122e-01
5.546156441061889097e-01
1.155156123107183630e+00
7.066920691087589246e-01
-2.796651230513000005e-02
-2.068109407875210748e-01
-4.880395357255345318e-02
-4.104828185877604230e-01
-1.096460648207298938e+00
-1.239026709550296035e+00
-8.911030536421649106e-01
-7.258876038941219910e-01
-6.394243000912573915e-01
3.895492876674129523e-02
8.945616719657274452e-01
9.848446075996837301e-01
6.388439290818370697e-01
6.368232950492245248e-01
8.156200113109994820e-01
7.132168981614647185e-01
3.323726961887289444e-01
3.261819646493561986e-02
2.458021064917102066e-02
2.378926281548960839e-02
-5.491980899276001360e-02
2.730989906094609121e-01
7.852718538074769938e-01
9.342261223397843040e-01
1.064239996903917573e+00
1.258655966093229717e+00
1.123217173293586946e+00
7.293960450189777012e-01
2.586713556828521554e-01
-3.225700057760143014e-01
-9.050389986728024638e-01
-1.136367569019255841e+00
-8.111820991014506710e-01
-2.126634126722112272e-01
2.369044150344535582e-01
3.923941364120254738e-01
3.512732497009067867e-01
5.309278884765402662e-01
1.092237818345988876e+00
1.380469146101650724e+00
9.939388754113427371e-01
4.370718219550918660e-01
8.320292244412791360e-02
-1.724833789204309464e-01
-4.171038544390087144e-01
-7.673573244327235310e-01
-1.142410262486172945e+00
-1.175737715619358692e+00
-6.709564381538999367e-01
-3.545747682199861667e-02
-2.158875142722315732e-01
-1.209946925863278455e+00
-1.860492483500804983e+00
-1.698688469494244346e+00
-1.055946536322075691e+00
-3.405091083844933308e-01
6.476762997693993884e-02
4.974481028778578451e-01
6.850510152801715380e-01
4.870772483489672622e-01
3.647575083058481882e-01
2.493685298176639420e-01
-3.096920470976159967e-01
-1.367151197161558418e+00
-2.129052542353653266e+00
-1.566353331382862590e+00
1.457547228245922311e-01
1.800832709022982314e+00
2.316631464898033066e+00
1.634920325619486192e+00
8.203792206717266389e-01
5.134691855020133699e-01
4.692645023833959539e-01
3.429770360925989969e-01
-6.760146806385747102e-03
-2.035629836367313927e-01
3.150492407474066447e-01
1.238545690617080863e+00
1.433852354357284753e+00
5.485962456209539928e-01
-5.420752720269550462e-01
-9.810950649025987902e-01
-7.234632711889117385e-01
-3.443165928137361664e-01
-1.989431649745354025e-01
8.038865847916958074e-02
7.084047425862100011e-01
1.157117175688279209e+00
1.048120252931791452e+00
6.851984805993396321e-01
2.929227491206025658e-01
-3.333046560383966517e-01
-9.522083229399813664e-01
-1.000572290432918177e+00
-6.257046745973728896e-01
-3.517113152040164392e-01
-4.762421121194670981e-01
-8.314111966127646358e-01
-1.042138298816518649e+00
-1.204816474638171986e+00
-1.424100976599588453e+00
-1.368465045571151339e+00
-1.108235567573073954e+00
-9.690605433650788525e-01
-7.749741062681512194e-01
-3.951333481890666466e-01
-1.689329929024262489e-01
-4.020968485553029770e-01
-9.110386297328005867e-01
-1.194906781625353576e+00
-7.776825748543161332e-01
1.694764626854327605e-01
7.368981928816780158e-01
3.733582449239535306e-01
-5.162252890919328818e-01
-1.283750798821336803e+00
-1.619873704110333046e+00
-1.481529190268844332e+00
-9.559659387705029543e-01
-4.309063523379741967e-01
-3.834392245427485912e-01
-6.168172694580117410e-01
-5.892618072635836812e-01
-2.527106245270315243e-01
5.884035143236214516e-02
5.317209296558438048e-02
-2.339262957145417932e-01
-3.780386999647510904e-01
-1.049462269802805547e-01
4.225042279018163816e-02
-3.216304340987407584e-01
-3.774912670051162045e-01
3.509895884314960801e-01
1.130098507072149205e+00
1.454410099483471219e+00
1.515256178881856153e+00
1.229628541405478392e+00
5.569016090947901398e-01
-1.879367392659457917e-02
-3.735047043491850904e-01
-5.048808048154850292e-01
-3.545981435807822879e-01
-1.533108549897032324e-01
-4.767549655511778978e-02
-7.490586267309326529e-02
-1.634472408400688415e-01
-1.504026764663381199e-02
2.768785072141319303e-01
2.433695379483120369e-01
-1.524931009554275907e-01
-5.372270375583714230e-01
-6.159940585153028669e-01
-5.904114252228395143e-01
-8.066423170592508241e-01
-1.263688734748600107e+00
-1.453040906509804664e+00
-8.814149710043698294e-01
9.179946856330568894e-02
7.019763130071333679e-01
6.781388987799260581e-01
4.186708543304799024e-01
4.701172409557237697e-01
7.480974932460335847e-01
7.538735211915960077e-01
2.682976533070368097e-01
-3.384882652533200975e-01
-5.582936871599591955e-01
-2.437820288085121856e-01
5.082978700911268133e-01
1.271471346062597707e+00
1.705166051014695539e+00
1.805977262408785533e+00
1.451549887863312627e+00
8.182645895311859707e-01
5.041537348489402159e-01
5.428422859635990694e-01
6.149139755777591754e-01
7.867260766507238046e-01
1.005673429071239022e+00
9.439812912139349255e-01
4.500050665912204151e-01
-2.253325420694957948e-01
-7.930328357808885675e-01
-1.347243863080276105e+00
-1.844838490938801367e+00
-1.856579208637453959e+00
-1.150106868418339090e+00
2.805297801700817883e-01
1.735563143673206188e+00
2.058436308665190229e+00
1.292694267685480458e+00
3.412285784541719824e-01
-7.681448903441413789e-02
2.417770560073810304e-01
8.453461987263861666e-01
1.360609790795311191e+00
1.651791872998435773e+00
1.732947237124692785e+00
1.693012964825685973e+00
1.363545900851330872e+00
9.431418884220346133e-01
8.766123695831015139e-01
7.802310677047393783e-01
1.379551646663268460e-01
-4.997966590505379947e-01
-4.685664291351105959e-01
-3.804741234849300380e-01
-9.109269794916518004e-01
-1.479332083494336869e+00
-1.340031780236246917e+00
-4.694909625799418285e-01
2.987532290161970527e-01
9.774242110555511620e-02
-7.948457606974150824e-01
-1.620915865809525069e+00
-1.822812255502069601e+00
-1.356031103400636040e+00
-8.055933568969743108e-01
-2.377830151581968865e-01
6.727628263766881611e-01
1.530093199310593732e+00
1.824035952264096982e+00
1.861168172874757998e+00
1.943234568809877549e+00
1.732771942535981324e+00
9.514896324040854614e-01
-2.022722824498440208e-01
-1.031443384416222964e+00
-9.598167152435285177e-01
-4.058716904335833431e-01
-2.238883874613512709e-02
2.847130749433616215e-01
8.181742767662650850e-01
1.192706765582310480e+00
1.094227758460977640e+00
7.625922044432524860e-01
3.306382000604387028e-01
-2.940415804442714776e-01
-1.037638373432801409e+00
-1.429890334005703645e+00
-1.316831572028219544e+00
-1.186788376802288214e+00
-1.499977322062412632e+00
-2.227696775601090362e+00
-2.622735818309215095e+00
-2.168850017732170343e+00
-1.407530930277691272e+00
-4.879636620004838554e-01
9.964422561046273330e-01
2.152168421348129801e+00
1.735666994810877606e+00
5.018010005154549535e-01
-1.532398791346062938e-01
-9.810481583452207791e-03
3.022429846574472001e-01
2.734188711144177053e-01
3.273789171616539040e-01
8.408300413680469543e-01
9.221169715045463011e-01
5.769599659439972328e-01
1.743724063945283342e-01
-5.458517549799972723e-01
-1.502547297747296007e+00
-1.712733169655975107e+00
-1.130229022720422360e+00
-6.046142846053238484e-01
-3.121391233238290375e-01
-1.274041407610740084e-01
7.655310568131125717e-03
3.313569671309403164e-01
7.532093388273287671e-01
6.678713466690813227e-01
-1.124144533047646277e-01
-7.527482706150838698e-01
-2.983927749231068405e-01
9.556001063334275125e-01
1.910798044545554575e+00
2.077446327193795295e+00
1.561557900245325037e+00
6.848894425251280671e-01
1.113868654825714705e-01
2.492939395922199111e-02
-4.132534981096375876e-02
8.233320075978237118e-02
6.852515969220585035e-01
1.011102173442487873e+00
3.432875019230421931e-01
-7.719170212858668112e-01
-1.192308730480785339e+00
-8.832445706079197212e-01
-8.877456536523252728e-01
-1.241250539647000828e+00
-9.874081852001959092e-01
4.591920852718222451e-02
1.033430732174530409e+00
1.117372133730644590e+00
2.419156681818130095e-01
-7.259109471477459552e-01
-1.173700439951473440e+00
-1.390193202958225127e+00
-1.499491935935046039e+00
-1.181159835214007359e+00
-3.290753334587280809e-01
5.531862305376911149e-01
9.969871811136797879e-01
1.361935227880977539e+00
1.808228410627674698e+00
1.605656861124236112e+00
6.059050681292795781e-01
-2.836552301883772387e-01
-5.056885787656261178e-01
-4.047119685185058824e-01
-4.058226170297803970e-01
-5.192129773337815779e-01
-4.652481255936431470e-01
-2.168248957883969763e-01
-2.912912355820261312e-01
-7.721643371424504743e-01
-9.901296620698993856e-01
-7.220372206485712319e-01
-1.996914602661929994e-01
4.052105835353795316e-01
6.175031711128087242e-01
1.962192785181437471e-01
-1.297631576170155399e-01
2.935336683244353928e-01
1.066535865364032221e+00
1.395899963459532822e+00
1.073647052310854333e+00
6.334731814974035036e-01
6.934570841444220868e-01
9.531674728962861165e-01
7.829891470039075374e-01
4.151657556455140563e-01
1.770184919059033524e-01
1.625658566961709730e-05
-7.981720448087087361e-02
6.733470995397214387e-02
3.422477156783746421e-01
5.208570139841542934e-01
4.455645228479704900e-01
3.453444382929074519e-01
5.119578300226865775e-01
6.328080290445385891e-01
3.759947285734067668e-01
-1.289662114597310005e-01
-5.912555341225719241e-01
-8.844534129669583411e-01
-9.517498952692333702e-01
-7.848190074447806142e-01
-8.278482125118683532e-01
-1.308032241497582682e+00
-1.770244421262759937e+00
-1.803355952978655141e+00
-1.194103419113443643e+00
-4.663599321770205142e-02
1.026435454262745628e+00
1.317347559231458742e+00
6.550430549876798958e-01
-6.875648264764014361e-02
-6.648183086381992402e-02
1.687735981037947475e-01
4.522678116500050000e-02
-3.629685743494609484e-02
4.593635001182526101e-01
1.301600003414385309e+00
1.779396850862774881e+00
1.313312701141652550e+00
3.549177337031506757e-02
-1.037939336494264397e+00
-1.234346631104457748e+00
-1.196043939461508110e+00
-1.425345013364403446e+00
-1.438474181878212521e+00
-9.066432280741637539e-01
-2.311758096718084798e-01
-4.609475997812769593e-02
-5.012250962739100979e-01
-1.056842909221224591e+00
-1.230368334530139274e+00
-8.208823048647786447e-01
1.851626587490273201e-01
9.640119736459528132e-01
7.785126449928353454e-01
1.749284229160065762e-01
-5.657717508089220582e-01
-1.678627887019302545e+00
-2.549607819810257858e+00
-2.619675325039837688e+00
-2.173372272860642607e+00
-1.758779284790758402e+00
-1.548713220079432462e+00
-1.447645691434896298e+00
-1.425332412076210309e+00
-1.247912019274026063e+00
-7.791260756454723158e-01
-2.076910528205968831e-01
1.082867692698047390e-01
-4.346500879617398033e-02
-3.290812111292004682e-01
-4.919440595374917624e-01
-7.547317361151021364e-01
-1.130256062830032215e+00
-1.178809819725356700e+00
-6.236758514597734449e-01
2.017117226336815061e-01
8.900247236311871202e-01
1.538542408171655884e+00
2.076571680095218753e+00
2.161328343379824712e+00
1.640969353834078159e+00
8.901535954704757891e-01
6.602393120034358853e-01
8.769272669886236660e-01
8.738132518458634479e-01
6.942951369991104960e-01
8.696580120095218636e-01
1.335609760349184105e+00
1.245736954748481784e+00
3.830378147811122624e-01
-4.421437358280350116e-01
-7.333118813496510846e-01
-6.839439403743269308e-01
-5.641421199889711247e-01
-4.258359388494439290e-01
-2.540947174887333571e-01
3.706601510916386621e-02
6.024135507304343440e-01
1.137383214188802505e+00
1.364495931938639606e+00
1.760820894893134980e+00
2.123344022051353530e+00
1.536512471951181347e+00
2.354770637642664977e-01
-6.794436834711515827e-01
-8.619062477872895256e-01
-9.084809690020366757e-01
-1.099548351502135590e+00
-1.175937352359837096e+00
-1.206943971906039081e+00
-1.383040248339829414e+00
-1.368713693945372567e+00
-7.984302751449336988e-01
2.007011571318924048e-01
9.276969567416366580e-01
9.639718614700343302e-01
9.806157985669287092e-01
1.466840704534284834e+00
1.913249977775458133e+00
1.890611397818154238e+00
1.471914446592600623e+00
8.908422855431193943e-01
3.629787631583015206e-01
5.371451097707586469e-02
6.683576631492149644e-02
1.125650392570809039e-01
