-3.785385705911543663e-01
-8.421790833249248598e-01
-1.043509255892514531e+00
-6.217365327131544328e-01
1.102542159659813774e-02
2.090428864096526840e-01
-2.183278258565466978e-01
-8.961242294506149841e-01
-1.394606852833425226e+00
-1.703756233641843032e+00
-1.663217937370911281e+00
-1.111539515035927961e+00
-4.815512950835565409e-01
9.186666970298359991e-02
8.034603126696809872e-01
1.220524749305456735e+00
1.111573908679448275e+00
9.789273340576452043e-01
6.935489646145517328e-01
-1.069625825019094451e-01
-4.118431398604052718e-01
4.956750170481419304e-01
1.463323235036782188e+00
1.329667450327325584e+00
4.500760158914645648e-01
-1.654775278658824345e-01
-9.889361330000075168e-02
4.410835378109788651e-01
1.023333873677050532e+00
1.246275752722429520e+00
7.280541105545781377e-01
-4.901539335615803794e-01
-1.379858658208845679e+00
-1.198976006452725729e+00
-5.029687879721187471e-01
-7.238852953934639400e-02
-1.213217171756499208e-01
-4.290494455067637714e-01
-6.217831322418260198e-01
-5.127207555107972103e-01
-2.966242256445734693e-01
-4.063710883959797404e-01
-7.936919064618367381e-01
-8.987488314950484725e-01
-5.906699936054099487e-01
-2.743822941381998670e-01
1.711634853157371350e-01
8.599663656254460387e-01
1.007936441093473245e+00
4.514467175691653789e-01
-1.376812885013680710e-01
-6.765581026103777429e-01
-1.285135387925297357e+00
-1.332804052267275274e+00
-3.133244197730454261e-01
1.087972272986907685e+00
1.708123819468424953e+00
1.171675293831801357e+00
2.442703458428332475e-01
-1.383317426137858908e-01
-4.376777845169128878e-02
-1.754464466843985160e-01
-8.315099037022373185e-01
-1.556935778444662244e+00
-1.574549999042034409e+00
-6.479000833835180106e-01
8.413513907491613208e-01
2.131652563213656926e+00
2.664604679138199206e+00
2.691307542160056521e+00
2.695983541997803989e+00
2.326071303984377003e+00
9.088277242784298382e-01
-1.035968441470347390e+00
-2.026619353135896251e+00
-1.518882910797746399e+00
-5.815834675987585634e-01
-1.037953716714167668e-01
2.764608697736989362e-01
1.177637932307436186e+00
1.976242634567956458e+00
1.737805260306542809e+00
8.950997942777630945e-01
1.763285624100933979e-01
-1.460103865477961615e-01
5.352233950020316572e-02
2.485310942807974210e-01
-2.015659307873680917e-01
-7.466927157434001261e-01
-6.344205806822319493e-01
-1.892565707912545470e-01
-6.355820896849534440e-02
-4.604529884979009502e-01
-1.079166893704662344e+00
-1.234377494111044804e+00
-9.245421577340484642e-01
-9.893326394873194207e-01
-1.422331773733468196e+00
-1.373069130709041907e+00
-7.066041680840113859e-01
-1.331922151712591484e-01
2.578938894149593319e-02
1.660489676306747264e-01
4.630170003327989114e-01
3.704606501140975672e-01
-3.222819376085969689e-01
-6.953365423673103507e-01
-3.763227795830608180e-01
-1.435787129998105094e-01
-2.347580210712277016e-01
-4.348767562753292903e-01
-9.996232536302033234e-01
-1.796444083073347464e+00
-1.970543950467827266e+00
-1.191020528511183008e+00
-1.344354481455774519e-01
3.386568996085227434e-01
-5.918538157371827473e-03
-5.989867395654276949e-01
-5.960152373532228154e-01
-1.735087585415670264e-01
-2.147640198052937488e-01
-4.955292102359182826e-01
-7.908999022756466046e-02
7.465366966820711214e-01
9.003556405191294187e-01
4.007845802865191431e-01
-1.195351263955673760e-01
-3.486292597142181537e-01
-2.123608693753206156e-01
3.563510716885258112e-01
1.252841630310008281e+00
1.639363200078764349e+00
7.791589603628649163e-01
-6.129789782757386618e-01
-1.435839350044983309e+00
-1.520517846067118706e+00
-1.045967837229054398e+00
-2.759054946508792128e-01
3.422943027482188705e-01
7.200491830373172419e-01
7.298508149122148181e-01
2.420700210081518644e-01
-2.255817370334686489e-01
-1.977657355435853692e-01
8.166143366355931021e-02
3.021983149649108413e-01
5.235085315820168228e-01
4.998544981225716555e-01
7.821770968451979833e-02
-2.861700249195056611e-01
-5.263383846695818269e-01
-9.213542774298884019e-01
-1.281325868404865620e+00
-1.284506244853591772e+00
-1.032942631538591005e+00
-6.988218206791553255e-01
4.045529613440869421e-02
1.002870199010783558e+00
1.568012431380646055e+00
2.011255245727032293e+00
2.480250037467365498e+00
2.357586622552345634e+00
1.552071582121385074e+00
7.713805668096946899e-01
5.424560780702124552e-01
5.890876560399802564e-01
5.404666297812409370e-01
5.819208015583628990e-01
7.199292248896692614e-01
5.417182329792394890e-01
-1.429276098192040767e-01
-9.003148778338110336e-01
-9.115167789089864137e-01
-7.260818242048711069e-02
1.015451015246898292e+00
1.983292663816898393e+00
2.540124636056257934e+00
2.125075099218185493e+00
7.085355655219779392e-01
-5.390574957227203257e-01
-6.360221846871813023e-01
-3.183926327011413898e-02
2.389970962514649522e-01
8.028236513916187089e-02
1.393798576116955512e-01
6.869490587310039809e-01
1.276834409915593049e+00
1.289185441639458141e+00
6.484678541542436836e-01
-3.705858452718097662e-01
-1.284985094198523470e+00
-1.492558488715102216e+00
-1.174876100386912148e+00
-1.084040675190264036e+00
-1.247350724587423576e+00
-1.135371084176857170e+00
-6.904393149838859989e-01
-3.533572481434606449e-01
-2.217775320665635874e-01
2.294451807503112839e-01
2.705335586757279809e-01
4.248783995505190925e-01
7.527066748959496678e-01
7.786171150443602640e-01
4.665532326231738858e-01
3.202591864017338419e-01
4.715631569967181913e-01
7.467401706544213313e-01
8.500369252548969357e-01
2.358710657408792100e-01
-7.371579435783900403e-01
-7.059585414162519168e-01
2.093711911767926481e-01
8.616612740453686303e-01
1.145181356459423094e+00
1.518134295684738566e+00
1.766951404847020513e+00
1.601795728169998378e+00
1.391670019885250742e+00
1.145208103727184179e+00
6.083449895493786563e-01
1.254852653827389364e-01
-6.598769542459918813e-02
-5.216723158919350789e-02
1.292893979663936044e-01
5.283222268856190285e-01
1.119870833339611016e+00
1.386947621328732394e+00
1.016811923979434429e+00
6.546275245620928329e-01
9.852450895781896811e-01
1.597266331966558095e+00
1.605474064347642615e+00
1.122421222801111895e+00
8.055695729877575539e-01
8.455287022026952704e-01
1.175139827344796162e+00
1.599768513892504407e+00
1.576403985181864531e+00
7.704507297519460618e-01
-3.211097093082830312e-01
-1.064550003572377834e+00
-1.001218442835915878e+00
-2.818312277317460701e-01
7.368839088824613581e-02
-1.310198995797094146e-01
2.017253521359987922e-01
1.213007730658593575e+00
1.600468226526341242e+00
8.287327585255368501e-01
-2.206187678578711009e-01
-7.361694336799793348e-01
-8.244631333899041792e-01
-6.891250029402163912e-01
-3.078181017509369344e-01
-1.491573135107908121e-01
-4.227970417660193436e-01
-4.199368617665917292e-01
3.057762053393207613e-01
1.161538761757678451e+00
1.361522821419234752e+00
1.041295521044684369e+00
6.151542557746653150e-01
-7.997685314278310531e-02
-8.533384197210206468e-01
-1.067317955520902695e+00
-8.695309898374619095e-01
-8.274225029682689136e-01
-8.887312240608040703e-01
-6.825811573238917962e-01
-2.326272371914930026e-01
7.407504410915403958e-02
2.351761496511630203e-02
-1.852234460614328726e-01
-2.185198924789812924e-01
-9.674208572976742554e-03
1.570291518239876893e-01
-8.120109519137597848e-03
-2.714472247203543187e-01
-3.219293457664514913e-01
-5.278636578183426575e-01
-1.095295666477245078e+00
-1.413797052497877349e+00
-8.614921582531195332e-01
3.696814723261485081e-01
1.163473362326969296e+00
6.154069082769798582e-01
-8.821036009149477719e-01
-2.141566867621905512e+00
-2.574631915913904834e+00
-2.439150172985020681e+00
-1.875351493012858528e+00
-1.076278867153271479e+00
-6.521833929840429311e-01
-7.369272305992992100e-01
-8.281280652784882568e-01
-8.170604711323778968e-01
-9.222794492141871414e-01
-9.274719614976756343e-01
-5.466229222550135214e-01
-9.730128499005981368e-02
1.643492561292645149e-01
4.611287336334873310e-01
6.777687157046846655e-01
5.427430026592159340e-01
2.507127301635552197e-01
1.500711996034069240e-01
7.218923042588164252e-02
-2.017540078473867848e-01
-1.699420985520480043e-01
2.803832959083844556e-01
5.969669528487957511e-01
6.028183864015297377e-01
4.239362409810643606e-01
3.661073806842236045e-01
8.142650704746722257e-01
1.445187697910991886e+00
1.488942328518300107e+00
9.007715272308493004e-01
2.051611445428258018e-01
-1.968712484259586004e-01
-1.017408233265302969e-01
1.246268727760072997e-01
-1.091572119007676450e-01
-5.280880817121448301e-01
-3.858141298894178783e-01
2.316383117164851901e-01
4.581392700354550152e-01
-1.978962858535744940e-01
-1.162955974504018997e+00
-1.456964680464029049e+00
-9.900605590291191582e-01
-1.065732790066022534e-01
1.011966180585411657e+00
1.801295738367137078e+00
1.782667578547468823e+00
1.112783485198791666e+00
1.969092943023765252e-01
-5.199258968629771882e-01
-5.516674178262049866e-01
-1.276770675131321531e-01
-1.856793912740316299e-01
-9.302396146851804604e-01
-1.671692899238756969e+00
-1.815271815473070927e+00
-1.446450710243840643e+00
-1.208779381760269223e+00
-1.375197285677620007e+00
-1.578955789860679415e+00
-1.282061038871620040e+00
-5.720705030672613711e-01
-3.914918983365447414e-01
-7.732540270846706143e-01
-5.946401681469021261e-01
9.538574883263357951e-02
3.652793832392092210e-01
1.302523147242988788e-01
-2.960618317245060638e-01
-6.928843784789241456e-01
-7.837924000384201006e-01
-2.786090370676184147e-01
7.353154361625621194e-01
1.488535472704536788e+00
1.072101712373984883e+00
-4.781135568897855737e-01
-1.704559510465928573e+00
-1.306478356228798487e+00
-5.926295282091398331e-02
6.102244968475594167e-01
7.149829702371478524e-01
7.534159960880234541e-01
8.312967288172169456e-01
9.358962895052477249e-01
9.951327132575654710e-01
1.192917401071794670e+00
1.466142719444626152e+00
1.179340929506538238e+00
2.656081705868627019e-01
-4.102073543196776972e-01
-1.373753686988145595e-01
7.451150284886882691e-01
1.565654123717309387e+00
1.920005480424651800e+00
1.566558894969377613e+00
7.323564697685367442e-01
-5.051178181989332550e-02
-3.025316413265132787e-01
3.100017056335774290e-02
4.173162096096542650e-01
3.018424296394601747e-01
-5.546452014617857529e-01
-1.796595093826383716e+00
-2.643334907797033395e+00
-2.722014392849602338e+00
-2.464962168953964916e+00
-2.138576680763097482e+00
-2.229855935401551914e+00
-2.053899475191355073e+00
-1.121267895720000629e+00
-9.226889915686309340e-01
-1.388090589581395751e+00
-4.937256160192604604e-01
1.665793249488910721e+00
2.800269516629478872e+00
2.696277537588749329e+00
1.563165158651587117e+00
9.817071881185976956e-01
1.045556183026561170e+00
1.032811216813996902e+00
6.318829571249662269e-01
1.983774296820221827e-01
1.674458175815388972e-01
3.056777757657076489e-01
3.332890080663790111e-01
3.956175065306934968e-01
1.251366371097311081e-01
-3.313145239970376466e-01
-1.132175120532919743e-01
6.688678054377396043e-01
1.126476909411907812e+00
8.979919556182519580e-01
4.993324631294562277e-01
2.819368765870550186e-01
-2.777314244625319478e-03
-5.427914242084909135e-01
-1.164815166884722863e+00
-1.284836598930571006e+00
-5.713243850024360970e-01
2.732414034845107031e-01
5.310655787930467220e-01
4.986206765205129510e-01
3.942616017570955700e-01
1.588706338875187640e-01
1.442062118084605771e-01
3.277612727806971660e-01
9.246639594015650110e-02
-1.541467979724186754e-01
3.571699780030330729e-01
8.676737623923427289e-01
5.048764275315203998e-01
-3.375037507361485223e-01
-7.698418945564172722e-01
-5.220254077364376855e-01
-1.119337427437181037e-01
-2.001915474800896044e-01
-9.773331283865550612e-01
-1.719867609294017496e+00
-1.584427225054389821e+00
-8.733741707694392398e-01
-2.899895291567206046e-01
-1.055811660197828322e-01
-3.543260514240836878e-01
-6.936712258566040123e-01
-7.266881597561609674e-01
-4.938642321871566376e-01
-3.881950137997166594e-01
-8.468296921176307057e-01
-1.561873900578546026e+00
-1.622033603657671463e+00
-1.009275916516477967e+00
-5.182017958918536671e-01
-2.871422933236467689e-01
2.537955582602857141e-01
1.159173391118810237e+00
1.633952903573546722e+00
1.166706023508474077e+00
1.580012861363131738e-01
-7.415140913873907724e-01
-9.776821105956150504e-01
-4.900983951811566652e-01
1.223296132123883190e-01
6.264468639478043555e-01
6.776011332331821624e-01
-2.407979324966488255e-01
-1.294321647293892985e+00
-1.303000453143412507e+00
-2.629273695809627442e-01
1.100877773836025364e+00
1.872496424422488648e+00
1.618392774622021912e+00
7.287268085506821702e-01
-1.903366092390347819e-01
-8.157392875982020231e-01
-1.067944532840391370e+00
-1.048663676218689389e+00
-9.992633551896981103e-01
-6.871893786894253120e-01
2.206325853332503917e-01
1.113378441594534696e+00
1.249322202333805976e+00
8.878637012056838085e-01
4.677719069120370166e-01
-1.339887374392753905e-01
-8.226099641776429827e-01
-1.164716368564004512e+00
-8.475224529117822980e-01
-2.877848783090590223e-01
-3.674014252329547703e-01
-8.574503213126185575e-01
-8.669438227211874182e-01
-3.211785244332985290e-01
5.644819310954873881e-01
1.642199045450891459e+00
1.984040232416881766e+00
1.137937052075167710e+00
3.567945484773706877e-01
3.242731124112400720e-01
4.765536612908549685e-01
4.623415068130384276e-01
2.291760207042385089e-01
-1.525804635382142227e-01
-4.246646898469376152e-01
-6.593957960288925058e-02
9.866627378965028283e-01
1.668171922971237953e+00
1.547188191439321292e+00
1.511305474427608875e+00
1.514405408188734592e+00
6.217628865597920607e-01
-7.594983682768865485e-01
-1.210983393809117681e+00
-6.926847808770377757e-01
-4.855044976376873267e-01
-9.207877015253985720e-01
-1.187032681829887970e+00
-8.384045047486842206e-01
-2.326401747032215417e-01
1.623567172513020185e-01
1.894125433707726236e-01
2.607601931705313958e-01
7.572919328984840659e-01
1.077671865378716731e+00
6.360865907338505432e-01
-2.018361593964741740e-01
-1.207010064219826928e+00
-2.479486195703044515e+00
-2.815667857529561058e+00
-2.815667857529561058e+00
-2.815667857529561058e+00
-1.808556478953614821e+00
-8.552812134192244731e-01
-4.094561650090197125e-01
-4.226937114418771735e-02
3.418063541923259119e-01
4.312250497108549019e-01
1.391978727177965447e-01
-1.331209711421885433e-01
-1.293044188730468891e-02
4.423830088281647810e-01
1.031748463486765077e+00
1.530264906480375720e+00
1.878996078070819031e+00
2.077493079991215463e+00
2.008322218941959392e+00
1.581390828721876085e+00
9.595836430531687888e-01
5.767006277601293140e-01
5.333433475554660852e-01
6.003405153795623450e-01
5.898516746007660405e-01
5.062399398668508965e-01
4.893438491566477477e-01
3.646502198102473113e-01
-2.201387963055091157e-01
-1.382730149967547284e+00
-2.311407927152316244e+00
-1.999577918901715323e+00
-1.230985961103621573e+00
-1.248147124907146077e+00
-1.517897571851978267e+00
-1.345486874648988307e+00
-7.802072510625003288e-01
7.849205829676067503e-02
6.564397102375769677e-01
4.777678703330739962e-01
1.116224476027274093e-01
1.993220046585165994e-01
4.436293498247982359e-01
3.462951459012296729e-01
-1.130608090459226112e-01
-4.206460131622694609e-01
-1.167901456636946944e-01
5.095043199012107005e-01
1.013269658109238192e+00
9.082490677915161514e-01
-7.585295845826535432e-02
-1.121318535462595412e+00
-1.469703071270309414e+00
-1.105149324819776124e+00
-8.057246228021969214e-02
1.021923163143134472e+00
1.072177414882823587e+00
2.104489156775765368e-01
-1.776932508663681132e-01
1.911021807987777488e-01
3.231249843554641066e-01
4.430372510103192454e-03
-1.917834518100829111e-01
-1.570540637722492860e-01
9.907196839537024680e-01
6.198157877895752454e-01
-5.355759134596013160e-01
-1.049886400578806223e+00
-8.235141416626254873e-01
-7.849236205351426410e-01
-1.209434660680274165e+00
-1.581519480135539446e+00
-1.759124423504998980e+00
-1.972098166235198402e+00
-1.884548201214656826e+00
-9.933285923888095503e-01
3.507487722273214814e-01
1.196588745768100370e+00
1.011349597397276812e+00
4.557325494715567249e-01
6.348169678012818284e-01
1.291551288313939061e+00
1.308538130475921379e+00
7.498235624131213140e-01
5.484727567891283240e-01
9.805701318080758400e-01
1.626927399562744236e+00
1.840155400643457284e+00
1.279406673019517493e+00
2.902354531418955275e-01
-4.201993256905208196e-01
-2.702727813221412756e-01
2.941144010280681287e-01
2.079016746630638623e-01
-2.708018754501117509e-01
-7.490162079116841412e-03
6.774128803150561984e-01
6.560308028105902300e-01
3.042909052932387115e-01
4.165885299123670005e-01
7.865228018094134743e-01
1.032056699728937543e+00
9.855121494656781111e-01
5.048047594294825524e-01
-1.069021803407222693e-01
-5.096993362527767191e-02
5.831072325884882890e-01
9.120800654507715821e-01
6.223476337816388204e-01
-6.833071102793594753e-02
-5.689229429071424038e-01
-6.312872293036508875e-01
-5.783669511243550998e-01
-4.661051219035719506e-01
-6.091462937355790475e-01
-1.324384954382832547e+00
-1.988617400054087270e+00
-2.003605757354400829e+00
-1.679621410854761132e+00
-1.378854583633580377e+00
-9.003086383263939618e-01
-2.784081051283495700e-01
2.106910528620072887e-01
4.917177569049978603e-01
4.702823160392606838e-01
1.785556149486361155e-01
-1.117544209223612639e-01
-2.809722119460135725e-01
-4.985866380395811426e-01
-7.169533044713882752e-01
-4.147270383131464455e-01
2.842324433162285446e-01
2.228166561254686928e-01
-8.762936394105272919e-01
-1.760631167181638812e+00
-1.531088939678110661e+00
-7.841798038881667710e-01
-5.412702041670028885e-01
-1.015258629382418176e+00
-1.371060456071889089e+00
-7.539089421786890899e-01
5.534529213208171372e-01
1.286377763830662824e+00
9.189942707716560744e-01
3.702322747397730485e-01
3.289531236195803454e-01
5.385179463716952553e-01
8.516526718188681677e-01
1.273564488156879726e+00
1.372314279140420368e+00
1.074979331948555439e+00
8.496600066518664729e-01
7.044851891840876457e-01
4.889923920975943195e-01
4.952563319584155632e-01
1.193382719419974425e+00
2.439397693537769474e+00
2.736627915796348454e+00
2.353279454482203104e+00
4.672490039723891098e-01
-1.091833300104606996e+00
-1.699862797409382287e+00
-1.782857990825350791e+00
-1.560583842111270547e+00
-1.029820243290555437e+00
-4.987890199186920670e-01
-3.462495863178241540e-01
-5.375930849069049389e-01
-7.449901469742939986e-01
-8.734567407424429497e-01
-8.573624029727733298e-01
-4.604242205412027444e-01
-1.482758048442056331e-01
-3.299941302590338466e-01
-2.204245400007374400e-01
4.803039930066327345e-01
8.625124405044684028e-01
4.062574733901016533e-01
-4.005003352006174522e-01
-1.064150301298239842e+00
-1.543064879971748349e+00
-1.537694549690847179e+00
-4.412070736370722335e-01
1.181445567707486877e+00
1.643188217462911327e+00
6.800832619727092965e-01
-2.774162140754292682e-01
-3.697253288997034426e-01
1.637741842778443757e-01
5.090745953330121365e-01
7.595331253746196234e-03
-7.484248090899050521e-01
-9.628213942601904218e-01
-7.716944209897013129e-01
-3.389772897415245234e-01
4.182063893287087941e-01
1.235670310062241706e+00
1.509745892135441636e+00
1.008020807123502838e+00
2.771884704418459688e-01
-5.322494634672867431e-01
-1.682173590851739453e+00
-2.248938423817485877e+00
-1.346946336733206628e+00
4.351011110409458427e-02
4.897232281665555576e-01
1.393651799889878695e-01
2.198167049470746079e-02
5.197129939934873599e-01
1.052392403520908459e+00
9.295688642896946519e-01
3.547925358296925014e-01
-2.119386886207829668e-01
-5.820839929592995787e-01
-5.514395118178959665e-01
-3.201001897708073973e-01
-2.349948827880314339e-01
-2.334120543490076916e-01
-2.235729297073860145e-01
-2.025947417270063389e-01
-5.694184514979154510e-02
1.003393548957510206e-01
2.242561285054036069e-01
4.943007554107612389e-01
8.011073311320966450e-01
1.114213298065053426e+00
1.720857082448185693e+00
2.382423896900829785e+00
2.213943204969342826e+00
1.188487387139848250e+00
4.807602856079029596e-01
2.628206267407549590e-01
-2.143853183585765765e-01
-6.435775622321977529e-01
-5.837903345131686406e-01
-5.397194732954156970e-01
-7.429652556193950819e-01
-9.023558080972813311e-01
-9.651753810142702505e-01
-7.039993563401976129e-01
2.337624861999635650e-01
1.319551067591744564e+00
1.463099902271738140e+00
7.768985317217250719e-01
9.065469960095952351e-02
-4.634024922723692930e-01
-1.134073937788769415e+00
-2.004242625665488386e+00
-2.632479931353642666e+00
-2.216277509748458829e+00
-9.192530998447777657e-01
1.272787623139382818e-01
5.774845119422203910e-01
7.882456150485318558e-01
8.763014123164277747e-01
8.331286803623400017e-01
8.319241992577677269e-01
9.584295660354195112e-01
1.111026276995180639e+00
9.683525359425730894e-01
3.069947562070539648e-01
-3.736116847845378230e-01
-4.384279712910624238e-01
-9.809113653715570424e-02
5.443504551120026402e-01
4.261738596059363449e-01
4.859165406396392384e-01
1.036105183955053910e+00
1.454170673147963555e+00
1.343999854752501166e+00
8.410902766136577613e-01
2.247104382478470608e-01
-3.509495028121984994e-01
-6.149078383664999814e-01
-4.476507166007653860e-01
-2.176192806711614580e-01
-8.940024877793781299e-02
-1.285763899611965522e-01
-4.741943009089594208e-01
-6.549610388607440825e-01
-2.774289254617726685e-01
7.205036016820441647e-02
-1.648904456196377821e-01
-5.801603126001104727e-01
-3.817210373624851938e-01
3.794734642944878056e-01
8.557076971084101036e-01
5.612519498742037927e-01
-2.661680412786364136e-01
-8.236279182034673685e-01
-5.853672862089898121e-01
-2.437967670053357849e-01
-4.304651177005658358e-01
-6.354089380135733434e-01
-5.950350021081951546e-01
-8.249836892520959752e-01
-1.266594796173903692e+00
-1.326463458282484131e+00
-9.465737516541506968e-01
-3.483413264784959162e-01
1.689884548996231084e-01
8.735642086744911661e-02
-3.613756265933769085e-01
-3.810019754745299081e-01
-2.140816012233292751e-02
8.110766906603640580e-02
-3.397972571461073676e-01
-1.069565492175294175e+00
-1.610881651829906724e+00
-1.419945849591076614e+00
-4.952982807343020988e-01
2.630407470571333173e-01
1.777845230504961904e-01
-2.725389176500109256e-01
-5.739214958400560285e-01
-8.684141371114864061e-01
-1.008518982610034476e+00
-4.697439990558126000e-01
4.600315068962515519e-01
7.082316160499266822e-01
2.272136722129381170e-01
2.583786176266523668e-02
4.060663422261310274e-01
8.390220358659296052e-01
1.040775891045673029e+00
1.099205627509445948e+00
9.522523380798709747e-01
5.892665496009273918e-01
2.581067682736757907e-01
2.947853835329777850e-01
6.270535501796491440e-01
6.120860713215182658e-01
5.330662514645368999e-01
1.210015914705770301e+00
1.941239471300845842e+00
1.944222690598186531e+00
1.707258723113861176e+00
1.570387100279251769e+00
1.525959452139810324e+00
1.525957493639479523e+00
1.534875485387714678e+00
1.704244849423451669e+00
1.717085066230226387e+00
1.163872760132226958e+00
5.320727136896344911e-01
5.189207934333798233e-01
9.219313173455575550e-01
1.214230915341576678e+00
1.193943114965247521e+00
7.078248806230627022e-01
-1.292245870348016912e-01
-7.138108820709209157e-01
-5.837195962047017073e-01
-7.290107772673103115e-02
1.183391429310171744e-01
-3.673666918794472602e-01
-1.291328685303216872e+00
-1.941026845197362904e+00
-1.921961964837912484e+00
-1.573532939451361523e+00
-1.279488924646258408e+00
-9.289779783295335491e-01
-3.926460273314837102e-02
1.287655284464733763e+00
2.055221118653110857e+00
1.762443839621995245e+00
8.708043720158157308e-01
1.898274083208929819e-01
1.926492995669111530e-02
-7.880673527098617723e-03
-7.575617272040449657e-02
-1.984024292487394370e-01
-3.602357958446081865e-01
-4.417417437757114596e-01
-5.150652021235546663e-01
-7.726527862356084020e-01
-9.318289452669215045e-01
-6.463893214144592614e-01
-1.680023216701487798e-01
1.883107475272443598e-01
4.814306105763836441e-01
9.682553482868573314e-01
1.679154401679815445e+00
2.228571421052082613e+00
2.064374353398886086e+00
9.717920255685894571e-01
-3.177761368030793121e-01
-9.450299708170184498e-01
-1.054042145653022899e+00
-1.214897637598346902e+00
-1.308783502056547254e+00
-8.442575136127354885e-01
7.842305467796269192e-02
8.654159229993189095e-01
1.059864209165932936e+00
8.158779388169042912e-01
4.589944973773502079e-01
-8.772225459255870994e-02
-5.698615316875470516e-01
-4.969277599401981660e-01
1.332047466212854525e-01
8.888391296104042327e-01
1.074567881030179528e+00
4.815557441114598491e-01
-1.719168482895419015e-01
-3.823446009898985865e-01
-3.122715934761112200e-01
1.238318702774581920e-01
9.971428533829683749e-01
1.507942662016691138e+00
9.705623345288113546e-01
-1.504323829210123531e-01
-9.671590127555461658e-01
-1.150146970048375739e+00
-1.179959356029450124e+00
-1.375543893536161466e+00
-1.554988663167235829e+00
-1.602964055204688654e+00
-1.494353453667958131e+00
-1.162750038427748045e+00
-7.766067455732619251e-01
-6.678195211261150899e-01
-8.411007816407839455e-01
-1.073189378390188464e+00
-1.201296886161031807e+00
-9.445159580131555765e-01
-2.317917033648860536e-01
5.722068452326365406e-01
1.375105268256904711e+00
2.137304442749595967e+00
2.642332704408464572e+00
2.720550522432235052e+00
2.386768070239882800e+00
1.567336371354860702e+00
7.166442971063581302e-01
1.673337756839211876e-01
5.951546564762046770e-02
8.751763387859400056e-02
-2.265728321318242477e-01
-8.488812845055387912e-01
-1.475198721482416486e+00
-1.908626338821311608e+00
-2.130482898674865400e+00
-2.215956304176887048e+00
-2.056284930194126392e+00
-1.660418827998689117e+00
-1.285774104394028505e+00
-6.960454629063762555e-01
6.450553600739775129e-02
1.282703691031055193e-01
-4.249134088410422283e-01
-5.586256979542214562e-01
-2.445917413431460130e-01
-2.288348436422829035e-01
-4.805433371116006880e-01
-5.388171944594801754e-01
-4.386604456364666671e-01
-4.451684815886248203e-01
-5.273897011273737112e-01
-5.123755675678838273e-01
-2.897473860374109034e-01
7.825436243593367203e-02
2.623540348440226433e-01
1.846276047957234323e-01
1.004722202680727650e+00
1.434807817640025407e+00
1.577003580943372674e+00
2.032328989743285241e+00
2.584352892698238424e+00
2.288784381445140514e+00
1.206200652773290694e+00
5.464225862262844791e-01
6.274854550690938115e-01
4.986339471148134583e-01
-4.106590812031873372e-01
-1.602540310835399273e+00
-2.134913736683305974e+00
-1.617797053054281564e+00
-4.685931456469504264e-01
6.398968964361613221e-01
1.141858990657317330e+00
1.074017135022248048e+00
9.199502607002169041e-01
7.879735152047920854e-01
7.010047289301798434e-01
6.862564739160837979e-01
6.594353501004943663e-01
5.237017975492433974e-01
-3.061379638482399079e-02
-7.335926087767875581e-01
-9.527634424646520550e-01
-8.270419192702462841e-01
-8.944412428619190614e-01
-1.275403630702102387e+00
-1.463922315223139758e+00
-1.200307306542702346e+00
-7.456894946145823377e-01
-2.234052232991359521e-01
1.985441497911663855e-01
3.082647971939111442e-01
3.315376144557400512e-02
-4.550986240091269286e-01
-7.354772675378278279e-01
-6.466967974421105048e-01
-3.064183022812139723e-01
1.910740833031218944e-01
5.990298152541025933e-01
5.241852321777644708e-01
-5.376958828974990473e-02
-5.539120828720158762e-01
-5.252772486404171381e-01
-2.952232598204787561e-01
-4.497469596407944192e-01
-1.146569848168307537e+00
-1.608914933903363931e+00
-1.090959927790041251e+00
-8.403075044878366429e-02
4.225843789465302813e-01
3.138163777080366784e-02
-6.415306753640243054e-01
-6.142565581071136593e-01
1.068173891982148738e-01
5.843852840708183560e-01
3.071790457903558202e-01
-4.904209359065928031e-01
-1.198613751610093203e+00
-1.429780033896219660e+00
-1.262809057996361783e+00
-7.962431789853324782e-01
-3.143028625672789622e-01
4.363802949610410403e-02
6.946684998344032635e-01
1.420878010582581563e+00
1.369145414361419233e+00
4.197722204513105182e-01
-7.524998752993690143e-01
-1.304185926867288847e+00
-9.526848793332016729e-01
-2.290860494152415217e-01
2.852723636016125663e-01
6.024111407781755911e-01
6.207270385834157134e-01
2.285138505477967430e-01
1.312372350073888194e-01
6.527792778211389813e-01
1.008850019793187336e+00
7.931752189568362921e-01
6.071672837647648091e-01
8.829199743047601023e-01
1.100638017109625499e+00
4.487803291346609824e-01
-8.441667840268733958e-01
-1.488728955857866465e+00
-7.906360254046773672e-01
6.101898207770881655e-01
1.645965313440986177e+00
1.684388011002883712e+00
9.078253114686316572e-01
8.760260086411815472e-02
-2.666194575227607833e-01
1.657290140021143443e-01
1.120668840546547695e+00
1.586560056672212449e+00
1.175243537600140664e+00
3.300974907089479493e-01
-3.239349579012938407e-01
-7.644669414977091071e-01
-1.377118781248799051e+00
-1.703399627534381455e+00
-1.163079626657500976e+00
-3.345874618917443755e-01
1.395606049361917678e-01
4.892597420298813726e-01
1.026872132987427522e+00
1.349692274344914233e+00
9.554015889874597489e-01
2.227349118466975253e-01
2.920782722589909328e-02
3.345583194032821783e-01
3.876108669562345344e-01
1.504589046293883792e-01
6.660718597986772446e-03
-1.499452609495265099e-01
-3.544110379443790593e-01
-1.698107978603496937e-01
4.092298023426452214e-01
5.756205028577522365e-01
-2.214228680285646594e-02
-7.000710043510841585e-01
-8.790893648958504336e-01
-6.346421763875217392e-01
-1.356068590627058923e-01
3.586116629589032878e-01
6.290808416664369629e-01
9.354868463530310319e-01
1.244000038956184495e+00
1.057241122828252333e+00
4.791740786194502166e-01
-6.841317768836420454e-02
-4.416704193112088728e-01
-1.999028509738279835e-01
6.685365519380985777e-01
1.217664316944157221e+00
9.935946726212273594e-01
5.191824075028024232e-01
1.964833063805061231e-01
-1.864935665950085975e-01
-5.775265260958478697e-01
-6.014288965143063104e-01
-5.321032160786659526e-01
-8.380794669403327513e-01
-1.222425918445251725e+00
-1.092688814729341429e+00
-5.655173170292754348e-01
-1.320552492392643995e-01
-8.343322194598405683e-02
-6.637606249919260071e-01
-1.685260653161497979e+00
-2.441428205325399503e+00
-2.473029353736686975e+00
-1.954148650334991189e+00
-1.285553390223596271e+00
-7.988451945349186456e-01
-4.772211103236341789e-01
-4.394727627698233330e-01
-1.129667756301744097e+00
-1.968002254764534831e+00
-1.889470949651888887e+00
-1.055025968205377751e+00
-3.085932760009456599e-01
5.828401018899973668e-02
2.926896967400375305e-01
7.686137666234919008e-01
1.346265241843447091e+00
1.567616755054621169e+00
1.786759695317968299e+00
2.117983929495670381e+00
1.738443938831770952e+00
6.196927032702331806e-01
-2.748127310015033853e-01
-3.863839339680725793e-01
3.652950296963110993e-02
2.790947346171986920e-01
-1.877633301811992284e-01
-1.207465483194125833e+00
-1.884825317728457295e+00
-1.865784286605325137e+00
-1.773630572496919688e+00
-1.537513855037971888e+00
-7.967131204827572200e-01
-2.017267140126037250e-01
-2.315346460256726135e-01
-3.422584314944744910e-01
-2.278359624631269287e-01
-1.430236756721450508e-01
4.508057202100285155e-02
7.567024601106615567e-01
1.856227013760031408e+00
2.372058464960581148e+00
1.881073680855827046e+00
1.201355533314984791e+00
9.638593366955803265e-01
1.039549375985329371e+00
8.250563362533372969e-01
-6.141561293636828012e-01
-6.332753532118982065e-01
-8.599516815224622635e-02
4.142891074055899958e-01
5.305009176684882810e-01
2.219716573030040829e-01
-1.196319705731054839e-01
-6.415183365137526461e-02
-2.068906362716344937e-03
-4.164426685351814705e-01
-1.164864606745870113e+00
-1.713827166729662066e+00
-1.621329956178901632e+00
-9.309098388840687521e-01
-4.565479118324249769e-02
5.680720768858938952e-01
3.906473680476398314e-01
-7.461143321561787278e-01
-1.864435087233127009e+00
-1.908827659683972389e+00
-1.119191244703524157e+00
-1.386195312353008247e-01
7.157119805968672477e-01
9.400012038803273740e-01
5.037987641337775546e-01
3.399802161022538183e-01
1.060552594943468652e+00
1.816722155856713705e+00
1.501025556241331271e+00
2.644915409693006092e-01
-9.245225100741287783e-01
-1.403075267111241864e+00
-1.262466556700768683e+00
-8.553296694854564119e-01
-5.822669057148112115e-01
-4.289341420505173863e-01
-8.882582382742551519e-02
1.790512276762444566e-01
3.479422778337621924e-01
7.952488352643911629e-01
1.149539829071329899e+00
8.811374176509365608e-01
4.223752024385744042e-01
3.523675676101643561e-01
5.650718267936253314e-01
7.920653101333883228e-01
7.926402399705660962e-01
5.608018917994624930e-01
6.861671765949571844e-01
1.121360668911910219e+00
1.066960836985640260e+00
6.321479259438943510e-01
2.613382126565855224e-01
2.882708009568477059e-02
2.441576419574171819e-01
7.662873470352421501e-01
8.453371149255531902e-01
2.793971716010579254e-01
-1.214298661070309232e-01
2.833383068012992889e-01
7.530250430429978881e-01
5.956347098214995750e-01
5.068996448318773274e-01
9.612394761327009984e-01
1.313808632353842265e+00
1.113100606216060884e+00
5.829108684559676234e-01
2.174266271677040563e-01
2.215484329624749782e-01
2.894673204566802771e-01
-7.441338706867623061e-03
-7.939811955120561482e-01
-1.523163124578841732e+00
-1.613813265602584757e+00
-1.399638864335444044e+00
-1.234336456036912111e+00
-7.848891257097815322e-01
-2.242503376742323029e-01
-2.226521591446671000e-01
-5.770775097293211475e-01
-4.227289781207363428e-01
2.800709659825899034e-01
8.292729841363978283e-01
1.054715990573976248e+00
1.518011934759854187e+00
2.222232114102900891e+00
2.217962829772575528e+00
1.399162534199788865e+00
9.001543181768414392e-01
1.562669664335492259e+00
2.598183612346634419e+00
2.502705104700209571e+00
1.176273022734215523e+00
-1.710093479014567763e-01
-4.241442164978125873e-01
4.611924143820260724e-01
1.457341980791291736e+00
1.793294536668128325e+00
1.550568443148596431e+00
1.070425142113799133e+00
6.245548748513969350e-01
1.522372428710339065e-01
-5.095492523775051463e-01
-8.638072873226859683e-01
-4.589643383163420909e-01
3.185850059119083588e-01
8.718020859939424883e-01
8.617803377886658067e-01
3.066361499941521185e-01
-3.582627144897465588e-01
-5.394372547034862464e-01
-4.043699613324562847e-01
-5.842629519455567744e-01
-7.371685217389813971e-01
-3.048713820254738693e-01
3.112744995990187613e-01
3.940083319419618868e-01
-2.351022540155573992e-01
-8.628744409467759002e-01
-8.274602986034379493e-01
-3.051679441839137974e-01
3.407683738143533758e-01
7.114580949428859213e-01
5.137927454433575125e-01
1.031258199707370538e-01
3.930270896698698918e-02
2.999091552369689828e-01
3.543637345362603552e-01
-1.434226926548209657e-01
-8.439913106869374460e-01
-1.254818409280203717e+00
-1.181653601766060380e+00
-6.194735206920307657e-01
2.381096950205457974e-01
1.195849999059315882e+00
1.613115239770838372e+00
1.062483489499865152e+00
3.962582508992236741e-01
1.728319094246344167e-01
3.999841685707508643e-03
-7.603265762593983124e-02
2.047064134755413878e-01
6.014328950927971817e-01
7.629635188388947942e-01
3.780206133782577638e-01
-3.476821309910771429e-01
-6.561637124766752649e-01
-7.498031344903145490e-01
-1.250837072210078116e+00
-1.578496939898462736e+00
-1.232395292641799367e+00
-6.310971540868656193e-01
1.013480980494894934e-01
9.517914432405528702e-01
1.455949241279286932e+00
1.199111550929707448e+00
7.316027942751769653e-02
-1.308971458743693583e+00
-1.928623785694815851e+00
-1.637533921660856873e+00
-1.368790989387518975e+00
-1.635019964487089084e+00
-1.633723906720143892e+00
-8.505289710519561286e-01
1.285052496882388151e-01
7.782014357755369094e-01
8.420543375955125143e-01
3.216696142524040902e-01
-3.337162789619125269e-01
-6.660757824055963949e-01
-7.449825998433018404e-01
-7.609692405757813027e-01
-6.675969569361739353e-01
-6.100283421394269157e-01
-5.852693678900849905e-01
-2.029682425263073242e-01
7.738458468910894839e-01
1.864411274476244218e+00
2.283952504583221188e+00
1.792556949596485039e+00
9.163386543431738529e-01
2.497045709362619437e-01
-2.385024283734799022e-01
-5.959972033913857326e-01
-3.749193441415448191e-01
3.333935583658569901e-01
4.623879083243083721e-01
-2.815351044154557059e-01
-1.197781074849532557e+00
-1.869409307632216244e+00
-2.116450734733748007e+00
-1.750471106582438319e+00
-9.494724864302815925e-01
-4.771072659731038224e-01
-8.419353212438096534e-01
-1.654321580064714858e+00
-2.353364214095563511e+00
-2.527315752966766915e+00
-1.944701785514240999e+00
-9.116550937753237216e-01
5.230022655269817022e-01
2.767156235446516233e-01
-3.055587475755919269e-01
-2.836237459202505806e-01
-4.229472495509883218e-02
-4.058520021616762175e-01
-8.957926674326893712e-01
-8.705069858774334701e-01
-5.775233763144764776e-01
-1.710537688155262803e-01
1.793260224988132701e-01
-6.150064585229435971e-02
-5.920347086135399062e-01
-7.751619558287606848e-01
-6.172701475965846063e-01
-2.854384127414800187e-01
9.301317349735800655e-02
3.931322145090143105e-01
3.122919035776184349e-01
-1.599078487753314570e-01
-5.072619238360024374e-01
-4.804346623977898134e-01
-2.561295619901793885e-01
-9.344332555167153553e-02
-3.063142115156239353e-01
-7.727123931628013809e-01
-9.152096987008724316e-01
-6.385537206230396112e-01
-6.684230556316782534e-01
-1.240661280259154564e+00
-1.583846875924692865e+00
-1.299954549801069392e+00
-6.595821357507346550e-01
-6.288867578678852821e-02
2.474440002665946881e-01
4.639861774230749081e-01
8.148245129207123405e-01
1.286316795704592897e+00
1.535693458134808287e+00
1.076315383632191702e+00
1.765480523917246436e-04
-1.004576059584727510e+00
-1.251430776127392175e+00
-5.145410678097235291e-01
7.522691019724550010e-01
1.645509537097218145e+00
1.634007810890406809e+00
9.204655195227469111e-01
7.741750364735995593e-02
-2.692129341056672120e-01
5.196718377379505593e-02
4.438352363860189609e-01
2.950059398253965792e-01
-1.531697175918310949e-01
-4.636792439993870918e-01
-3.949201205039979401e-01
2.590258230228638103e-01
9.307219281102004915e-01
9.675623434464030170e-01
6.514657811164124013e-01
4.668933736269469947e-01
7.433096628440661879e-01
1.337067123194425999e+00
1.464669563295833310e+00
8.936286331682032902e-01
3.289980274697748563e-01
7.546640131102792803e-02
-4.824086781937568236e-01
-1.418486756705130247e+00
-2.083411460754426514e+00
-2.397314559317922811e+00
-2.242647471202437792e+00
-1.304125991873592794e+00
5.935903788726862307e-02
1.319856903478510812e+00
2.127177981497713422e+00
1.995827431798541163e+00
8.674235329305970410e-01
-2.323845750922315656e-01
-6.079324251216223773e-01
-6.833521287638139041e-01
-4.620393036693739575e-01
1.225457514963687461e-01
4.852901524332784433e-01
6.387329880048125963e-01
8.547500191659106461e-01
9.496336221778034492e-01
9.881539964212776583e-01
1.033843838454217678e+00
7.839809504809582830e-01
1.216443347446697909e-01
-5.798473160610575494e-01
-1.041487500132728838e+00
-1.399414436962469255e+00
-1.708987654441250781e+00
-1.847247844160795571e+00
-1.849982816257505380e+00
-1.743582676326157488e+00
-1.222480023624695544e+00
-1.861457839488452892e-01
6.064190542766847436e-01
3.847499976711376002e-01
-5.083291215651118966e-01
-1.202779562217624054e+00
-1.213647025394046119e+00
-7.487796264245378808e-01
-2.412799688971544176e-01
2.010558082344935382e-01
6.481674305343996245e-01
8.867775174262224613e-01
5.981816496535415917e-01
7.295946642891076861e-02
-1.149423205656985719e-01
3.466910314268214360e-02
-6.733066657809831657e-02
-5.614683665649268240e-01
-7.351833053223869596e-01
-1.218282758954123274e-01
8.908949020844386668e-01
1.489235517339991155e+00
1.323965721109839455e+00
9.529172546261742704e-01
6.986130291456104091e-01
2.381900947580490036e-01
-5.430757569386146510e-01
-1.244066986976336331e+00
-1.545904451319569661e+00
-1.688949849508111889e+00
-1.643180848860906096e+00
-8.696885460540848545e-01
1.081859309185129181e-01
-8.085044698584407659e-05
-5.934806345746730383e-01
-4.760342731616276635e-02
1.357600914397236735e+00
2.007676050532632761e+00
1.294525351617336284e+00
1.026562174858469678e-01
-7.366622311932294886e-01
-1.150990411377764921e+00
-1.340412718943950976e+00
-1.196188699210724904e+00
-5.382460702331350877e-01
1.677202950679430593e-01
5.663416821681458435e-01
5.973553794839160380e-01
5.508782752772443253e-02
-6.915129949329759107e-01
-7.817284869024514471e-01
-1.737114587660440190e-01
4.201235058013302881e-01
5.838589517628417491e-01
5.008404047374276358e-01
5.970787339341517841e-01
7.614178668782329851e-01
7.016277023107945210e-01
6.558315631451411276e-01
8.448928675209012029e-01
1.203238840158098455e+00
1.558159979973822162e+00
1.609670512992675606e+00
1.110606662122317623e+00
1.908137426501286815e-01
-5.232275524257459232e-01
-5.506533481193685020e-01
-1.351299726553557012e-01
4.849992631915964192e-01
1.172434405657317047e+00
1.586429600243660865e+00
1.834066807676958399e+00
2.134271656935690764e+00
2.337104743125480777e+00
2.314688781712051835e+00
2.059836035391664488e+00
1.658446828505635295e+00
1.382698944482616543e+00
1.379596740840169034e+00
1.497057752066512704e+00
1.411881730564917836e+00
7.037514476212286541e-01
-3.415673547648045427e-01
-8.056995196470494447e-01
-7.701309755554588410e-01
-9.336449341825687753e-01
-1.240368939445751773e+00
-1.283631616669123288e+00
-9.447748707004340885e-01
-7.564820712747866160e-01
-1.059819424337816063e+00
-1.423546699660596992e+00
-1.478933536898976664e+00
-1.104061134745462081e+00
-5.425555883502779508e-01
-4.035857243839703346e-01
-8.685724376387382595e-01
-1.444862665783772204e+00
-1.459468495983301972e+00
-6.463608488585715905e-01
2.466345306959891737e-01
3.761235944749091731e-01
