7.847213571692385203e-02
3.488793693145150199e-01
4.353166948084283838e-01
1.050076074128702130e-01
-1.569042149617551341e-01
6.147347888303744678e-02
6.285897977802462622e-01
7.827543001471060080e-01
-3.156990351032429309e-02
-1.127386422490642470e+00
-1.442615900942436191e+00
-9.902249194255081655e-01
-4.170987470871076463e-01
3.713226062563992208e-02
2.378984724202720669e-01
3.442492943008657741e-02
-4.432575206908602183e-01
-1.194761401847102444e+00
-2.354315327563042626e+00
-2.758942545169115412e+00
-2.758942545169115412e+00
-1.934586180247244602e+00
-5.662893514547374663e-01
3.270079505112333251e-01
6.153438119925236371e-01
4.789640744926400018e-01
1.731633667430191037e-01
-1.122832869242146453e-01
-4.658205099227096802e-01
-8.742693170722704021e-01
-9.509814690986219121e-01
-8.160145400036521446e-01
-6.494741585983239140e-01
-6.381386035799599399e-02
6.854463235309639080e-01
6.507877756533476665e-01
1.392163314989275924e-01
2.279198556748068261e-01
6.801996138849327744e-01
7.595929859372403392e-01
4.652522518480125546e-01
2.447124069366997112e-01
5.583134821477975240e-01
1.082148074621294143e+00
1.105697935960373579e+00
8.290626657188153725e-01
5.318631717068461606e-01
1.177928380064501360e-02
-6.146133992617289765e-01
-9.024714319283712038e-01
-6.938590950231801058e-01
-3.442468794308684021e-01
3.860796502833193505e-02
6.388661949737436396e-01
9.813210205371375450e-01
5.820196010821026000e-01
-9.637974740858330086e-03
-1.739410133393938518e-01
-1.315422165577364855e-01
-2.315235072014630024e-01
-4.312648357066287130e-01
-8.227235705860531656e-01
-1.307119527689622140e+00
-1.226075154219816943e+00
-4.784845367383391279e-01
1.100581608741954404e-01
9.809745737192296366e-02
-1.718329989599182983e-01
-3.843642692960009821e-01
-3.028558602921000986e-01
3.414462997072435502e-01
1.185487815407948009e+00
1.302171856593139054e+00
4.097648865988950950e-01
-5.994555137253466670e-01
-7.043773338351531077e-01
2.229871759095285177e-01
1.354442874677084241e+00
1.898086636997641241e+00
1.902081264701875218e+00
1.429295147985781833e+00
2.114237998814852693e-01
-1.400020233455398833e+00
-2.108320640151848835e+00
-1.555580719378485188e+00
-8.857915676684311457e-01
-5.487431883165941882e-01
5.070231905131337632e-03
9.367826650505679531e-01
1.792791627604699789e+00
2.192433354635332066e+00
2.135190550365595019e+00
1.481981578945832601e+00
3.218513502429844464e-01
-4.824062883333275487e-01
-2.950456435376694331e-01
4.708700367175932544e-01
1.104784167288094476e+00
1.129442859536939014e+00
6.163769997635255571e-01
1.686165740196931551e-01
1.463553487247227537e-02
-7.205021635948277714e-02
-1.968844169653761467e-01
-5.818181940370356631e-02
3.747036853622929264e-01
3.056528744899134620e-01
-3.849433512817658221e-01
-7.514941287985780205e-01
-5.091512715833438341e-01
-1.946711262169731615e-01
-1.256678819215860110e-01
-1.301740513006634792e-01
-1.749118014456530479e-01
-4.431854078345042192e-01
-7.336285017844811351e-01
-8.366202572806232807e-01
-7.329298474149491538e-01
-1.424305510215237713e-01
7.786476832215475374e-01
1.137329794594823973e+00
5.669269831748949828e-01
-2.871936047503861889e-01
-6.216881495875529184e-01
-4.770623477837817594e-01
-3.036881147680459136e-01
1.149715410743057803e-01
1.102025036120861001e+00
1.938215066989843471e+00
1.441621766247553449e+00
-7.436125239468102666e-02
-1.099341494073427627e+00
-1.314598580677603268e+00
-1.498948810587747094e+00
-1.855260186391083810e+00
-2.117224548331510192e+00
-2.118159994367343035e+00
-1.784418517588091335e+00
-1.309830099034742679e+00
-7.097757426733920516e-01
6.513978525235432533e-03
2.621713846898318656e-01
2.010187007849764951e-01
5.162118319628045127e-01
8.828741447642860507e-01
6.715382536933718338e-01
3.440392583652744363e-01
8.031104610314254710e-01
1.883238297722618304e+00
2.459874742307895712e+00
2.125889862770599770e+00
1.507300393154148210e+00
1.037924414996997946e+00
6.449703307409022646e-01
-1.258531973939261972e-01
-1.018143170998522029e+00
-9.621626174668113096e-01
5.485638220337187010e-02
9.488367682466706254e-01
9.136943438156097663e-01
9.899336581648948696e-02
-7.267937741757275472e-01
-1.006002107657728128e+00
-7.871609621437190007e-01
-4.058335278719477079e-01
7.127331653241684994e-02
4.071094673469211611e-01
3.550043418715805310e-01
1.721138192250840082e-01
-4.960023623075048710e-02
-4.262749387082729879e-01
-8.152498154908695005e-01
-1.042058057706287233e+00
-1.112358687016058889e+00
-1.271746106074797655e+00
-1.514642696032894476e+00
-1.483287838065696862e+00
-1.118389137547852741e+00
-6.665389959246844631e-01
-3.322269638686985438e-01
-4.474824548567095384e-02
4.862107889254921322e-01
1.193429622880197494e+00
1.566480687162157714e+00
1.368100774442721823e+00
9.403146570308834606e-01
4.435085976168485211e-01
-8.930513401457294831e-02
-4.553920371260847810e-01
-7.883132581906019398e-01
-1.269964535716153309e+00
-1.502571100431298268e+00
-9.195884324253573716e-01
2.233967286479141834e-01
1.216697923702105166e+00
1.837347787176491387e+00
2.192517352877040082e+00
2.155188378646088587e+00
1.726293177833256198e+00
1.036986302037192109e+00
-3.294115667292314975e-01
-5.627590855896346111e-01
-3.838080847864028811e-01
-1.194786108125386603e-01
-3.804532730189792988e-01
-8.643320956593293358e-01
-1.012152618856019481e+00
-9.715901129497255262e-01
-8.262104492546115120e-01
-5.305318258676499088e-01
-2.309406292023120089e-01
-4.104903325566342659e-02
-4.430516331278585955e-03
-1.559395813869073749e-02
3.611520849266307009e-01
1.057739353034162333e+00
1.338335150441671395e+00
1.064897902188485457e+00
5.682219859974360077e-01
9.450357232617265235e-02
-1.519617969374055244e-01
-2.863749465847332809e-01
-4.015488018787180535e-01
-5.004270527703625904e-01
-7.201163409784232527e-01
-7.930589555050380213e-01
-6.749226828898288177e-01
-8.400284618099680412e-01
-1.121460784798063326e+00
-1.056468841501270850e+00
-6.797012200538428139e-01
-2.340679097370763628e-01
8.960817898612433163e-02
4.523811064633335988e-02
-2.682871686236441566e-01
-3.597029606557341497e-01
-3.502236727155348672e-02
2.232104698875312931e-01
4.059548766111005513e-02
-4.450599274884071144e-01
-9.440812838757656200e-01
-1.041622168760654610e+00
-5.735788194476520996e-01
7.138649835994585746e-02
6.627686416618903120e-01
1.110421677802891915e+00
9.914471493747540887e-01
3.404246375248796697e-01
-4.708147398152795482e-02
3.219756772345842843e-02
-2.622385548820336046e-02
-3.657117798186677038e-01
-7.478003778636381771e-01
-1.079582832823293925e+00
-1.369207422737334978e+00
-1.539628164968874779e+00
-1.280056511491471039e+00
-5.632016647868440806e-01
-2.117138603308272859e-01
-7.020697265686098865e-01
-1.148934750692693241e+00
-7.411323201582858955e-01
-4.387610406142912201e-01
-1.344424808983719188e+00
-2.477271495444194116e+00
-2.574245471353017400e+00
-1.678140693463382460e+00
-2.903386772872106336e-01
9.851268561318086148e-01
1.454380295850605354e+00
9.763066250087244491e-01
6.013693596569262556e-02
-7.811576468182601651e-01
-1.205653005955660717e+00
-1.043168793008701467e+00
-2.409028668943619389e-01
8.305677512161270259e-01
1.375927659860147756e+00
1.201810618920434504e+00
9.188412009527227031e-01
1.083504038190542307e+00
1.509970037374600116e+00
1.566899255013398218e+00
1.094083370306488057e+00
5.767299226853127569e-01
7.954209834855446859e-01
1.780317327966870922e+00
2.458661538728508678e+00
2.297013160247013630e+00
1.735184915762041591e+00
1.075403489853258288e+00
3.217961998395029166e-01
-4.563946809631037604e-01
-8.307513108291655346e-01
-4.626725987652063332e-01
-1.947503864737853696e-01
-6.737687628423832953e-01
-8.416263495428822905e-01
-3.277189082969530487e-01
-2.698739635318226915e-01
-1.053373786638903242e+00
-1.809556137037752421e+00
-1.494853985403298724e+00
-7.104507159520040416e-02
1.231221676022814737e+00
1.498482864060338704e+00
1.107384865590919309e+00
6.683716578208994674e-01
2.046097903158753117e-01
-2.817911994468577652e-01
-3.893469210155338645e-01
-2.292328748217751788e-01
2.461596953351703754e-02
6.692880562919624188e-01
1.307312008638467971e+00
1.520789509963135444e+00
1.573765301523115667e+00
1.742386572875145978e+00
1.958507511712257898e+00
1.762808050872464616e+00
8.155769335046523238e-01
-6.287332768214330958e-01
-1.683972651859424241e+00
-1.666970323559773925e+00
-1.062574004135329098e+00
-6.197109082044960360e-01
-7.009428438555365126e-01
-1.220567603278413182e+00
-1.252442758266551381e+00
-2.465111599486003169e-01
1.001392431940642647e+00
1.509557192904997791e+00
1.064853808436632576e+00
2.213170940672124776e-01
-3.891689344261149430e-01
-5.510049313388707404e-01
-2.920674306838601519e-01
3.226497121572300952e-01
1.294722872222515475e+00
1.996286367216599578e+00
1.372387835494425889e+00
-4.412918721471253414e-01
-1.700759223842517764e+00
-1.251373277184557375e+00
-9.289375122568264975e-02
6.333982025732303178e-01
9.049586034195395978e-01
7.726811016731622850e-01
3.764625129330550490e-01
2.501023677935461653e-01
5.727685265326513120e-01
7.440275236822267990e-01
2.723533944703424581e-01
-4.579468266634328377e-01
-9.509719621200578565e-01
-1.336370080070635069e+00
-1.679870735745754295e+00
-1.850605207628584381e+00
-1.985093822536004415e+00
-2.092101060667517221e+00
-1.787120155218146822e+00
-8.910470051386654156e-01
-4.047484964110113076e-02
1.198084896337851257e-01
-2.642199927017186978e-01
-6.281836926198152149e-01
-4.318430162773002623e-01
5.003452015941083353e-01
1.600099554617130382e+00
2.025580380176238648e+00
1.910828088332150898e+00
1.856912397437608053e+00
1.614186824420821287e+00
1.044036021406127501e+00
5.501966824819723989e-01
-2.533828652742079954e-02
-7.562740431781219685e-01
-8.947639660539050688e-01
-2.161091926001997288e-01
3.876800897900798959e-01
3.537765312573315502e-01
-6.207626247004732062e-02
-4.596970847934597759e-01
-4.846875493948538671e-01
-5.437586935640331687e-02
4.188243492716627325e-01
2.899401614238427127e-01
-2.926784046661063399e-01
-2.957143524806237767e-01
3.509244950645761807e-01
7.117788433243757984e-01
5.084612211171833929e-01
6.088807677587095013e-02
-6.144734196618113764e-02
5.659559399002618285e-01
1.333638729965414438e+00
1.425930119721423139e+00
9.584208574302470751e-01
3.495106857130018674e-01
-3.959846694937001199e-02
9.322967025235740293e-03
-3.301244357058408241e-01
-3.947260839994469195e-01
6.761052440561818311e-02
7.305476779407957810e-01
1.030396642806940877e+00
8.076565801296134994e-01
5.698746389358445574e-01
4.303761746772660213e-01
-2.773784106103963643e-01
-1.618402936988898144e+00
-2.540164016170656236e+00
-2.167072289220103531e+00
-1.162455542538229247e+00
-7.130256942392928510e-01
-6.840365072881154918e-01
-1.816193368892970728e-01
7.471505980407394665e-01
1.425075355738342209e+00
1.652972520228740860e+00
1.552019607877490381e+00
9.674237501592996002e-01
-3.924614090032454428e-01
-1.674465639117377336e+00
-1.583192778440947412e+00
-3.976019372291839105e-01
5.962853684561648659e-01
8.923285137201045769e-01
8.370176996134457426e-01
8.839553307776633062e-01
1.089935242467571008e+00
1.183394209092519356e+00
1.125943132942476943e+00
1.068510721332397884e+00
1.020245264710262223e+00
7.807915955472132241e-01
5.063674901515503590e-01
4.877430115651247289e-01
3.311360129799456598e-01
-1.187199981544868194e-01
-4.691312825798356623e-01
-5.100068256315732906e-01
-4.117673868806495108e-01
-5.116217028119462995e-01
-6.913672986778882645e-01
-5.542161234253503155e-01
-1.397694674171354456e-01
-9.990611623388298557e-02
-6.219794333736993197e-01
-1.062162181268788252e+00
-1.081326395510264105e+00
-8.651069201340012560e-01
-4.771508280146067871e-01
-2.824271349799970313e-02
7.887718638326287821e-03
-4.785738111700947872e-01
-9.511897183848637694e-01
-9.281548171663516200e-01
-2.924897035464621986e-01
6.677203924615339181e-01
1.184701048691782388e+00
8.670214806564107146e-01
4.636194079445085103e-01
4.161046582850614350e-01
1.756642853566340312e-01
-1.614511013442541665e-01
-1.427243768843900196e-01
-5.678957960629168328e-02
-7.195968123553179996e-02
-6.653870538930138634e-02
-1.905186309914428111e-01
-4.899886262333853493e-01
-6.063377276346112454e-01
-1.980541284387013212e-01
4.778686772076176648e-01
9.476700175759927847e-01
1.206279008327879820e+00
1.086378560150312200e+00
4.106708751552777259e-01
-3.302677159039071886e-01
-9.752756035113876454e-01
-1.465365308792912158e+00
-1.434780145827924791e+00
-1.006091089428540863e+00
-3.934616781187845747e-01
6.983809919619025086e-01
1.884508971848314118e+00
1.934550862283560546e+00
7.822606271662595478e-01
-2.763118540176426330e-01
-3.624912939509395970e-01
9.689517387440301985e-03
1.114402800371576824e-01
1.661796743678557176e-01
6.302880069989352796e-01
1.119273538718158489e+00
7.942536812303857552e-01
-2.075622197605475616e-01
-9.261310734126558808e-01
-1.207413428071203887e+00
-1.397676485781401912e+00
-1.066353130426219487e+00
4.790500936264508597e-02
9.124662444280532414e-01
7.591084075307650281e-01
2.095854155033200494e-01
-3.042848328927143520e-01
-9.602848191489562479e-01
-1.419959654094432144e+00
-1.122643252431202665e+00
-3.959355195764068247e-01
-1.873774023961790047e-01
-7.783396946610786626e-01
-1.531761650306545208e+00
-1.865319840430715859e+00
-1.720037281418248742e+00
-1.125949355510368788e+00
-3.808589377185037650e-01
1.196036398729546368e-01
2.030465101806731287e-01
-2.870369904934464977e-01
-8.314452438969833770e-01
-5.748727437212042268e-01
3.316885010641325016e-01
1.200437193778606915e+00
1.556408475362930144e+00
1.424988428789718320e+00
1.260045871702222708e+00
1.182161455863780297e+00
9.729752492841761136e-01
6.580654349512267132e-01
3.457206163236619112e-01
4.600217865505412326e-03
-1.033644619018299349e-01
3.742557415987077807e-01
9.732892789663448729e-01
9.789463456919821338e-01
6.436738664643648633e-01
6.703879003651490587e-01
1.214360895053731015e+00
2.011190671066850122e+00
2.454181587499856487e+00
2.196115767449701384e+00
1.421085466036382305e+00
1.972193900676517397e-01
-9.523999730587813239e-01
-1.113894968548703401e+00
-5.123776044441815669e-01
-1.125325494713082797e-01
-3.771625915955825192e-01
-9.578558563632033618e-01
-8.532285843282212401e-01
1.510123957749066603e-01
1.123899729285674276e+00
1.694927321346205273e+00
2.097197495075012519e+00
2.122116952510280985e+00
1.710112853873833938e+00
1.543142660416267020e+00
2.028592924765430183e+00
2.478775076475529637e+00
1.822024414916352031e+00
2.362159463359514711e-01
-9.243278791201656741e-01
-1.110427091835189062e+00
-8.768172419629549630e-01
-7.113614328837248868e-01
-8.856129646187822502e-01
-1.368185559904033344e+00
-1.629393954602145200e+00
-1.554971748298312306e+00
-1.466058180909151298e+00
-1.356318848767925633e+00
-1.221826277785504899e+00
-9.316765967200363319e-01
-6.379887231048121388e-01
-9.539868605612685792e-01
-1.248358536891623460e+00
-3.904921512645960213e-01
8.192648632413402909e-01
7.955418598293382271e-01
-1.196579533550567037e-01
-6.518695665527526328e-01
-5.211295963995674629e-01
5.098340490304890948e-02
5.932800688240038589e-01
5.924178085775521074e-01
2.543998065813565246e-01
5.571625631666983491e-02
-1.844940982741999705e-02
-3.866764590380993294e-01
-1.186521888110183109e+00
-1.572619589147072450e+00
-8.272048034410874884e-01
3.031531374024094005e-01
5.615361273207650772e-01
-1.986667604004036247e-01
-1.048858298470087380e+00
-1.423016406160257041e+00
-1.059765685046806016e+00
-5.228784866142993648e-01
-1.069913051747357624e+00
-1.211914409350158595e+00
-9.548738566343794032e-01
-5.897916211710110268e-01
-3.922432492370269558e-02
7.648347802737475165e-01
1.336684223688682449e+00
1.344224210317131574e+00
1.344423317930213635e+00
1.672564243016043672e+00
2.032974161493473542e+00
2.380156098916935470e+00
2.584614048313499168e+00
2.165905566639807933e+00
1.098134739932908888e+00
-4.356938114508230458e-02
-4.730310426717780903e-01
2.415625674925811137e-02
8.741538498376451027e-01
1.510526973143132112e+00
1.744655962310861952e+00
1.749900414547550742e+00
1.751020828220706482e+00
1.728264124992470840e+00
1.563073199953227022e+00
1.104243245291575137e+00
2.472328068741224683e-01
-6.708791673821817847e-01
-1.069171668655697793e+00
-7.567453015579490572e-01
-2.030212400494669223e-01
5.727854700073040789e-02
3.048630571278270751e-01
9.372240124227563252e-01
1.245139577683292087e+00
3.981674956027291823e-01
-1.192196427385205704e+00
-2.383855802213306063e+00
-2.592231953700065983e+00
-2.320998150467239007e+00
-1.847101048549838476e+00
-1.015584449872634076e+00
-2.412344262605627399e-01
1.018679232209160346e-01
2.282413677405051022e-01
4.335176594716639298e-01
6.953311430091653200e-01
5.562524660673070498e-01
-6.353006784333725676e-02
-4.386223605192325903e-01
-2.825989493153819865e-01
6.294454252495766677e-02
1.065115307009531498e-02
-6.577995489953144537e-01
-1.031590935927847674e+00
-4.035503396458743341e-01
6.315965274198294122e-01
1.243406487433709851e+00
1.320310864360085157e+00
1.117480966818566790e+00
8.368032232266683357e-01
4.850421348824211498e-01
-4.704180253283402752e-02
-3.983303866414500960e-01
-3.078407376503541348e-01
-2.097306662551708945e-01
-2.973232934506077063e-01
-3.952598038846218409e-01
-5.923045786690506187e-01
-7.513959222011187267e-01
-7.242989233692711526e-01
-6.807899086939473987e-01
-3.182417401483803587e-01
5.507730440474594147e-01
1.060057819520516587e+00
7.801616034836110769e-01
3.911831384839738468e-01
2.489968473068310817e-01
1.851893608217572151e-01
2.344907812518618739e-01
3.426609736009151863e-01
1.620876398800014939e-01
-1.935278915836425306e-01
-3.509996148837089547e-01
-4.469819602739404374e-01
-8.208741497284528510e-01
-1.272337381814135915e+00
-1.393794522692312965e+00
-1.212918711524332949e+00
-9.092005712884606572e-01
-3.786243581425232652e-01
5.609171771381750160e-01
1.741175564263986564e+00
2.518431125406265014e+00
2.266410729531135537e+00
1.258714655239477231e+00
2.918581511369958137e-01
-3.593808229450627389e-01
-7.073527023693713112e-01
-5.827292472048175576e-01
-1.626083073931905987e-01
-1.640613751711186841e-01
-7.615292817892450605e-01
-1.259922424768865845e+00
-1.322917480006251756e+00
-1.332773393831512720e+00
-1.613799069627488203e+00
-1.904781848682759016e+00
-1.448081180442957416e+00
-7.691855911676245827e-02
1.431835104667947611e+00
2.362655865529915022e+00
2.187823210153420739e+00
1.019251487563868297e+00
-3.578405409911707830e-02
-3.235802720722157910e-01
-8.488379809766698203e-02
3.831447408298325197e-01
9.600100928012850199e-01
1.321516353829876644e+00
7.124403722841246012e-01
-7.778410279547705031e-01
-1.559584172870107865e+00
-7.454350990457412340e-01
4.003952543015781851e-01
6.816919310621516459e-01
5.217972137024956547e-01
4.212972860570079470e-01
3.322043835672940926e-01
4.188725111619222008e-01
6.030101128449467662e-01
3.975659712078177255e-01
-1.743994364863051330e-02
-8.054959301700471974e-02
-5.374189296660286663e-02
-3.583416429343850296e-01
-5.958675072540919881e-01
-3.579834825436435386e-01
1.968511867780123881e-01
6.199255794219995508e-01
7.629845184976778993e-01
8.238096652836772726e-01
7.253789006994834088e-01
3.008994059270791444e-01
-8.437453662772102791e-02
-1.250194852263676604e-01
-2.015026306389861299e-01
-1.841843388588344510e-01
1.447747388543237645e-01
2.505091578973445837e-02
-6.927114523519499745e-01
-9.836144353982950728e-01
-2.485652061898206977e-01
7.496970632443105131e-01
7.561118016378777229e-01
-1.827834347512252433e-01
-6.902766578949784959e-01
-1.646964666307138281e-01
4.361894550395684633e-01
2.051947394772308253e-01
-5.361724762319006743e-01
-9.722198464917426453e-01
-6.890789895332360970e-01
3.728103372987406211e-02
3.722801536475922601e-01
-1.255501550594738391e-01
-8.217559641487557354e-01
-7.533224739587878194e-01
-2.464420348770793301e-01
-3.375662041327702756e-01
-9.459852229309274607e-01
-1.283465368497905823e+00
-8.983574350753770199e-01
-1.675497471624413370e-01
4.521781062103906457e-02
-5.624365393432056992e-01
-1.424326565009837564e+00
-1.926154678612734816e+00
-1.945410231980548410e+00
-1.519267543301862755e+00
-8.885164913218798199e-01
-4.846531657493209355e-01
-5.273011203003854508e-01
-6.230852874586458867e-01
-1.059448787507440842e-01
1.013804848661790547e+00
1.780920314976564445e+00
1.581632732213546388e+00
1.064811770512188005e+00
7.163305831396508117e-01
9.581799367295983083e-02
-8.221230930604809251e-01
-1.353748860118233477e+00
-1.207778932521244686e+00
-7.723132222642471456e-01
-5.593415351372141853e-01
-7.082347766573949821e-01
-9.268196256437669645e-01
-7.331836882491956642e-01
-1.274895256124324971e+00
-1.451712146125138547e+00
-7.806781050795094101e-01
-3.805487590401465114e-01
-6.825830375922944393e-01
-1.144351127431814774e+00
-1.099214020751547505e+00
-6.860675597893171052e-01
-4.949193777223563906e-01
-7.023928765019661347e-01
-1.072551274667603582e+00
-1.199194872837443304e+00
-8.389940204710628624e-01
-1.495400339030907855e-01
1.143630929019703868e-01
-6.658207368641638757e-01
-1.604446729527362114e+00
-1.645827359497340936e+00
-1.248677426756297226e+00
-1.059686546638626270e+00
-8.140716935954713795e-01
-1.772641474341132284e-01
1.715429015103100974e-01
-4.904691967367666439e-01
-1.417466549886520433e+00
-1.658188482981957312e+00
-1.519036784234882864e+00
-1.562930641763857320e+00
-1.426434606390286852e+00
-7.075909061382348320e-01
-4.010211478696291271e-02
-1.201791966726801532e-02
-2.061723434154148493e-01
-2.550077652668509831e-01
-2.675659814984302498e-01
-4.781149910688704124e-02
4.192566964894819947e-01
4.899411554957006643e-01
-1.426177997005412534e-01
-1.118719550944650809e+00
-1.798617537932256427e+00
-1.524290750748233059e+00
-2.541650195491506059e-01
1.159630031878608136e+00
1.825723199485507431e+00
1.316739961061695441e+00
-1.365339771103072364e-01
-1.370790510131980833e+00
-1.782954563961472561e+00
-1.667117683438276821e+00
-1.031673946483008697e+00
-1.692435690407786963e-01
3.893390980687380654e-01
7.444798661355154223e-01
1.160192755992050406e+00
1.247974598507697763e+00
6.783410336164247267e-01
-2.481445540548011044e-02
-3.074684584318720382e-01
-1.248985623329604278e-01
3.088980028683557255e-01
5.841731990425405030e-01
4.025035427524815690e-01
1.776184483637451017e-01
3.692199478906564303e-01
4.464691204584468887e-01
-2.244267371443077475e-01
-1.244905448832516859e+00
-1.740364627570413436e+00
-1.454768960799365907e+00
-1.018333078793296709e+00
-9.104146061176023874e-01
-5.317127544472584066e-01
4.593855711070256032e-01
1.334450103298656876e+00
1.684280436092264965e+00
1.739979065288311810e+00
1.677710685783966760e+00
1.408461625019252761e+00
8.485260758908153012e-01
1.793080689522357218e-01
-3.265517809339105182e-01
-6.024343816777680827e-01
-8.071950824785140144e-01
-9.926528679121463528e-01
-9.738364720546273112e-01
-6.863281963453040646e-01
-1.464847668664986668e-01
3.716316551600725715e-01
5.421161678210970614e-01
7.017606932408375631e-01
9.066807025573040413e-01
6.452532629705686196e-01
-1.131858981186348832e-02
-6.054061831772957758e-01
-8.231802029663606302e-01
-4.592612240972768212e-01
9.001386405540320879e-02
2.314703564311617612e-01
1.481693085310881175e-01
1.739408289632282389e-01
2.211106318146330574e-01
4.499293002981621936e-01
1.156167198955609043e+00
2.005217693547166835e+00
2.476773625946898427e+00
2.416310745893507139e+00
1.809237121305306673e+00
8.089818280842572262e-01
-1.562236479143942480e-01
-7.211740842685075981e-01
-1.031872902413336623e+00
-1.299871955709203775e+00
-1.247078963171815769e+00
-7.912910420306379367e-01
-3.889076121808678344e-01
-3.349248123292241086e-01
-3.500593164233262722e-01
-1.095004258838572775e-01
1.479620886919850720e-01
-1.290568234386401114e-01
-8.469137862674379624e-01
-1.194414657487423259e+00
-7.673075153195919595e-01
-1.577736041395965683e-01
1.208084198376604551e-01
5.514559829994424289e-01
1.381609039815056672e+00
1.728053684768957821e+00
1.230824877807019213e+00
7.742150879976568145e-01
8.229280962403449085e-01
1.104561744362695386e+00
1.231508033131797575e+00
8.036911774282393672e-01
-1.825830677748926933e-01
-1.030375926854602664e+00
-1.088204829904311888e+00
-4.431872636262117471e-01
3.672632850020937645e-01
9.715661735458321902e-01
1.055929184903702245e+00
2.751147534619592938e-01
-8.130731148066012715e-01
-1.083344517574857058e+00
-7.448951552743079407e-01
-6.670695462982592083e-01
-7.501939323706662277e-01
-7.759088193212311246e-01
-6.382139051035613520e-01
-1.601181545253569094e-01
1.855885698501065217e-01
7.881850251262541296e-02
-5.157631503840241771e-02
-5.968321997230422588e-02
-6.654569635805149784e-03
3.835927306273717585e-01
8.541718353789340412e-01
7.235135520165322243e-01
1.001314178920263420e-01
-2.601420421041765185e-01
8.481511108105015129e-02
6.197045989763100282e-01
7.341341281799751428e-01
5.278332600786433959e-01
2.568041394225054064e-01
4.876696776565479091e-02
-8.816203535006866820e-02
-1.873598693702342166e-01
-4.281489059369388284e-01
-1.139066041333340440e+00
-1.957787107183129205e+00
-2.181115914746404982e+00
-1.924480539709974902e+00
-1.423846176673626562e+00
-6.530813362888852058e-01
1.983714767538476698e-01
7.710093525300292239e-01
8.299827189279356254e-01
7.894826993784004321e-01
9.405850276029873447e-01
1.029847925635809069e+00
1.179158361735455074e+00
1.292361802596324827e+00
9.806859923574703375e-01
6.469625758751991196e-01
9.810876144657030284e-01
1.814770699860712488e+00
2.362669028041062713e+00
2.205975283830690081e+00
1.525382919170268803e+00
9.209632922367293473e-01
7.935502054467370447e-01
9.288717722976732594e-01
1.083372169482626379e+00
1.298199129468988966e+00
1.576026224001180420e+00
1.720015508875524235e+00
1.545545766536502885e+00
9.888404428058402695e-01
2.791435164205449682e-01
-4.843303934891330376e-01
-1.580749862490923086e+00
-2.081223165640530226e+00
-2.018466508677343896e+00
-1.603993519031103432e+00
-7.738803816375797728e-01
2.908706771911174008e-02
3.856338398810492119e-01
4.887890889716377529e-01
3.183700096465639784e-01
-2.591324897129508864e-01
-8.334276556882911358e-01
-8.744740170435874038e-01
-3.463768775991476478e-01
2.870500434886708585e-01
4.628030976139030916e-01
2.976244962161667118e-01
4.244507831991291003e-01
7.540344674649513967e-01
7.113084993610306883e-01
1.985414529631350233e-01
-1.718365179514425300e-01
7.805935653629617055e-02
5.150081239963463231e-01
4.915472466445466315e-01
-8.204486264267638052e-02
-6.352854166380074163e-01
-6.199193602127562874e-01
-1.641681550580119664e-01
2.064494578696797755e-01
3.531759174090329800e-01
6.531891745165629981e-01
9.408962925361483709e-01
7.061249549025142569e-01
3.956742906544044591e-01
5.004620948248617029e-01
4.450449414385624913e-01
-2.065482803883006424e-01
-1.089737607965074684e+00
-1.713171724426061804e+00
-2.061769533584776326e+00
-2.269426317772404111e+00
-2.193128500855692664e+00
-1.856053235516849975e+00
-1.289030402464014458e+00
-5.450091777297032536e-01
-1.648122320169217447e-01
-4.395637866077045097e-01
-1.051853990089880453e+00
-1.585075305395551526e+00
-1.527435476932702763e+00
-6.991843760506297745e-01
3.866055863999385278e-01
1.043447129214723157e+00
9.972340082014901075e-01
4.915995644090839223e-01
-6.460560545480086014e-02
-4.100877581718833653e-01
-3.867802874171440974e-01
-1.308097707984999802e-01
1.380379533363801647e-01
5.787191998739976695e-01
1.330013231051701661e+00
1.753235093988806836e+00
1.179630479881333960e+00
2.740360338221576875e-01
1.008084180063801155e-01
6.861542569881422526e-01
1.057500844333471690e+00
6.823292218513534735e-01
2.054551055591600783e-01
7.734990084770497487e-02
2.505250093663299524e-02
-9.035625564850933988e-02
-1.523497417646838825e-01
-4.553091656422594835e-01
-9.012395286197401045e-01
-5.230002607014038185e-01
8.496847441971556725e-01
2.162790299404124816e+00
2.424373764930972897e+00
1.483739150429983278e+00
-1.044516643936749672e-01
-1.315291897788119835e+00
-1.375457333683119732e+00
-5.013007790042857126e-01
2.913688546447127381e-01
2.018975331154275188e-01
-3.051988609743500613e-01
-1.638739539917231092e-01
6.900068889739311428e-01
1.415080521261685043e+00
1.375269782303297106e+00
6.219437008502544106e-01
-3.546391178739224936e-02
-1.093365617104570392e-01
-2.797446283441770154e-01
-8.045261457275444394e-01
-8.880158844417058717e-01
-2.547124679160409633e-01
6.533843679332843601e-01
1.554647626794805726e+00
2.244825733409101520e+00
2.516951024737708043e+00
2.395864792835780577e+00
1.836329410960076514e+00
7.138502882026959151e-01
-5.452037279599238895e-01
-1.156013336054988683e+00
-9.387646585383527809e-01
-3.612331737669028375e-01
-9.335091569648618429e-03
-1.436138510642531729e-02
-7.927671703843226780e-02
-2.145144520580120617e-01
-4.602833572850063559e-01
-4.317091664332244894e-01
-1.532975817048280731e-01
2.363797623706089257e-01
8.862802030681962151e-01
1.250439910532692434e+00
1.120999683284462867e+00
9.417465515057316106e-01
5.694688273023975622e-01
-3.824045580982653875e-02
-4.739847264519199133e-01
-5.350673770805970397e-01
-5.473441175754254484e-01
-9.140142240010015184e-01
-1.239058646819016785e+00
-9.990006583547511587e-01
-3.317309161750481294e-01
5.514686014101698452e-01
1.359508650373093541e+00
1.355372897046361880e+00
5.150451662761995619e-01
-1.536182312613972034e-01
-2.866162785269272817e-01
-2.547153613414274154e-01
-1.805424919161720820e-01
-8.824157144012195753e-02
-2.188878285913057886e-01
-7.135770836374815129e-01
-1.023094942063535351e+00
-4.068481771293513960e-01
7.708977926856425134e-01
1.492109234379700888e+00
1.342654212942756109e+00
5.930237671891321893e-01
-1.928150981649914275e-01
-4.946498759973779746e-01
-3.040703559736151473e-01
3.426162716775782435e-01
1.534501832460069437e+00
2.417203647543896938e+00
2.402390712291231800e+00
2.140466247397585509e+00
1.783806030776634577e+00
1.239295460231617740e+00
8.403768462101722792e-01
3.906749125708828263e-01
-4.296160334614386178e-01
-1.143330435702814896e+00
-1.096993192337141654e+00
-4.015598003128510451e-01
3.391271281648009506e-01
6.871862724291395441e-01
6.461397331023540636e-01
6.076340647787917826e-01
8.081444296590117871e-01
9.581057315313622480e-01
8.935196910222295008e-01
8.121277813068079610e-01
5.186236378713497963e-01
-6.602933251404814741e-02
-3.958197820620633633e-01
-4.608724123074102175e-01
-5.643417983720057096e-01
-7.640315341423862261e-01
-1.291865875416357889e+00
-1.919798586462472256e+00
-1.932701543559872226e+00
-1.256786056763614656e+00
-5.124682441121366505e-01
-1.175993646221469568e-01
-1.933593474146218794e-01
-9.490875939586383980e-01
-1.950877936093821763e+00
-2.275005274839223990e+00
-1.890890412016004829e+00
-1.367438293639573255e+00
-9.341788205648989818e-01
-7.802019699413844656e-01
-8.668897481190027676e-01
-5.984837506707104682e-01
8.204257571058680421e-02
5.411672939474906352e-01
6.161148288969585662e-01
4.450141826149535684e-01
-1.817089979289339538e-03
-4.535058748741385148e-01
-6.631063270273266363e-01
-6.300663527161626254e-02
6.303847365231232125e-01
4.475606085442553894e-01
-1.820151618829314866e-01
-4.306404173675896230e-01
-4.619369037512567333e-01
-5.356248923485655844e-01
-5.093376980136340437e-01
-2.872930092799388380e-01
-9.520598273813418722e-02
-3.226374908032833555e-01
-8.086075155354496280e-01
-1.291592995419339251e+00
-1.917798332816272211e+00
-2.406247150885455710e+00
-2.189241124379829984e+00
-1.487419914987755387e+00
-1.239684279483696860e+00
-1.579298269893733231e+00
-1.395546748541689697e+00
-3.090883379309697920e-01
7.648310039673207328e-01
1.312302849877761801e+00
1.322203733992629360e+00
9.952425476800799142e-01
7.519256916024152915e-01
5.697155224780290350e-01
3.478118882117133270e-01
4.849310004581550704e-01
1.217619031331860668e+00
1.813112468911856290e+00
1.319441471070491811e+00
1.906257094624028980e-01
-4.329337040217141608e-01
-4.292139558644799124e-01
-2.893523023860483101e-01
-1.806264312256521121e-01
1.034809897585686200e-01
3.138960772041497482e-01
-1.039560661176373163e-01
-6.742008381049837684e-01
-7.026527318451880610e-01
-4.828106215440794990e-01
-1.675913433695514487e-01
3.905428777815027064e-01
6.259724869886439391e-01
4.042647656817087709e-01
1.678980409905211080e-01
-2.331890069728551895e-01
-8.381657039582459667e-01
-1.256594370338348421e+00
-1.048299296533124370e+00
-3.860330557642568938e-01
-2.667597089835704871e-02
-2.618552199796241320e-01
-7.666349993298050558e-01
-9.600885361356766845e-01
-4.143846178640517297e-01
1.396519990205007666e-01
-3.094053031471152848e-01
-1.039019465449954716e+00
-8.936868702809546150e-01
-1.584113226842144284e-01
1.003931397120601809e-01
-7.988657770900211563e-01
-2.115992304877922781e+00
-2.178759900012136264e+00
-9.173670380447273009e-01
4.348427353589535277e-02
5.052653921879605298e-02
-1.576614547457427240e-01
1.664687664245291243e-01
9.639676261824432490e-01
1.319440632049576401e+00
7.757617463401241809e-01
1.438231285465352005e-01
-1.455481567424746214e-01
-7.490384125224687217e-01
-1.551330457086063985e+00
-1.608795842354204364e+00
-8.328254249607556225e-01
2.167997101966489815e-01
8.425840262542863002e-01
7.217225110040086378e-01
2.764828053350258941e-01
6.087263086170248416e-02
2.270265271012181785e-01
3.388781557082017892e-01
2.213155154620813081e-01
2.344895321901103169e-01
5.377660074028141057e-01
1.054719025490812756e+00
1.525442072003004412e+00
1.640718258365906790e+00
1.386155049692869401e+00
6.500261696604322514e-01
-2.377412677424317333e-01
-2.660402096129111937e-01
6.261241514732960312e-01
1.335877335512267283e+00
1.222440462247988080e+00
5.652739652162298567e-01
-1.565268717651132069e-01
-6.203593927008481668e-01
-7.511344919559468369e-01
-6.630585136844269201e-01
-3.597508324774749688e-01
-2.324091428157266381e-01
-7.601819057770168309e-01
-1.430265085620078924e+00
-1.096401760468974640e+00
4.452251944313524445e-01
1.899171328001125092e+00
2.122897579123907974e+00
1.085088053134201980e+00
-5.061063509336226618e-01
-1.552752567046819410e+00
-1.508097294021186752e+00
-8.730500638471839769e-01
-2.529356955121462441e-02
1.042364080008506111e+00
1.687804030340307015e+00
1.342379984834486839e+00
6.859666604431942094e-01
6.845325541016914483e-01
1.210723787029184040e+00
1.698361914469874057e+00
2.220091221131113457e+00
2.721755653601828584e+00
2.728606401348382615e+00
2.728606401348382615e+00
2.608990142176206284e+00
1.607233072195221713e+00
1.012511308135231047e-01
-8.294609465834035245e-01
-7.797277737246186557e-01
-2.567537015909386877e-01
1.995726712564232230e-01
2.424040006960014593e-01
-6.639159799177962035e-03
-7.079842187386981012e-02
6.181655334157739462e-02
1.907586560766936223e-01
3.777380185224343823e-01
4.617690812415156110e-01
1.665372892946205274e-01
-6.447802607883927617e-02
1.980623574270668485e-01
4.669456463801262003e-01
1.733766725360208483e-01
-5.251264090289976538e-01
-1.083955477487529517e+00
-1.059615191604942774e+00
-3.071792956276844788e-01
6.723506228607354362e-01
1.112888760627989804e+00
7.070246547782423896e-01
-2.450775509690508724e-01
-7.788289869665713239e-01
-2.180670282325945786e-01
5.578927763091927616e-01
3.849788432399644522e-01
-5.195688833700375930e-01
-1.293320881742141770e+00
-1.566489130584555411e+00
-1.274968162618614675e+00
-5.653691868996448822e-01
-4.033641536653187476e-02
1.453180135827917274e-01
5.572334355579430243e-01
1.293380523050365882e+00
1.640682200757708875e+00
1.188591767677021904e+00
4.203736098047305414e-01
-1.346903674354074099e-01
-4.005178109211867121e-01
-3.679503124249711710e-01
-1.563546707938590630e-01
-1.856271556413173485e-01
-4.190122122841281604e-01
-3.361709124102151280e-01
1.371382190998223505e-01
5.784737469187920533e-01
7.117534905670257483e-01
2.543954488053398189e-01
-6.520246749189007041e-01
-1.276056750098584214e+00
-1.674743136442832236e+00
-2.198657110275401116e+00
-2.352631340494820034e+00
-1.731607872793180292e+00
-8.767349796305015097e-01
-2.803450048125502025e-01
3.083105883533029390e-01
1.040525015148092036e+00
1.561973503551834508e+00
1.315362296290486288e+00
6.251146962133778684e-02
3.131014868816935776e-02
-3.263144890827699429e-01
-5.643849802180783692e-01
-1.298745248177143041e-01
6.175685442356683152e-01
1.025824897200079189e+00
1.037182190807708349e+00
6.739018583656372074e-01
-2.576030126868011361e-01
-1.165723857564348043e+00
-1.141435919670847676e+00
-2.720149764537785342e-01
6.049703127484635790e-01
1.184636062922925559e+00
1.391752736240745136e+00
5.207116274459399063e-01
-1.056671357886882490e+00
-1.682498664788235399e+00
-1.083610241390843498e+00
-4.175834157257214407e-01
-1.297752374696522215e-01
4.241182371317781669e-03
1.281986671610538253e-01
1.943569942775263959e-01
-2.690980231475155748e-01
-1.367076916594493596e+00
-2.396868204964512916e+00
-2.644132806226382915e+00
-1.934954361349275898e+00
-7.891782985811504059e-01
-2.173787638934038605e-02
8.953074595092334886e-02
-1.745741352999905238e-01
-2.377415345404348956e-01
1.984964099775443358e-01
8.114052202245134460e-01
1.262632361653693414e+00
1.207200846466136124e+00
4.117170928727401646e-01
-6.328138128534436246e-01
-1.120863402181386581e+00
-8.095810055329764054e-01
-2.722959529106245835e-01
-1.133932575780555868e-01
-2.191460550269198060e-01
-5.403829529766991380e-01
-1.271490991484706568e+00
-1.827585409193033916e+00
-1.764104188019419261e+00
-1.565604474113591715e+00
-1.562566545668022222e+00
-1.556711688150405282e+00
-1.249982319300401601e+00
-4.721064660769092036e-01
3.090818333789872585e-01
4.666193711439025615e-01
1.881075346591075947e-01
-2.433167702842829461e-01
-6.713223427190168069e-01
-7.749221524222092983e-01
-6.576753985103727107e-01
-5.240716993758758324e-01
-2.428178052032370915e-01
-5.699191490661162894e-03
-2.285796029139454955e-01
-6.622020309352256717e-01
-7.487467476053506488e-01
-3.994219393900768633e-01
3.074796798959285593e-01
1.131114821924126712e+00
1.589747097235780338e+00
1.477459618824862764e+00
1.027488785380972436e+00
4.676692960137753818e-01
-2.346083882258580278e-01
-8.918379058839904783e-01
-1.178536242069404105e+00
-1.027826561041493836e+00
-7.308077389018898806e-01
-5.441094660336536215e-01
-2.469967221000259339e-01
4.164867542722857641e-01
1.174851827659779246e+00
1.635177549454635004e+00
1.800339106057230909e+00
1.517374010019940433e+00
5.193214016019594981e-01
-6.876408541808310959e-01
-1.188559572504264805e+00
-9.185677617984748800e-01
-5.210877578896930817e-01
-2.153636147848078108e-01
2.917290309980148932e-01
9.499412868618797301e-01
1.176371419034081933e+00
7.823594969109993746e-01
2.270446770094757816e-01
-1.485136322831278333e-01
-2.534887388652738438e-01
2.269611572223097229e-01
1.205841472977113416e+00
1.966842137654483569e+00
2.066875480489192007e+00
1.745016026056938063e+00
1.631519105899296607e+00
1.703901747020757584e+00
1.541757670638578936e+00
1.294905188466462187e+00
7.746251234991777812e-01
-3.548155315262107035e-01
-1.295024732692594771e+00
-1.117466584983812350e+00
-4.273229024820115463e-01
-4.572051167587539156e-01
-1.053728730426282345e+00
-1.415064554281515008e+00
-1.374218264054003935e+00
-7.986408167905502120e-01
2.117229700971123285e-01
8.627904293287171900e-01
7.756789127709745602e-01
4.008982037233156381e-01
2.439454696183409876e-01
2.864590515529089609e-01
1.563103316807486487e-01
-1.414367012950535074e-01
3.948878723459316176e-02
9.091995502331604584e-01
1.422406567976361114e+00
9.440682002102004367e-01
4.014760670280907995e-01
5.874849905031783726e-01
8.947870120213472500e-01
3.599076979479984839e-01
-9.695504215883673504e-01
-1.943646510548349582e+00
-1.805149812395751452e+00
-1.257961125360141041e+00
-1.070419227730725176e+00
-9.189479876497755884e-01
-7.052334506244994916e-01
-9.204276547898767591e-01
-1.230158836642577302e+00
-9.242335480893305588e-01
-3.848904130024100034e-01
-3.513766101160168409e-01
-7.737585934259356701e-01
-1.258013398187616483e+00
-1.304514096151921265e+00
-6.731245180742677636e-01
-3.387139091339686631e-02
2.288366774796165293e-01
7.059065143874869719e-01
1.466362738783017816e+00
1.816633641590239101e+00
1.331525078827382469e+00
3.802871427549463501e-01
-1.484418737798924026e-01
8.526127338747568896e-02
6.944789614865499727e-01
1.264695624383362693e+00
1.168673491291083222e+00
1.505037828476604722e-01
-8.349741174956590850e-01
-9.256272026979982526e-01
-5.152891805319410601e-01
-6.107584684134013120e-01
-1.383630025359515292e+00
-1.970085953562526804e+00
-1.711444310972422223e+00
-8.419259492816095758e-01
1.158951110966672526e-01
8.996275438518415157e-01
1.336648832644636187e+00
1.540764125276637531e+00
1.723457777876735486e+00
1.734419991450963927e+00
1.433066089978284996e+00
1.084706750614335524e+00
1.019441442337211123e+00
9.616335501876283054e-01
3.497853299240634151e-01
-4.813713934107498593e-01
-4.687160496587683411e-01
6.430214886078955416e-01
1.805035187597116009e+00
1.982800889891891405e+00
1.193488460225330394e+00
3.053845650520704003e-01
7.139757883867192678e-02
2.238320013231486494e-01
6.289524326468950988e-02
-1.513379672950082855e-01
2.328540035397946573e-01
9.014700441940153297e-01
1.081042396894654534e+00
6.542764869890331791e-01
2.422101796404475468e-02
-2.511081398917351382e-01
