1.174756069345122667e+00
1.797450852704508995e+00
1.724773656240276676e+00
1.060463538861289523e+00
-8.651289504163532651e-02
-1.616405702848727532e+00
-2.788905954059217596e+00
-2.788905954059217596e+00
-2.788905954059217596e+00
-2.422519018339066132e+00
-1.289402897796467995e+00
-1.394676589971501415e-02
1.285372784437854188e+00
1.807004615426792249e+00
1.144847097486785259e+00
3.858722251153255400e-01
5.916743933673650480e-01
1.418192259013487222e+00
1.941621969958134297e+00
1.881324463080420006e+00
1.483564352741301828e+00
7.045923764745152251e-01
-5.267696299164633666e-01
-1.371367846255461931e+00
-1.125189787685970666e+00
-6.197770628747808486e-01
-4.103137206472093901e-01
1.913354429893086850e-01
8.866753912044422758e-01
6.509547532182580198e-01
-2.311773796121684432e-01
-8.183156895174338308e-01
-5.731317913383808804e-01
2.262095373905803064e-01
6.567052085753427582e-01
2.902438459105045609e-01
-4.290542296017781781e-02
2.985709821288698440e-01
6.514880587952643909e-01
1.793518392698454644e-01
-8.802118435091951243e-01
-1.472106762538861746e+00
-1.220714234792341646e+00
-8.900468666909366888e-01
-1.029174478751742949e+00
-1.136318543858738428e+00
-6.366435840623954068e-01
2.277495387647942293e-01
6.935865017754589967e-01
6.906083733746130049e-01
7.162888711035294564e-01
7.743931658902715176e-01
6.662450793267962190e-01
2.060445616865423657e-01
-4.747791498401967569e-01
-8.746933989193109715e-01
-8.605852372413902440e-01
-6.833066828882103927e-01
-3.791614113676798903e-01
1.269151637205156169e-01
6.030152080688049310e-01
7.663369505509721735e-01
6.154653272145580445e-01
5.168479803517820326e-01
7.580674996288933043e-01
1.122891812903929587e+00
1.336584837151911342e+00
1.333579349762153310e+00
9.837822075708066993e-01
2.271353309233224427e-01
-5.491913468969968903e-01
-9.318362594178417613e-01
-6.479454512449663861e-01
3.342764377860250047e-01
1.106019367781361895e+00
1.021622487467587437e+00
7.664912724905651453e-01
7.700081786879895418e-01
8.324204008561975066e-01
1.027421702226773759e+00
1.301523678637737325e+00
1.536645890450980101e+00
1.835164331699021378e+00
1.985356772121779967e+00
1.727363259887743085e+00
1.205884086357196905e+00
6.386921794664790486e-01
3.529970116881785414e-01
7.585404995937582440e-01
1.351702805532779994e+00
9.675245027899372907e-01
-1.371107345207878969e-01
-7.386989032572891523e-01
-7.351193412571932484e-01
-6.386500655153166672e-01
-4.735151323930144041e-01
-1.920213082699251395e-01
6.154844158368933012e-03
1.052930182003111864e-01
9.140526528758778635e-02
-1.596770397104958217e-01
-4.053494363768856967e-01
-2.194358822424596622e-01
1.505649757886672914e-02
-2.646544217267723376e-01
-6.506937521169066097e-01
-7.253675304608722119e-01
-5.042834054917323394e-01
-2.694819627843590970e-01
-3.908496440488921642e-01
-8.203222065843418509e-01
-1.409763549042716280e+00
-1.885273599781029485e+00
-1.861640373522924552e+00
-1.558999327386157763e+00
-1.414273463484915450e+00
-1.472628624072234160e+00
-1.472628120055284873e+00
-9.759352328969286283e-01
-1.621408134511548860e-01
2.195138268584250762e-01
1.047462559029566226e-01
-3.322176180182767058e-01
-8.624548713372187647e-01
-6.995396869022459940e-01
2.461685962929232585e-01
1.092229170747016198e+00
1.181531221790772967e+00
5.406731591723413777e-01
2.674970612952053822e-02
2.689231723672485530e-01
8.434816260402340227e-01
9.428089820295616486e-01
1.965570693848442962e-01
-7.774066526404408428e-01
-1.110147648951661292e+00
-4.460545915279623963e-01
7.396911021029165534e-01
1.253429371154761940e+00
6.932646304366513190e-01
-1.081454996217451753e-01
-6.112030504645995510e-01
-8.450173928540949397e-01
-9.586825655050632555e-01
-1.342972826953424681e+00
-1.929378325524237381e+00
-1.999401670284398191e+00
-1.240037289274076304e+00
-3.739965292290807763e-01
-2.725712422996001694e-01
-7.761720803815975733e-01
-1.136018410482550589e+00
-1.049151904453948125e+00
-6.951856718391261625e-01
-1.886046194712731605e-01
9.768331906326968572e-02
-4.200100484286060087e-01
-1.127670340205971344e+00
-9.838490756058579922e-01
-2.654340998826273390e-01
4.144897531673328861e-01
1.032589806914633535e+00
1.537273434270753691e+00
1.401682425848903124e+00
6.777688436611306599e-01
7.537855474260998778e-02
-2.767882118497771438e-01
9.240852947628001163e-03
1.323732644722687812e+00
2.452939551090989045e+00
2.147053310518479474e+00
1.187189718875831801e+00
6.967335938591288080e-01
4.344052762527939038e-01
2.396353962008678784e-01
4.022921264522241191e-01
3.985249699714095151e-01
-1.097151996706699911e-01
-6.636070761987408195e-01
-1.022737896868874952e+00
-1.000198218073307332e+00
-3.597050006897598573e-01
2.744295619185395663e-01
3.339532038469964492e-01
2.572078645898602245e-01
1.782663826441457100e-01
-5.442196106024498048e-02
-1.044428955376679735e-01
1.919838204317355634e-01
4.348866620998465549e-01
3.843771622081681993e-01
4.425598441998585542e-01
6.809747789611966251e-01
5.375919143461581617e-01
-6.784267695071503901e-02
-7.140324602715171221e-01
-1.205445481570452726e+00
-1.470978813327187940e+00
-1.234455260997725290e+00
-5.753831678808156713e-01
5.371453826231362694e-01
4.726213312217155682e-01
3.942507996344352811e-02
6.584457456227458746e-03
3.024448001918612627e-01
5.337122003927953218e-01
7.237236438682493889e-01
6.739976712188193719e-01
4.188290598411841259e-01
2.722524522964125948e-01
3.207243701116736512e-01
7.025037341132686075e-01
1.275304486597212961e+00
1.294757192407100188e+00
5.994940429376081070e-01
2.286770158700983657e-01
6.560806129530069031e-01
1.209749203463284850e+00
1.191296664135318428e+00
4.881919857811062302e-01
-4.079683319219069570e-01
-8.200105298684039479e-01
-5.751963169386472563e-01
2.064102681168170431e-02
5.890563300276506764e-01
7.655217710089892158e-01
3.713656331509786468e-01
-3.494972957388999268e-01
-7.376506962736816275e-01
1.467234659539880595e-02
1.632943372823412620e+00
2.454070795273409988e+00
1.759312228464908978e+00
8.856138340117390984e-01
1.056206052810120477e+00
1.567107027212953252e+00
1.357481481073770091e+00
8.598368819547527186e-01
9.739394173407351918e-01
1.476953367992690502e+00
1.374073425147450234e+00
3.154259512625754991e-01
-1.088489964316005087e+00
-2.038621259733243818e+00
-2.072633334719339526e+00
-1.329901336195357553e+00
-5.726151708968806320e-01
-5.503022496213780812e-01
-1.006236215411684398e+00
-1.132560216341371495e+00
-8.805868550496624980e-01
-4.856385679222302576e-01
1.589370513363323190e-01
8.248402750091111679e-01
1.314285427201886236e+00
1.882139009741702118e+00
2.245561184371168473e+00
1.870618144662180793e+00
9.011260171539139385e-01
-4.309506234464665492e-02
-7.337965163577988559e-01
-1.638884475533231688e+00
-2.542815502649648618e+00
-2.410809557215450649e+00
-1.204461801404719479e+00
-1.457950179309074334e-01
-1.263265641483885815e-01
-8.272623177495694868e-01
-1.418556741053139891e+00
-1.381356854538960954e+00
-9.204596841175149979e-01
-4.122726396475451249e-01
1.096984712665853984e-01
5.980155664253410386e-01
9.619290808812639426e-01
1.169979117472010666e+00
1.265767104210914651e+00
1.148198311419548201e+00
6.853484957542894662e-01
1.743633615095242506e-01
-4.695915256862640691e-02
-2.926833952343462983e-02
2.453861953845634103e-01
7.092885064147446128e-01
8.610575596247566077e-01
7.477884383156931936e-01
9.065745741108752753e-01
1.080599963990951373e+00
7.030220594463471029e-01
5.278607045731143615e-02
-2.674512376998540164e-01
-2.831695798243098472e-01
-2.164217110374654918e-01
-1.124164797083150036e-01
-1.837774309788005322e-01
-3.048572572668078462e-01
3.456775827038582188e-02
6.016138816408165280e-01
7.040944299212579249e-01
4.028992077264228477e-01
1.855713866985043703e-01
1.717159936775859985e-01
8.851950082447618273e-02
-3.110156783780999024e-01
-7.019786564270201756e-01
-4.828739164068145961e-01
4.338755913395256902e-01
1.187430865234468058e+00
8.054396696295175184e-01
-2.911049938310171226e-01
-1.050686644111483270e+00
-1.404297959122293049e+00
-1.642628365556104697e+00
-1.702006871425793433e+00
-1.258388389064880375e+00
-2.727146448872705409e-01
6.450174024860487743e-01
8.555844158541094924e-01
3.697273064301205281e-01
-3.479929987066081032e-01
-1.026941681579235821e+00
-1.509588196962604600e+00
-1.611760301255107830e+00
-1.193989895785440014e+00
-7.418367644115169135e-01
-8.524118708243465514e-01
-9.170174651574687363e-01
-3.265746239539198958e-01
4.372316151160012820e-01
8.469364691679422963e-01
9.836219413134636991e-01
1.236260910404076041e+00
1.694021543430164645e+00
1.803506227952377028e+00
1.143313202071120749e+00
1.277571601218721598e-01
-5.631915739017636646e-01
-5.628561823992351831e-01
3.256018974245501463e-01
1.436606133083219383e+00
1.351679259329988669e+00
2.074473368929710404e-01
-5.473868703210349462e-01
-6.423592101991457692e-01
-5.881109467605870611e-01
-5.383191649905400000e-01
-7.075492849285385244e-01
-1.202603594959910538e+00
-1.672182766554902056e+00
-1.632976272487968394e+00
-9.858455468913720487e-01
-2.633804845977741893e-01
-7.284686680923903486e-03
-1.171723742258222595e-01
-1.447687182022899255e-01
3.592238023431910954e-02
2.291487111513592148e-02
-2.946391277531585917e-01
-5.452772390780172840e-01
-4.386789769340715961e-01
-1.981385103084444266e-01
-3.895207050846519192e-01
-7.790685522332183588e-01
-5.233849245973595243e-01
3.864999582199664108e-01
1.244359335330110783e+00
1.668353695558655980e+00
1.657645671870852988e+00
1.235565930088367237e+00
6.657996713636449293e-01
5.267334114357518082e-01
1.009571855955750053e+00
1.340599813122754114e+00
5.330924393620991575e-01
-1.030888928005138316e+00
-2.085570739749254443e+00
-2.294126810938641015e+00
-2.193475886913216044e+00
-1.794435991235276751e+00
-9.342545011300763536e-01
-4.994241553390389998e-01
-8.223510788559185158e-01
-7.646789802621283272e-01
-6.944752969408331256e-02
4.138944895920799727e-01
4.219844832488451325e-01
5.020870494578064808e-02
-5.151207539136990476e-01
-8.931346657392114086e-01
-1.070762027537889294e+00
-1.291119046671206361e+00
-1.489530468340743097e+00
-1.439938470046891350e+00
-1.188139750511802317e+00
-8.669925972471453912e-01
-4.109500481061791888e-01
3.323746671980959411e-01
1.015841350937449983e+00
9.280241862462625946e-01
3.344959879884557563e-01
7.477205128285324687e-01
6.629218647824419719e-01
-3.829904475453499990e-01
-1.630287912857115051e+00
-2.080961968994234468e+00
-1.346889446909367516e+00
6.514461966548440279e-03
1.107697351831438581e+00
1.446263130604004798e+00
9.756372146422009894e-01
2.073987726391820774e-01
-2.236211258454489093e-01
-3.358115376853770817e-01
-6.894278997653816576e-01
-1.356066730539070120e+00
-1.755090174138657089e+00
-1.348659937184744306e+00
-3.596399846454562677e-01
3.656284230279378544e-01
5.203903141658565712e-01
2.768217062053719424e-01
-2.551174835230886062e-01
-6.096631123329860902e-01
-6.043578079968057182e-01
-6.880837477087726750e-01
-9.624590958480992997e-01
-1.392724049114169915e+00
-1.863494968046631728e+00
-1.955569922791384974e+00
-1.546844850568771745e+00
-1.044710382566549578e+00
-9.097670572430031077e-01
-1.144325608327812605e+00
-1.137073092834447241e+00
-4.682159831409005712e-01
4.158448639382643086e-01
8.795289579095630916e-01
1.048574585869993303e+00
1.369238256243223040e+00
1.547381052669330792e+00
1.395239550712002119e+00
1.117465077071876589e+00
4.537544571791323200e-01
-4.456354521222866127e-01
-1.054459019129247999e+00
-1.066837969011065645e+00
-4.372469324222381659e-01
1.461224781944582829e-01
1.178280161186584241e-01
-1.942582681367877595e-01
-3.282823646246386118e-01
-1.538727706911864890e-01
-5.171222579377586330e-03
-4.713961595183120412e-01
-1.395844286212648111e+00
-1.830456636834646433e+00
-1.100332966382066680e+00
2.621743787171489370e-01
9.162724315491270755e-01
2.173538930792200119e-01
-9.870801364619674612e-01
-1.650159862180630821e+00
-1.974096706578408744e+00
-2.278139985672250400e+00
-2.010838533194287514e+00
-1.129176002072657781e+00
-6.518678581482739709e-01
-9.003551361749259074e-01
-9.047512035325849800e-01
-3.571937163414696248e-01
1.036896262668607072e-01
4.431706955919360036e-01
9.300049092857740618e-01
1.426566901797317710e+00
1.723480229256792784e+00
1.735626426005954182e+00
1.594153893760812180e+00
1.521692090100608130e+00
1.327034171205991209e+00
9.117924791016334130e-01
6.612542064034893086e-01
5.067242742171739200e-01
2.053210155058683983e-01
-2.108619091803617257e-02
1.102531433736434197e-01
5.245568514861190801e-01
8.465506884900053652e-01
9.790172651404122073e-01
1.210167942135430108e+00
1.502283924348350119e+00
1.614573599337266074e+00
1.421591531017022181e+00
8.328312244190213542e-01
1.839735238755439151e-01
-1.633035169491674765e-01
-3.762189338508639680e-01
-4.455673172505534851e-01
-3.085326913915714675e-01
-2.986328986883898459e-02
3.837056578775908111e-01
4.332660790015894214e-01
-2.747356602066425291e-01
-1.111997538713505707e+00
-1.353556480564761966e+00
-1.213994140836763602e+00
-1.046453204063512166e+00
-4.225224099962069380e-01
7.769716519463957249e-01
1.532635393192361528e+00
1.233123026934980215e+00
5.456709663076683148e-01
4.021199038704008077e-01
1.035000678918870376e+00
1.686339225054529711e+00
1.361492031418156223e+00
2.319679601288403281e-01
-5.753640304720202270e-01
-5.014555147025940851e-01
-3.918084133442154698e-02
4.233104590195375105e-01
1.238975176722859395e+00
2.223626225135128642e+00
2.349954735106399184e+00
1.368186465862487156e+00
4.259582254872807394e-01
4.260114294482620356e-01
1.014796361710436523e+00
1.275447659564582503e+00
8.038089944059374492e-01
2.184565883951033322e-02
-5.259608898539398503e-01
-7.379126262380895085e-01
-9.284526935402775960e-01
-1.247342552754217015e+00
-1.311775487283865393e+00
-1.046423039128895338e+00
-8.170464554470429075e-01
-6.812853383231360915e-01
-6.471977703312590258e-01
-5.894111490683667798e-01
-2.117172126206570970e-01
3.823271082242760133e-01
8.004246584205820803e-01
8.584362592111172141e-01
6.315669462346715779e-01
2.472746511906298850e-01
3.194945819344276183e-02
1.542099869973004474e-02
-2.244419195274054424e-01
-6.015267227473169998e-01
-7.421988047341182559e-01
-6.142179122830587756e-01
-3.775768107183483657e-01
-3.765211422375414618e-01
-6.860990793382480968e-01
-9.220625598568684689e-01
-9.442256776112490924e-01
-8.852102700063848584e-01
-8.859972396559441243e-01
-9.503380830503437293e-01
-1.074915718011395516e+00
-1.319408843783749896e+00
-1.367992187225381517e+00
-7.225438108481855304e-01
2.406563308425664904e-01
8.934673922539543289e-01
1.324490025184190234e+00
1.299985829490264644e+00
4.863071550724076819e-01
-3.076174914476204614e-01
-3.023875510538902578e-01
2.423477201574923967e-01
9.979058315227348208e-01
1.690360355933660408e+00
1.896194562615711288e+00
1.695884651217648864e+00
1.168653449411499956e+00
5.446457528561968187e-02
-1.055301885372683879e+00
-1.088583900573211638e+00
-3.917258745980134460e-01
-5.603825270400203395e-02
2.753405433121589030e-02
4.939796206944401247e-01
1.263298038528875455e+00
1.714393448425054256e+00
1.597212190290256295e+00
1.106084406122983754e+00
5.930201082123712775e-01
5.601409930773666446e-01
9.513528969000656366e-01
9.754704576359131130e-01
2.261098011368893324e-01
-6.361878964294438443e-01
-9.101723295226026300e-01
-7.747423666605109949e-01
-6.722426168421973269e-01
-6.575902609407281441e-01
-4.612581198887633627e-01
-1.242204849859688265e-01
-5.443504551120026402e-01
-4.261738596059363449e-01
-4.859165406396392384e-01
-1.036105183955053910e+00
-1.454170673147963555e+00
-1.343999854752501166e+00
-8.410902766136577613e-01
-2.247104382478470608e-01
3.509495028121984994e-01
6.149078383664999814e-01
4.476507166007653860e-01
2.176192806711614580e-01
8.940024877793781299e-02
1.285763899611965522e-01
4.741943009089594208e-01
6.549610388607440825e-01
2.774289254617726685e-01
-7.205036016820441647e-02
1.648904456196377821e-01
5.801603126001104727e-01
3.817210373624851938e-01
-3.794734642944878056e-01
-8.557076971084101036e-01
-5.612519498742037927e-01
2.661680412786364136e-01
8.236279182034673685e-01
5.853672862089898121e-01
2.437967670053357849e-01
4.304651177005658358e-01
6.354089380135733434e-01
5.950350021081951546e-01
8.249836892520959752e-01
1.266594796173903692e+00
1.326463458282484131e+00
9.465737516541506968e-01
3.483413264784959162e-01
-1.689884548996231084e-01
-8.735642086744911661e-02
3.613756265933769085e-01
3.810019754745299081e-01
2.140816012233292751e-02
-8.110766906603640580e-02
3.397972571461073676e-01
1.069565492175294175e+00
1.610881651829906724e+00
1.419945849591076614e+00
4.952982807343020988e-01
-2.630407470571333173e-01
-1.777845230504961904e-01
2.725389176500109256e-01
5.739214958400560285e-01
8.684141371114864061e-01
1.008518982610034476e+00
4.697439990558126000e-01
-4.600315068962515519e-01
-7.082316160499266822e-01
-2.272136722129381170e-01
-2.583786176266523668e-02
-4.060663422261310274e-01
-8.390220358659296052e-01
-1.040775891045673029e+00
-1.099205627509445948e+00
-9.522523380798709747e-01
-5.892665496009273918e-01
-2.581067682736757907e-01
-2.947853835329777850e-01
-6.270535501796491440e-01
-6.120860713215182658e-01
-5.330662514645368999e-01
-1.210015914705770301e+00
-1.941239471300845842e+00
-1.944222690598186531e+00
-1.707258723113861176e+00
-1.570387100279251769e+00
-1.525959452139810324e+00
-1.525957493639479523e+00
-1.534875485387714678e+00
-1.704244849423451669e+00
-1.717085066230226387e+00
-1.163872760132226958e+00
-5.320727136896344911e-01
-5.189207934333798233e-01
-9.219313173455575550e-01
-1.214230915341576678e+00
-1.193943114965247521e+00
-7.078248806230627022e-01
1.292245870348016912e-01
7.138108820709209157e-01
5.837195962047017073e-01
7.290107772673103115e-02
-1.183391429310171744e-01
3.673666918794472602e-01
1.291328685303216872e+00
1.941026845197362904e+00
1.921961964837912484e+00
1.573532939451361523e+00
1.279488924646258408e+00
9.289779783295335491e-01
3.926460273314837102e-02
-1.287655284464733763e+00
-2.055221118653110857e+00
-1.762443839621995245e+00
-8.708043720158157308e-01
-1.898274083208929819e-01
-1.926492995669111530e-02
7.880673527098617723e-03
7.575617272040449657e-02
1.984024292487394370e-01
3.602357958446081865e-01
4.417417437757114596e-01
5.150652021235546663e-01
7.726527862356084020e-01
9.318289452669215045e-01
6.463893214144592614e-01
1.680023216701487798e-01
-1.883107475272443598e-01
-4.814306105763836441e-01
-9.682553482868573314e-01
-1.679154401679815445e+00
-2.228571421052082613e+00
-2.064374353398886086e+00
-9.717920255685894571e-01
3.177761368030793121e-01
9.450299708170184498e-01
1.054042145653022899e+00
1.214897637598346902e+00
1.308783502056547254e+00
8.442575136127354885e-01
-7.842305467796269192e-02
-8.654159229993189095e-01
-1.059864209165932936e+00
-8.158779388169042912e-01
-4.589944973773502079e-01
8.772225459255870994e-02
5.698615316875470516e-01
4.969277599401981660e-01
-1.332047466212854525e-01
-8.888391296104042327e-01
-1.074567881030179528e+00
-4.815557441114598491e-01
1.719168482895419015e-01
3.823446009898985865e-01
3.122715934761112200e-01
-1.238318702774581920e-01
-9.971428533829683749e-01
-1.507942662016691138e+00
-9.705623345288113546e-01
1.504323829210123531e-01
9.671590127555461658e-01
1.150146970048375739e+00
1.179959356029450124e+00
1.375543893536161466e+00
1.554988663167235829e+00
1.602964055204688654e+00
1.494353453667958131e+00
1.162750038427748045e+00
7.766067455732619251e-01
6.678195211261150899e-01
8.411007816407839455e-01
1.073189378390188464e+00
1.201296886161031807e+00
9.445159580131555765e-01
2.317917033648860536e-01
-5.722068452326365406e-01
-1.375105268256904711e+00
-2.137304442749595967e+00
-2.642332704408464572e+00
-2.720550522432235052e+00
-2.386768070239882800e+00
-1.567336371354860702e+00
-7.166442971063581302e-01
-1.673337756839211876e-01
-5.951546564762046770e-02
-8.751763387859400056e-02
2.265728321318242477e-01
8.488812845055387912e-01
1.475198721482416486e+00
1.908626338821311608e+00
2.130482898674865400e+00
2.215956304176887048e+00
2.056284930194126392e+00
1.660418827998689117e+00
1.285774104394028505e+00
6.960454629063762555e-01
-6.450553600739775129e-02
-1.282703691031055193e-01
4.249134088410422283e-01
5.586256979542214562e-01
2.445917413431460130e-01
2.288348436422829035e-01
4.805433371116006880e-01
5.388171944594801754e-01
4.386604456364666671e-01
4.451684815886248203e-01
5.273897011273737112e-01
5.123755675678838273e-01
2.897473860374109034e-01
-7.825436243593367203e-02
-2.623540348440226433e-01
-1.846276047957234323e-01
-9.226889915686309340e-01
-1.388090589581395751e+00
-4.937256160192604604e-01
1.665793249488910721e+00
2.800269516629478872e+00
2.696277537588749329e+00
1.563165158651587117e+00
9.817071881185976956e-01
1.045556183026561170e+00
1.032811216813996902e+00
6.318829571249662269e-01
1.983774296820221827e-01
1.674458175815388972e-01
3.056777757657076489e-01
3.332890080663790111e-01
3.956175065306934968e-01
1.251366371097311081e-01
-3.313145239970376466e-01
-1.132175120532919743e-01
6.688678054377396043e-01
1.126476909411907812e+00
8.979919556182519580e-01
4.993324631294562277e-01
2.819368765870550186e-01
-2.777314244625319478e-03
-5.427914242084909135e-01
-1.164815166884722863e+00
-1.284836598930571006e+00
-5.713243850024360970e-01
2.732414034845107031e-01
5.310655787930467220e-01
4.986206765205129510e-01
3.942616017570955700e-01
1.588706338875187640e-01
1.442062118084605771e-01
3.277612727806971660e-01
9.246639594015650110e-02
-1.541467979724186754e-01
3.571699780030330729e-01
8.676737623923427289e-01
5.048764275315203998e-01
-3.375037507361485223e-01
-7.698418945564172722e-01
-5.220254077364376855e-01
-1.119337427437181037e-01
-2.001915474800896044e-01
-9.773331283865550612e-01
-1.719867609294017496e+00
-1.584427225054389821e+00
-8.733741707694392398e-01
-2.899895291567206046e-01
-1.055811660197828322e-01
-3.543260514240836878e-01
-6.936712258566040123e-01
-7.266881597561609674e-01
-4.938642321871566376e-01
-3.881950137997166594e-01
-8.468296921176307057e-01
-1.561873900578546026e+00
-1.622033603657671463e+00
-1.009275916516477967e+00
-5.182017958918536671e-01
-2.871422933236467689e-01
2.537955582602857141e-01
1.159173391118810237e+00
1.633952903573546722e+00
1.166706023508474077e+00
1.580012861363131738e-01
-7.415140913873907724e-01
-9.776821105956150504e-01
-4.900983951811566652e-01
1.223296132123883190e-01
6.264468639478043555e-01
6.776011332331821624e-01
-2.407979324966488255e-01
-1.294321647293892985e+00
-1.303000453143412507e+00
-2.629273695809627442e-01
1.100877773836025364e+00
1.872496424422488648e+00
1.618392774622021912e+00
7.287268085506821702e-01
-1.903366092390347819e-01
-8.157392875982020231e-01
-1.067944532840391370e+00
-1.048663676218689389e+00
-9.992633551896981103e-01
-6.871893786894253120e-01
2.206325853332503917e-01
1.113378441594534696e+00
1.249322202333805976e+00
8.878637012056838085e-01
4.677719069120370166e-01
-1.339887374392753905e-01
-8.226099641776429827e-01
-1.164716368564004512e+00
-8.475224529117822980e-01
-2.877848783090590223e-01
-3.674014252329547703e-01
-8.574503213126185575e-01
-8.669438227211874182e-01
-3.211785244332985290e-01
5.644819310954873881e-01
1.642199045450891459e+00
1.984040232416881766e+00
1.137937052075167710e+00
3.567945484773706877e-01
3.242731124112400720e-01
4.765536612908549685e-01
4.623415068130384276e-01
2.291760207042385089e-01
-1.525804635382142227e-01
-4.246646898469376152e-01
-6.593957960288925058e-02
9.866627378965028283e-01
1.668171922971237953e+00
1.547188191439321292e+00
1.511305474427608875e+00
1.514405408188734592e+00
6.217628865597920607e-01
-7.594983682768865485e-01
-1.210983393809117681e+00
-6.926847808770377757e-01
-4.855044976376873267e-01
-9.207877015253985720e-01
-1.187032681829887970e+00
-8.384045047486842206e-01
-2.326401747032215417e-01
1.623567172513020185e-01
1.894125433707726236e-01
2.607601931705313958e-01
7.572919328984840659e-01
1.077671865378716731e+00
6.360865907338505432e-01
-2.018361593964741740e-01
-1.207010064219826928e+00
-2.479486195703044515e+00
-2.815667857529561058e+00
-2.815667857529561058e+00
-2.815667857529561058e+00
-1.808556478953614821e+00
-8.552812134192244731e-01
-4.094561650090197125e-01
-4.226937114418771735e-02
3.418063541923259119e-01
4.312250497108549019e-01
1.391978727177965447e-01
-1.331209711421885433e-01
-1.293044188730468891e-02
4.423830088281647810e-01
1.031748463486765077e+00
1.530264906480375720e+00
1.878996078070819031e+00
2.077493079991215463e+00
2.008322218941959392e+00
1.581390828721876085e+00
9.595836430531687888e-01
5.767006277601293140e-01
5.333433475554660852e-01
6.003405153795623450e-01
5.898516746007660405e-01
5.062399398668508965e-01
4.893438491566477477e-01
3.646502198102473113e-01
-2.201387963055091157e-01
-1.382730149967547284e+00
-2.311407927152316244e+00
-1.999577918901715323e+00
-1.230985961103621573e+00
-1.248147124907146077e+00
-1.517897571851978267e+00
-1.345486874648988307e+00
-7.802072510625003288e-01
7.849205829676067503e-02
6.564397102375769677e-01
4.777678703330739962e-01
1.116224476027274093e-01
1.993220046585165994e-01
4.436293498247982359e-01
3.462951459012296729e-01
-1.130608090459226112e-01
-4.206460131622694609e-01
-1.167901456636946944e-01
5.095043199012107005e-01
1.013269658109238192e+00
9.082490677915161514e-01
-7.585295845826535432e-02
-1.121318535462595412e+00
-1.469703071270309414e+00
-1.105149324819776124e+00
-8.057246228021969214e-02
1.021923163143134472e+00
1.072177414882823587e+00
2.104489156775765368e-01
-1.776932508663681132e-01
1.911021807987777488e-01
3.231249843554641066e-01
4.430372510103192454e-03
-1.917834518100829111e-01
-1.570540637722492860e-01
9.907196839537024680e-01
6.198157877895752454e-01
-5.355759134596013160e-01
-1.049886400578806223e+00
-8.235141416626254873e-01
-7.849236205351426410e-01
-1.209434660680274165e+00
-1.581519480135539446e+00
-1.759124423504998980e+00
-1.972098166235198402e+00
-1.884548201214656826e+00
-9.933285923888095503e-01
3.507487722273214814e-01
1.196588745768100370e+00
1.011349597397276812e+00
4.557325494715567249e-01
6.348169678012818284e-01
1.291551288313939061e+00
1.308538130475921379e+00
7.498235624131213140e-01
5.484727567891283240e-01
9.805701318080758400e-01
1.626927399562744236e+00
1.840155400643457284e+00
1.279406673019517493e+00
2.902354531418955275e-01
-4.201993256905208196e-01
-2.702727813221412756e-01
2.941144010280681287e-01
2.079016746630638623e-01
-2.708018754501117509e-01
-7.490162079116841412e-03
6.774128803150561984e-01
6.560308028105902300e-01
3.042909052932387115e-01
4.165885299123670005e-01
7.865228018094134743e-01
1.032056699728937543e+00
9.855121494656781111e-01
5.048047594294825524e-01
-1.069021803407222693e-01
-5.096993362527767191e-02
5.831072325884882890e-01
9.120800654507715821e-01
6.223476337816388204e-01
-6.833071102793594753e-02
-5.689229429071424038e-01
-6.312872293036508875e-01
-5.783669511243550998e-01
-4.661051219035719506e-01
-6.091462937355790475e-01
-1.324384954382832547e+00
-1.988617400054087270e+00
-2.003605757354400829e+00
-1.679621410854761132e+00
-1.378854583633580377e+00
-9.003086383263939618e-01
-2.784081051283495700e-01
2.106910528620072887e-01
4.917177569049978603e-01
4.702823160392606838e-01
1.785556149486361155e-01
-1.117544209223612639e-01
-2.809722119460135725e-01
-4.985866380395811426e-01
-7.169533044713882752e-01
-4.147270383131464455e-01
2.842324433162285446e-01
2.228166561254686928e-01
-8.762936394105272919e-01
-1.760631167181638812e+00
-1.531088939678110661e+00
-7.841798038881667710e-01
-5.412702041670028885e-01
-1.015258629382418176e+00
-1.371060456071889089e+00
-7.539089421786890899e-01
5.534529213208171372e-01
1.286377763830662824e+00
9.189942707716560744e-01
3.702322747397730485e-01
3.289531236195803454e-01
5.385179463716952553e-01
8.516526718188681677e-01
1.273564488156879726e+00
1.372314279140420368e+00
1.074979331948555439e+00
8.496600066518664729e-01
7.044851891840876457e-01
4.889923920975943195e-01
4.952563319584155632e-01
1.193382719419974425e+00
2.439397693537769474e+00
2.736627915796348454e+00
2.353279454482203104e+00
4.672490039723891098e-01
-1.091833300104606996e+00
-1.699862797409382287e+00
-1.782857990825350791e+00
-1.560583842111270547e+00
-1.029820243290555437e+00
-4.987890199186920670e-01
-3.462495863178241540e-01
-5.375930849069049389e-01
-7.449901469742939986e-01
-8.734567407424429497e-01
-8.573624029727733298e-01
-4.604242205412027444e-01
-1.482758048442056331e-01
-3.299941302590338466e-01
-2.204245400007374400e-01
4.803039930066327345e-01
8.625124405044684028e-01
4.062574733901016533e-01
-4.005003352006174522e-01
-1.064150301298239842e+00
-1.543064879971748349e+00
-1.537694549690847179e+00
-4.412070736370722335e-01
1.181445567707486877e+00
1.643188217462911327e+00
6.800832619727092965e-01
-2.774162140754292682e-01
-3.697253288997034426e-01
1.637741842778443757e-01
5.090745953330121365e-01
7.595331253746196234e-03
-7.484248090899050521e-01
-9.628213942601904218e-01
-7.716944209897013129e-01
-3.389772897415245234e-01
4.182063893287087941e-01
1.235670310062241706e+00
1.509745892135441636e+00
1.008020807123502838e+00
2.771884704418459688e-01
-5.322494634672867431e-01
-1.682173590851739453e+00
-2.248938423817485877e+00
-1.346946336733206628e+00
4.351011110409458427e-02
4.897232281665555576e-01
1.393651799889878695e-01
2.198167049470746079e-02
5.197129939934873599e-01
1.052392403520908459e+00
9.295688642896946519e-01
3.547925358296925014e-01
-2.119386886207829668e-01
-5.820839929592995787e-01
-5.514395118178959665e-01
-3.201001897708073973e-01
-2.349948827880314339e-01
-2.334120543490076916e-01
-2.235729297073860145e-01
-2.025947417270063389e-01
-5.694184514979154510e-02
1.003393548957510206e-01
2.242561285054036069e-01
4.943007554107612389e-01
8.011073311320966450e-01
1.114213298065053426e+00
1.720857082448185693e+00
2.382423896900829785e+00
2.213943204969342826e+00
1.188487387139848250e+00
4.807602856079029596e-01
2.628206267407549590e-01
-2.143853183585765765e-01
-6.435775622321977529e-01
-5.837903345131686406e-01
-5.397194732954156970e-01
-7.429652556193950819e-01
-9.023558080972813311e-01
-9.651753810142702505e-01
-7.039993563401976129e-01
2.337624861999635650e-01
1.319551067591744564e+00
1.463099902271738140e+00
7.768985317217250719e-01
9.065469960095952351e-02
-4.634024922723692930e-01
-1.134073937788769415e+00
-2.004242625665488386e+00
-2.632479931353642666e+00
-2.216277509748458829e+00
-9.192530998447777657e-01
1.272787623139382818e-01
5.774845119422203910e-01
7.882456150485318558e-01
8.763014123164277747e-01
8.331286803623400017e-01
8.319241992577677269e-01
9.584295660354195112e-01
1.111026276995180639e+00
9.683525359425730894e-01
3.069947562070539648e-01
-3.736116847845378230e-01
-4.384279712910624238e-01
-9.809113653715570424e-02
-3.932854712165776423e-01
-9.127009697680706912e-01
-1.444873830849925822e+00
-1.591259220302538413e+00
-1.282720346657353350e+00
-1.032712857234656001e+00
-9.498328095396524340e-01
-7.147157215522023099e-01
-5.542957143867268677e-01
-8.520605962684854040e-01
-1.196464011115588644e+00
-9.668064532510125542e-01
-4.134241799092590597e-01
-4.349549197639453885e-02
4.781332446620482068e-01
1.564872602592960904e+00
2.326469039523400895e+00
1.784501000054953490e+00
6.364673240877654070e-01
-2.477059934642568129e-01
-1.255720819426578982e+00
-2.408505343283981137e+00
-2.738503262695882512e+00
-2.738503262695882512e+00
-2.010264908562374941e+00
-7.611441982981129728e-01
-1.115216956990401770e-01
-3.617402498363128660e-01
-5.854781381847303789e-01
-1.928591857372792887e-02
7.309469647596016362e-01
9.118015993925729923e-01
7.168103088019612823e-01
4.956446885643372990e-01
2.134325218985249351e-01
-1.356076590210851252e-01
-5.119760779905809800e-01
-7.172083695435527151e-01
-5.781409525046217190e-01
-4.911483473565019797e-01
-5.258621322238695717e-01
-2.529770196183211972e-01
2.766839744550859681e-01
6.510601202273055277e-01
6.902549428319799674e-01
4.949538780905446411e-01
2.547652582317710412e-01
5.889372816191837390e-02
-5.000894006569366057e-02
1.971767668041658483e-01
9.067746477709817121e-01
1.548605382257200791e+00
1.411088756209500028e+00
6.956091877867051076e-01
2.639948862621775416e-01
2.543907109076235518e-01
5.028168324178092785e-01
1.051249057933763664e+00
1.418908978500030171e+00
1.135027952135495344e+00
4.988275884202026389e-01
6.830756440483463920e-02
1.327628559227220055e-02
6.187162982154973540e-02
1.095886214130885467e-01
1.380975339743582830e-01
-4.114902504716057285e-02
-3.916058001031231250e-01
-7.577988354481591804e-01
-1.061520159880118275e+00
-1.082799298256675424e+00
-7.486922281122271317e-01
-4.785501831764228942e-01
-4.386877031480015399e-01
-2.470400163488216672e-01
1.209928273686071282e-01
3.839102605040500271e-01
3.160745840958274488e-01
-2.520986070800478873e-01
-8.446651748208978683e-01
-5.147302728006593053e-01
7.333038471255828306e-01
1.649420314104331764e+00
1.556654567238576758e+00
1.124927912231295624e+00
8.144688502715119460e-01
3.750609859728497031e-01
1.054787872701539314e-01
5.529805288373081940e-01
1.105364319360411240e+00
8.324908192629701942e-01
-9.440138169731374096e-02
-8.174139763128969172e-01
-9.904111326019023887e-01
-1.064333789719853485e+00
-1.208661992959115583e+00
-1.075891356368722240e+00
-5.755268207434444117e-01
1.454194499948370869e-02
6.159688305628381322e-01
1.345161250262679298e+00
1.831831208559211444e+00
1.509730253560525037e+00
6.890569187255850547e-01
1.298430519232741942e-01
-7.624444740157100553e-02
-3.234905166431620294e-01
-7.686275448092418916e-01
-9.712933985451274177e-01
-4.101400468591835935e-01
5.579566338257128111e-01
1.194344436564449774e+00
1.440274268932013157e+00
1.711083615253491841e+00
1.937639927883437529e+00
1.633931998187118761e+00
7.501735696571150136e-01
-4.240546723196932377e-01
-1.410993490354424340e+00
-1.574992088627563014e+00
-1.028018434936586623e+00
-4.689182410301163673e-01
-9.335603528560758313e-02
2.083989794495353376e-01
4.933771478271700150e-01
6.089015990520111332e-01
3.086194862135087646e-01
-1.550041479592859095e-01
-2.504143991293812377e-01
5.799529009445292260e-02
3.040089715868145026e-01
3.182575628097312204e-01
1.593627743096606708e-01
-2.375614853984391872e-01
-6.552457143694999653e-01
-7.394840167470070336e-01
-3.840055144015900868e-01
2.798600905157938579e-01
5.231712663084957526e-01
-1.435887249146209077e-01
-1.245695795962480146e+00
-2.178267014345790287e+00
-2.579467198443055054e+00
-2.265163457672613845e+00
-1.518033623040394353e+00
-6.811244354005833168e-01
2.823439736000294964e-01
1.001691633201568843e+00
8.828822688946698083e-01
2.680436589118674329e-01
-1.254902980290937414e-02
1.144360642562231578e-01
3.278785850373783783e-01
6.581954714284250496e-01
8.996773342347827995e-01
3.228061766486797213e-01
-9.701150578773816147e-01
-1.485476635652387856e+00
-6.926882407982166701e-01
4.208059023014295019e-01
1.221823739431028066e+00
1.431374342267846433e+00
9.358602667378340678e-01
3.754875572054275912e-01
2.236876833870974357e-01
3.757163850609086808e-02
-3.071240571248192719e-01
-2.345937329097326496e-01
1.590214931626546535e-01
2.008465617927061575e-01
-1.807701695857476809e-01
-4.491489599391735310e-01
-5.309638388850446145e-02
9.986528690504631323e-01
2.050181511383821320e+00
2.518019454212597985e+00
2.268010880479202296e+00
1.363055349260761551e+00
5.079026878596329952e-01
9.292943830156786822e-01
2.369020290058650335e+00
2.733897860769939125e+00
1.417014378177914979e+00
4.712982284919441101e-02
-5.335427168177084845e-01
-8.342415403432085208e-01
-1.205711303370026188e+00
-1.332830619189221411e+00
-8.253343441475993192e-01
-3.548948520346977276e-01
-6.443783140697889600e-01
-9.742901268236900947e-01
-7.853149549254671014e-01
-6.229159084633683063e-01
-7.702016990472692060e-01
-9.326789896196955310e-01
-9.204347423214646051e-01
-6.078239645994838458e-01
-1.040842344234965133e-01
1.308166422915251759e-01
-5.951495971607609903e-01
-9.941503322651746855e-01
-9.781058297891531694e-01
-5.918194018844363802e-01
-5.017081312698866702e-01
-7.899641356457103303e-01
-1.044504060711603399e+00
-1.132787504659113598e+00
-1.108974118550674737e+00
-9.467760331982232325e-01
-3.938118822904722593e-01
6.489064558805500704e-01
1.682741991989330277e+00
1.976512765529710336e+00
1.565398971800057826e+00
1.104992838625243445e+00
7.691073227341921337e-01
5.829777358357505213e-01
7.417729951141386335e-01
1.165642634032455494e+00
1.344213957830480588e+00
7.087194850215242647e-01
-2.480110163526262346e-01
-5.241972655508959633e-01
-9.364595300504775788e-02
2.967675720681877682e-01
3.204372586547182822e-01
4.849586678928680672e-01
8.303494642291543437e-01
6.770084478367662806e-01
-9.273496070365834509e-02
-8.621027954365796386e-01
-7.959936064807822120e-01
1.141498772174175252e-01
6.733780115226996044e-01
2.750199643538756566e-01
-3.390466591980183519e-01
-7.053545011319088953e-01
-1.212651614978324410e+00
-1.946518281425245744e+00
-2.323330727059785605e+00
-2.061567791254967918e+00
-1.628985788985864547e+00
-1.264485471031158159e+00
-5.632892792892475464e-01
1.516839086089210586e-01
2.369231747379612896e-01
1.516130025081977584e-01
2.736859422669273845e-01
3.261272941446068940e-01
2.705171366295196500e-01
1.885262326433570224e-01
4.678834303706251585e-02
-7.770114288019827620e-02
-8.793694704017077091e-02
-7.509778721001587887e-02
-3.065363713334216533e-01
-5.844204653017788242e-01
-4.552098226451767871e-01
-2.212745846685682249e-01
-5.483697472561263053e-01
-1.217265999781484975e+00
-1.518487309346591152e+00
-1.298069490642292489e+00
-6.515273457666630463e-01
2.143474410917970141e-01
5.136448628171044195e-01
-1.745816435045063897e-01
-1.029036249601451347e+00
-1.249141253733931034e+00
-8.730987924242031850e-01
-4.775060242330027988e-02
7.310611426339531649e-01
5.676279423588392881e-01
-4.232622270029139377e-01
-9.369195574245816616e-01
-3.820351283825537680e-01
6.160735838255990693e-01
1.378057371628244931e+00
1.681431998283775542e+00
1.733344856592260896e+00
1.774284722468935760e+00
1.594482365981012117e+00
9.091959293757336802e-01
4.538425436805644531e-02
-5.201971349528171640e-01
-6.726492786704871829e-01
-4.172779443077976325e-01
4.872546846845129398e-01
1.951271265808893540e+00
2.651224853999221587e+00
1.449539436223256983e+00
-7.955800655880524985e-01
-2.326584142096612684e+00
-2.563353746358900231e+00
-2.186265771508290712e+00
-1.747467531450026312e+00
-1.082480800257187514e+00
-2.002377627230130519e-01
3.299023326271569578e-01
1.830966725742780576e-01
-4.547329498923755042e-01
-1.090486990087842889e+00
-1.209262797098160425e+00
-7.947093964183835624e-01
-4.366550176155234997e-01
-6.544020387580503639e-01
-1.226058864175668672e+00
-1.496332007624166627e+00
-1.291370038726192826e+00
-9.897909731811197487e-01
-7.355252628003279280e-01
-5.568100608281025821e-01
-6.508492880148579740e-01
-6.152014119216933086e-01
1.351419582462354101e-02
4.936465398281235650e-01
1.508431503730046919e-01
-6.064280398524460880e-01
-1.330270394375496323e+00
-1.642944101113145816e+00
-1.346864414345748440e+00
-8.005730432656036344e-01
-1.615134375261150501e-01
6.664113904183015524e-01
1.258077392952027918e+00
1.175781906850607461e+00
5.580493953529023221e-01
5.641257140046103402e-02
1.141745990916256809e-01
1.441590457638971257e-01
-3.514604226647656260e-01
-1.110610466953825037e+00
-1.789422027130542325e+00
-2.077022460867076425e+00
-2.023060898632200733e+00
-1.762409586560907515e+00
-1.034270892496333083e+00
6.645532204610800353e-02
1.161638268374035166e+00
1.953858349913280668e+00
2.062116658434147709e+00
1.459094866420574510e+00
8.759831631939107854e-01
1.039505530694670554e+00
1.560620104530641150e+00
1.449333069207784375e+00
5.708823503695009682e-01
-1.623048196364640372e-01
-1.355931233477485898e-01
2.222194408192395554e-01
3.599369660902561052e-01
4.980981804483176067e-01
9.006661107257118992e-01
1.111817493443886473e+00
7.756752638753442453e-01
1.696317287182702305e-01
-2.547743977264718129e-01
-1.392263302542359471e-01
5.560444694541850641e-01
1.385301106990830755e+00
1.446567585676510781e+00
4.737756416891820144e-01
-4.461467429222366055e-01
-4.910792916194235413e-01
9.916959258458030516e-03
6.257466701971629019e-01
9.487382172787619528e-01
5.678657394375232759e-01
1.344874760922183665e-01
3.598984151483343163e-01
9.021055084051793349e-01
1.259352226764369975e+00
1.224776584369867471e+00
8.063769394729026763e-01
1.698091714644624495e-01
-3.257236787486619267e-01
-6.076123899841159304e-01
-8.116041804799507542e-01
-5.884297029047620420e-01
5.318856179434568870e-02
3.950126396406088980e-01
1.597830562676222366e-01
-1.802989288484421471e-01
-3.494909891705696992e-02
6.452532774601416055e-01
1.275471154780837280e+00
1.352476388879338742e+00
9.681496736554957572e-01
4.690522862999035869e-01
9.708886393188090325e-02
5.286424811432990922e-02
7.210110147809010162e-01
1.685295113571400050e+00
1.557258657748125552e+00
5.948913894409409986e-01
3.851385221519904034e-01
8.578167201303971146e-01
9.362948235027018784e-01
4.607040248081898937e-01
