7.477205128285324687e-01
6.629218647824419719e-01
-3.829904475453499990e-01
-1.630287912857115051e+00
-2.080961968994234468e+00
-1.346889446909367516e+00
6.514461966548440279e-03
1.107697351831438581e+00
1.446263130604004798e+00
9.756372146422009894e-01
2.073987726391820774e-01
-2.236211258454489093e-01
-3.358115376853770817e-01
-6.894278997653816576e-01
-1.356066730539070120e+00
-1.755090174138657089e+00
-1.348659937184744306e+00
-3.596399846454562677e-01
3.656284230279378544e-01
5.203903141658565712e-01
2.768217062053719424e-01
-2.551174835230886062e-01
-6.096631123329860902e-01
-6.043578079968057182e-01
-6.880837477087726750e-01
-9.624590958480992997e-01
-1.392724049114169915e+00
-1.863494968046631728e+00
-1.955569922791384974e+00
-1.546844850568771745e+00
-1.044710382566549578e+00
-9.097670572430031077e-01
-1.144325608327812605e+00
-1.137073092834447241e+00
-4.682159831409005712e-01
4.158448639382643086e-01
8.795289579095630916e-01
1.048574585869993303e+00
1.369238256243223040e+00
1.547381052669330792e+00
1.395239550712002119e+00
1.117465077071876589e+00
4.537544571791323200e-01
-4.456354521222866127e-01
-1.054459019129247999e+00
-1.066837969011065645e+00
-4.372469324222381659e-01
1.461224781944582829e-01
1.178280161186584241e-01
-1.942582681367877595e-01
-3.282823646246386118e-01
-1.538727706911864890e-01
-5.171222579377586330e-03
-4.713961595183120412e-01
-1.395844286212648111e+00
-1.830456636834646433e+00
-1.100332966382066680e+00
2.621743787171489370e-01
9.162724315491270755e-01
2.173538930792200119e-01
-9.870801364619674612e-01
-1.650159862180630821e+00
-1.974096706578408744e+00
-2.278139985672250400e+00
-2.010838533194287514e+00
-1.129176002072657781e+00
-6.518678581482739709e-01
-9.003551361749259074e-01
-9.047512035325849800e-01
-3.571937163414696248e-01
1.036896262668607072e-01
4.431706955919360036e-01
9.300049092857740618e-01
1.426566901797317710e+00
1.723480229256792784e+00
1.735626426005954182e+00
1.594153893760812180e+00
1.521692090100608130e+00
1.327034171205991209e+00
9.117924791016334130e-01
6.612542064034893086e-01
5.067242742171739200e-01
2.053210155058683983e-01
-2.108619091803617257e-02
1.102531433736434197e-01
5.245568514861190801e-01
8.465506884900053652e-01
9.790172651404122073e-01
1.210167942135430108e+00
1.502283924348350119e+00
1.614573599337266074e+00
1.421591531017022181e+00
8.328312244190213542e-01
1.839735238755439151e-01
-1.633035169491674765e-01
-3.762189338508639680e-01
-4.455673172505534851e-01
-3.085326913915714675e-01
-2.986328986883898459e-02
3.837056578775908111e-01
4.332660790015894214e-01
-2.747356602066425291e-01
-1.111997538713505707e+00
-1.353556480564761966e+00
-1.213994140836763602e+00
-1.046453204063512166e+00
-4.225224099962069380e-01
7.769716519463957249e-01
1.532635393192361528e+00
1.233123026934980215e+00
5.456709663076683148e-01
4.021199038704008077e-01
1.035000678918870376e+00
1.686339225054529711e+00
1.361492031418156223e+00
2.319679601288403281e-01
-5.753640304720202270e-01
-5.014555147025940851e-01
-3.918084133442154698e-02
4.233104590195375105e-01
1.238975176722859395e+00
2.223626225135128642e+00
2.349954735106399184e+00
1.368186465862487156e+00
4.259582254872807394e-01
4.260114294482620356e-01
1.014796361710436523e+00
1.275447659564582503e+00
8.038089944059374492e-01
2.184565883951033322e-02
-5.259608898539398503e-01
-7.379126262380895085e-01
-9.284526935402775960e-01
-1.247342552754217015e+00
-1.311775487283865393e+00
-1.046423039128895338e+00
-8.170464554470429075e-01
-6.812853383231360915e-01
-6.471977703312590258e-01
-5.894111490683667798e-01
-2.117172126206570970e-01
3.823271082242760133e-01
8.004246584205820803e-01
8.584362592111172141e-01
6.315669462346715779e-01
2.472746511906298850e-01
3.194945819344276183e-02
1.542099869973004474e-02
-2.244419195274054424e-01
-6.015267227473169998e-01
-7.421988047341182559e-01
-6.142179122830587756e-01
-3.775768107183483657e-01
-3.765211422375414618e-01
-6.860990793382480968e-01
-9.220625598568684689e-01
-9.442256776112490924e-01
-8.852102700063848584e-01
-8.859972396559441243e-01
-9.503380830503437293e-01
-1.074915718011395516e+00
-1.319408843783749896e+00
-1.367992187225381517e+00
-7.225438108481855304e-01
2.406563308425664904e-01
8.934673922539543289e-01
1.324490025184190234e+00
1.299985829490264644e+00
4.863071550724076819e-01
-3.076174914476204614e-01
-3.023875510538902578e-01
2.423477201574923967e-01
9.979058315227348208e-01
1.690360355933660408e+00
1.896194562615711288e+00
1.695884651217648864e+00
1.168653449411499956e+00
5.446457528561968187e-02
-1.055301885372683879e+00
-1.088583900573211638e+00
-3.917258745980134460e-01
-5.603825270400203395e-02
2.753405433121589030e-02
4.939796206944401247e-01
1.263298038528875455e+00
1.714393448425054256e+00
1.597212190290256295e+00
1.106084406122983754e+00
5.930201082123712775e-01
5.601409930773666446e-01
9.513528969000656366e-01
9.754704576359131130e-01
2.261098011368893324e-01
-6.361878964294438443e-01
-9.101723295226026300e-01
-7.747423666605109949e-01
-6.722426168421973269e-01
-6.575902609407281441e-01
-4.612581198887633627e-01
-1.242204849859688265e-01
-5.443504551120026402e-01
-4.261738596059363449e-01
-4.859165406396392384e-01
-1.036105183955053910e+00
-1.454170673147963555e+00
-1.343999854752501166e+00
-8.410902766136577613e-01
-2.247104382478470608e-01
3.509495028121984994e-01
6.149078383664999814e-01
4.476507166007653860e-01
2.176192806711614580e-01
8.940024877793781299e-02
1.285763899611965522e-01
4.741943009089594208e-01
6.549610388607440825e-01
2.774289254617726685e-01
-7.205036016820441647e-02
1.648904456196377821e-01
5.801603126001104727e-01
3.817210373624851938e-01
-3.794734642944878056e-01
-8.557076971084101036e-01
-5.612519498742037927e-01
2.661680412786364136e-01
8.236279182034673685e-01
5.853672862089898121e-01
2.437967670053357849e-01
4.304651177005658358e-01
6.354089380135733434e-01
5.950350021081951546e-01
8.249836892520959752e-01
1.266594796173903692e+00
1.326463458282484131e+00
9.465737516541506968e-01
3.483413264784959162e-01
-1.689884548996231084e-01
-8.735642086744911661e-02
3.613756265933769085e-01
3.810019754745299081e-01
2.140816012233292751e-02
-8.110766906603640580e-02
3.397972571461073676e-01
1.069565492175294175e+00
1.610881651829906724e+00
1.419945849591076614e+00
4.952982807343020988e-01
-2.630407470571333173e-01
-1.777845230504961904e-01
2.725389176500109256e-01
5.739214958400560285e-01
8.684141371114864061e-01
1.008518982610034476e+00
4.697439990558126000e-01
-4.600315068962515519e-01
-7.082316160499266822e-01
-2.272136722129381170e-01
-2.583786176266523668e-02
-4.060663422261310274e-01
-8.390220358659296052e-01
-1.040775891045673029e+00
-1.099205627509445948e+00
-9.522523380798709747e-01
-5.892665496009273918e-01
-2.581067682736757907e-01
-2.947853835329777850e-01
-6.270535501796491440e-01
-6.120860713215182658e-01
-5.330662514645368999e-01
-1.210015914705770301e+00
-1.941239471300845842e+00
-1.944222690598186531e+00
-1.707258723113861176e+00
-1.570387100279251769e+00
-1.525959452139810324e+00
-1.525957493639479523e+00
-1.534875485387714678e+00
-1.704244849423451669e+00
-1.717085066230226387e+00
-1.163872760132226958e+00
-5.320727136896344911e-01
-5.189207934333798233e-01
-9.219313173455575550e-01
-1.214230915341576678e+00
-1.193943114965247521e+00
-7.078248806230627022e-01
1.292245870348016912e-01
7.138108820709209157e-01
5.837195962047017073e-01
7.290107772673103115e-02
-1.183391429310171744e-01
3.673666918794472602e-01
1.291328685303216872e+00
1.941026845197362904e+00
1.921961964837912484e+00
1.573532939451361523e+00
1.279488924646258408e+00
9.289779783295335491e-01
3.926460273314837102e-02
-1.287655284464733763e+00
-2.055221118653110857e+00
-1.762443839621995245e+00
-8.708043720158157308e-01
-1.898274083208929819e-01
-1.926492995669111530e-02
7.880673527098617723e-03
7.575617272040449657e-02
1.984024292487394370e-01
3.602357958446081865e-01
4.417417437757114596e-01
5.150652021235546663e-01
7.726527862356084020e-01
9.318289452669215045e-01
6.463893214144592614e-01
1.680023216701487798e-01
-1.883107475272443598e-01
-4.814306105763836441e-01
-9.682553482868573314e-01
-1.679154401679815445e+00
-2.228571421052082613e+00
-2.064374353398886086e+00
-9.717920255685894571e-01
3.177761368030793121e-01
9.450299708170184498e-01
1.054042145653022899e+00
1.214897637598346902e+00
1.308783502056547254e+00
8.442575136127354885e-01
-7.842305467796269192e-02
-8.654159229993189095e-01
-1.059864209165932936e+00
-8.158779388169042912e-01
-4.589944973773502079e-01
8.772225459255870994e-02
5.698615316875470516e-01
4.969277599401981660e-01
-1.332047466212854525e-01
-8.888391296104042327e-01
-1.074567881030179528e+00
-4.815557441114598491e-01
1.719168482895419015e-01
3.823446009898985865e-01
3.122715934761112200e-01
-1.238318702774581920e-01
-9.971428533829683749e-01
-1.507942662016691138e+00
-9.705623345288113546e-01
1.504323829210123531e-01
9.671590127555461658e-01
1.150146970048375739e+00
1.179959356029450124e+00
1.375543893536161466e+00
1.554988663167235829e+00
1.602964055204688654e+00
1.494353453667958131e+00
1.162750038427748045e+00
7.766067455732619251e-01
6.678195211261150899e-01
8.411007816407839455e-01
1.073189378390188464e+00
1.201296886161031807e+00
9.445159580131555765e-01
2.317917033648860536e-01
-5.722068452326365406e-01
-1.375105268256904711e+00
-2.137304442749595967e+00
-2.642332704408464572e+00
-2.720550522432235052e+00
-2.386768070239882800e+00
-1.567336371354860702e+00
-7.166442971063581302e-01
-1.673337756839211876e-01
-5.951546564762046770e-02
-8.751763387859400056e-02
2.265728321318242477e-01
8.488812845055387912e-01
1.475198721482416486e+00
1.908626338821311608e+00
2.130482898674865400e+00
2.215956304176887048e+00
2.056284930194126392e+00
1.660418827998689117e+00
1.285774104394028505e+00
6.960454629063762555e-01
-6.450553600739775129e-02
-1.282703691031055193e-01
4.249134088410422283e-01
5.586256979542214562e-01
2.445917413431460130e-01
2.288348436422829035e-01
4.805433371116006880e-01
5.388171944594801754e-01
4.386604456364666671e-01
4.451684815886248203e-01
5.273897011273737112e-01
5.123755675678838273e-01
2.897473860374109034e-01
-7.825436243593367203e-02
-2.623540348440226433e-01
-1.846276047957234323e-01
-2.791435164205449682e-01
4.843303934891330376e-01
1.580749862490923086e+00
2.081223165640530226e+00
2.018466508677343896e+00
1.603993519031103432e+00
7.738803816375797728e-01
-2.908706771911174008e-02
-3.856338398810492119e-01
-4.887890889716377529e-01
-3.183700096465639784e-01
2.591324897129508864e-01
8.334276556882911358e-01
8.744740170435874038e-01
3.463768775991476478e-01
-2.870500434886708585e-01
-4.628030976139030916e-01
-2.976244962161667118e-01
-4.244507831991291003e-01
-7.540344674649513967e-01
-7.113084993610306883e-01
-1.985414529631350233e-01
1.718365179514425300e-01
-7.805935653629617055e-02
-5.150081239963463231e-01
-4.915472466445466315e-01
8.204486264267638052e-02
6.352854166380074163e-01
6.199193602127562874e-01
1.641681550580119664e-01
-2.064494578696797755e-01
-3.531759174090329800e-01
-6.531891745165629981e-01
-9.408962925361483709e-01
-7.061249549025142569e-01
-3.956742906544044591e-01
-5.004620948248617029e-01
-4.450449414385624913e-01
2.065482803883006424e-01
1.089737607965074684e+00
1.713171724426061804e+00
2.061769533584776326e+00
2.269426317772404111e+00
2.193128500855692664e+00
1.856053235516849975e+00
1.289030402464014458e+00
5.450091777297032536e-01
1.648122320169217447e-01
4.395637866077045097e-01
1.051853990089880453e+00
1.585075305395551526e+00
1.527435476932702763e+00
6.991843760506297745e-01
-3.866055863999385278e-01
-1.043447129214723157e+00
-9.972340082014901075e-01
-4.915995644090839223e-01
6.460560545480086014e-02
4.100877581718833653e-01
3.867802874171440974e-01
1.308097707984999802e-01
-1.380379533363801647e-01
-5.787191998739976695e-01
-1.330013231051701661e+00
-1.753235093988806836e+00
-1.179630479881333960e+00
-2.740360338221576875e-01
-1.008084180063801155e-01
-6.861542569881422526e-01
-1.057500844333471690e+00
-6.823292218513534735e-01
-2.054551055591600783e-01
-7.734990084770497487e-02
-2.505250093663299524e-02
9.035625564850933988e-02
1.523497417646838825e-01
4.553091656422594835e-01
9.012395286197401045e-01
5.230002607014038185e-01
-8.496847441971556725e-01
-2.162790299404124816e+00
-2.424373764930972897e+00
-1.483739150429983278e+00
1.044516643936749672e-01
1.315291897788119835e+00
1.375457333683119732e+00
5.013007790042857126e-01
-2.913688546447127381e-01
-2.018975331154275188e-01
3.051988609743500613e-01
1.638739539917231092e-01
-6.900068889739311428e-01
-1.415080521261685043e+00
-1.375269782303297106e+00
-6.219437008502544106e-01
3.546391178739224936e-02
1.093365617104570392e-01
2.797446283441770154e-01
8.045261457275444394e-01
8.880158844417058717e-01
2.547124679160409633e-01
-6.533843679332843601e-01
-1.554647626794805726e+00
-2.244825733409101520e+00
-2.516951024737708043e+00
-2.395864792835780577e+00
-1.836329410960076514e+00
-7.138502882026959151e-01
5.452037279599238895e-01
1.156013336054988683e+00
9.387646585383527809e-01
3.612331737669028375e-01
9.335091569648618429e-03
1.436138510642531729e-02
7.927671703843226780e-02
2.145144520580120617e-01
4.602833572850063559e-01
4.317091664332244894e-01
1.532975817048280731e-01
-2.363797623706089257e-01
-8.862802030681962151e-01
-1.250439910532692434e+00
-1.120999683284462867e+00
-9.417465515057316106e-01
-5.694688273023975622e-01
3.824045580982653875e-02
4.739847264519199133e-01
5.350673770805970397e-01
5.473441175754254484e-01
9.140142240010015184e-01
1.239058646819016785e+00
9.990006583547511587e-01
3.317309161750481294e-01
-5.514686014101698452e-01
-1.359508650373093541e+00
-1.355372897046361880e+00
-5.150451662761995619e-01
1.536182312613972034e-01
2.866162785269272817e-01
2.547153613414274154e-01
1.805424919161720820e-01
8.824157144012195753e-02
2.188878285913057886e-01
7.135770836374815129e-01
1.023094942063535351e+00
4.068481771293513960e-01
-7.708977926856425134e-01
-1.492109234379700888e+00
-1.342654212942756109e+00
-5.930237671891321893e-01
1.928150981649914275e-01
4.946498759973779746e-01
3.040703559736151473e-01
-3.426162716775782435e-01
-1.534501832460069437e+00
-2.417203647543896938e+00
-2.402390712291231800e+00
-2.140466247397585509e+00
-1.783806030776634577e+00
-1.239295460231617740e+00
-8.403768462101722792e-01
-3.906749125708828263e-01
4.296160334614386178e-01
1.143330435702814896e+00
1.096993192337141654e+00
4.015598003128510451e-01
-3.391271281648009506e-01
-6.871862724291395441e-01
-6.461397331023540636e-01
-6.076340647787917826e-01
-8.081444296590117871e-01
-9.581057315313622480e-01
-8.935196910222295008e-01
-8.121277813068079610e-01
-5.186236378713497963e-01
6.602933251404814741e-02
3.958197820620633633e-01
4.608724123074102175e-01
5.643417983720057096e-01
7.640315341423862261e-01
1.291865875416357889e+00
1.919798586462472256e+00
1.932701543559872226e+00
1.256786056763614656e+00
5.124682441121366505e-01
1.175993646221469568e-01
1.933593474146218794e-01
9.490875939586383980e-01
1.950877936093821763e+00
2.275005274839223990e+00
1.890890412016004829e+00
1.367438293639573255e+00
9.341788205648989818e-01
7.802019699413844656e-01
8.668897481190027676e-01
5.984837506707104682e-01
-8.204257571058680421e-02
-5.411672939474906352e-01
-6.161148288969585662e-01
-4.450141826149535684e-01
6.141561293636828012e-01
6.332753532118982065e-01
8.599516815224622635e-02
-4.142891074055899958e-01
-5.305009176684882810e-01
-2.219716573030040829e-01
1.196319705731054839e-01
6.415183365137526461e-02
2.068906362716344937e-03
4.164426685351814705e-01
1.164864606745870113e+00
1.713827166729662066e+00
1.621329956178901632e+00
9.309098388840687521e-01
4.565479118324249769e-02
-5.680720768858938952e-01
-3.906473680476398314e-01
7.461143321561787278e-01
1.864435087233127009e+00
1.908827659683972389e+00
1.119191244703524157e+00
1.386195312353008247e-01
-7.157119805968672477e-01
-9.400012038803273740e-01
-5.037987641337775546e-01
-3.399802161022538183e-01
-1.060552594943468652e+00
-1.816722155856713705e+00
-1.501025556241331271e+00
-2.644915409693006092e-01
9.245225100741287783e-01
1.403075267111241864e+00
1.262466556700768683e+00
8.553296694854564119e-01
5.822669057148112115e-01
4.289341420505173863e-01
8.882582382742551519e-02
-1.790512276762444566e-01
-3.479422778337621924e-01
-7.952488352643911629e-01
-1.149539829071329899e+00
-8.811374176509365608e-01
-4.223752024385744042e-01
-3.523675676101643561e-01
-5.650718267936253314e-01
-7.920653101333883228e-01
-7.926402399705660962e-01
-5.608018917994624930e-01
-6.861671765949571844e-01
-1.121360668911910219e+00
-1.066960836985640260e+00
-6.321479259438943510e-01
-2.613382126565855224e-01
-2.882708009568477059e-02
-2.441576419574171819e-01
-7.662873470352421501e-01
-8.453371149255531902e-01
-2.793971716010579254e-01
1.214298661070309232e-01
-2.833383068012992889e-01
-7.530250430429978881e-01
-5.956347098214995750e-01
-5.068996448318773274e-01
-9.612394761327009984e-01
-1.313808632353842265e+00
-1.113100606216060884e+00
-5.829108684559676234e-01
-2.174266271677040563e-01
-2.215484329624749782e-01
-2.894673204566802771e-01
7.441338706867623061e-03
7.939811955120561482e-01
1.523163124578841732e+00
1.613813265602584757e+00
1.399638864335444044e+00
1.234336456036912111e+00
7.848891257097815322e-01
2.242503376742323029e-01
2.226521591446671000e-01
5.770775097293211475e-01
4.227289781207363428e-01
-2.800709659825899034e-01
-8.292729841363978283e-01
-1.054715990573976248e+00
-1.518011934759854187e+00
-2.222232114102900891e+00
-2.217962829772575528e+00
-1.399162534199788865e+00
-9.001543181768414392e-01
-1.562669664335492259e+00
-2.598183612346634419e+00
-2.502705104700209571e+00
-1.176273022734215523e+00
1.710093479014567763e-01
4.241442164978125873e-01
-4.611924143820260724e-01
-1.457341980791291736e+00
-1.793294536668128325e+00
-1.550568443148596431e+00
-1.070425142113799133e+00
-6.245548748513969350e-01
-1.522372428710339065e-01
5.095492523775051463e-01
8.638072873226859683e-01
4.589643383163420909e-01
-3.185850059119083588e-01
-8.718020859939424883e-01
-8.617803377886658067e-01
-3.066361499941521185e-01
3.582627144897465588e-01
5.394372547034862464e-01
4.043699613324562847e-01
5.842629519455567744e-01
7.371685217389813971e-01
3.048713820254738693e-01
-3.112744995990187613e-01
-3.940083319419618868e-01
2.351022540155573992e-01
8.628744409467759002e-01
8.274602986034379493e-01
3.051679441839137974e-01
-3.407683738143533758e-01
-7.114580949428859213e-01
-5.137927454433575125e-01
-1.031258199707370538e-01
-3.930270896698698918e-02
-2.999091552369689828e-01
-3.543637345362603552e-01
1.434226926548209657e-01
8.439913106869374460e-01
1.254818409280203717e+00
1.181653601766060380e+00
6.194735206920307657e-01
-2.381096950205457974e-01
-1.195849999059315882e+00
-1.613115239770838372e+00
-1.062483489499865152e+00
-3.962582508992236741e-01
-1.728319094246344167e-01
-3.999841685707508643e-03
7.603265762593983124e-02
-2.047064134755413878e-01
-6.014328950927971817e-01
-7.629635188388947942e-01
-3.780206133782577638e-01
3.476821309910771429e-01
6.561637124766752649e-01
7.498031344903145490e-01
1.250837072210078116e+00
1.578496939898462736e+00
1.232395292641799367e+00
6.310971540868656193e-01
-1.013480980494894934e-01
-9.517914432405528702e-01
-1.455949241279286932e+00
-1.199111550929707448e+00
-7.316027942751769653e-02
1.308971458743693583e+00
1.928623785694815851e+00
1.637533921660856873e+00
1.368790989387518975e+00
1.635019964487089084e+00
1.633723906720143892e+00
8.505289710519561286e-01
-1.285052496882388151e-01
-7.782014357755369094e-01
-8.420543375955125143e-01
-3.216696142524040902e-01
3.337162789619125269e-01
6.660757824055963949e-01
7.449825998433018404e-01
7.609692405757813027e-01
6.675969569361739353e-01
6.100283421394269157e-01
5.852693678900849905e-01
2.029682425263073242e-01
-7.738458468910894839e-01
-1.864411274476244218e+00
-2.283952504583221188e+00
-1.792556949596485039e+00
-9.163386543431738529e-01
-2.497045709362619437e-01
2.385024283734799022e-01
5.959972033913857326e-01
3.749193441415448191e-01
-3.333935583658569901e-01
-4.623879083243083721e-01
2.815351044154557059e-01
1.197781074849532557e+00
1.869409307632216244e+00
2.116450734733748007e+00
1.750471106582438319e+00
9.494724864302815925e-01
4.771072659731038224e-01
8.419353212438096534e-01
1.654321580064714858e+00
2.353364214095563511e+00
2.527315752966766915e+00
1.944701785514240999e+00
9.116550937753237216e-01
-3.932854712165776423e-01
-9.127009697680706912e-01
-1.444873830849925822e+00
-1.591259220302538413e+00
-1.282720346657353350e+00
-1.032712857234656001e+00
-9.498328095396524340e-01
-7.147157215522023099e-01
-5.542957143867268677e-01
-8.520605962684854040e-01
-1.196464011115588644e+00
-9.668064532510125542e-01
-4.134241799092590597e-01
-4.349549197639453885e-02
4.781332446620482068e-01
1.564872602592960904e+00
2.326469039523400895e+00
1.784501000054953490e+00
6.364673240877654070e-01
-2.477059934642568129e-01
-1.255720819426578982e+00
-2.408505343283981137e+00
-2.738503262695882512e+00
-2.738503262695882512e+00
-2.010264908562374941e+00
-7.611441982981129728e-01
-1.115216956990401770e-01
-3.617402498363128660e-01
-5.854781381847303789e-01
-1.928591857372792887e-02
7.309469647596016362e-01
9.118015993925729923e-01
7.168103088019612823e-01
4.956446885643372990e-01
2.134325218985249351e-01
-1.356076590210851252e-01
-5.119760779905809800e-01
-7.172083695435527151e-01
-5.781409525046217190e-01
-4.911483473565019797e-01
-5.258621322238695717e-01
-2.529770196183211972e-01
2.766839744550859681e-01
6.510601202273055277e-01
6.902549428319799674e-01
4.949538780905446411e-01
2.547652582317710412e-01
5.889372816191837390e-02
-5.000894006569366057e-02
1.971767668041658483e-01
9.067746477709817121e-01
1.548605382257200791e+00
1.411088756209500028e+00
6.956091877867051076e-01
2.639948862621775416e-01
2.543907109076235518e-01
5.028168324178092785e-01
1.051249057933763664e+00
1.418908978500030171e+00
1.135027952135495344e+00
4.988275884202026389e-01
6.830756440483463920e-02
1.327628559227220055e-02
6.187162982154973540e-02
1.095886214130885467e-01
1.380975339743582830e-01
-4.114902504716057285e-02
-3.916058001031231250e-01
-7.577988354481591804e-01
-1.061520159880118275e+00
-1.082799298256675424e+00
-7.486922281122271317e-01
-4.785501831764228942e-01
-4.386877031480015399e-01
-2.470400163488216672e-01
1.209928273686071282e-01
3.839102605040500271e-01
3.160745840958274488e-01
-2.520986070800478873e-01
-8.446651748208978683e-01
-5.147302728006593053e-01
7.333038471255828306e-01
1.649420314104331764e+00
1.556654567238576758e+00
1.124927912231295624e+00
8.144688502715119460e-01
3.750609859728497031e-01
1.054787872701539314e-01
5.529805288373081940e-01
1.105364319360411240e+00
8.324908192629701942e-01
-9.440138169731374096e-02
-8.174139763128969172e-01
-9.904111326019023887e-01
-1.064333789719853485e+00
-1.208661992959115583e+00
-1.075891356368722240e+00
-5.755268207434444117e-01
1.454194499948370869e-02
6.159688305628381322e-01
1.345161250262679298e+00
1.831831208559211444e+00
1.509730253560525037e+00
6.890569187255850547e-01
1.298430519232741942e-01
-7.624444740157100553e-02
-3.234905166431620294e-01
-7.686275448092418916e-01
-9.712933985451274177e-01
-4.101400468591835935e-01
5.579566338257128111e-01
1.194344436564449774e+00
1.440274268932013157e+00
1.711083615253491841e+00
1.937639927883437529e+00
1.633931998187118761e+00
7.501735696571150136e-01
-4.240546723196932377e-01
-1.410993490354424340e+00
-1.574992088627563014e+00
-1.028018434936586623e+00
-4.689182410301163673e-01
-9.335603528560758313e-02
2.083989794495353376e-01
4.933771478271700150e-01
6.089015990520111332e-01
3.086194862135087646e-01
-1.550041479592859095e-01
-2.504143991293812377e-01
5.799529009445292260e-02
3.040089715868145026e-01
3.182575628097312204e-01
1.593627743096606708e-01
-2.375614853984391872e-01
-6.552457143694999653e-01
-7.394840167470070336e-01
-3.840055144015900868e-01
2.798600905157938579e-01
5.231712663084957526e-01
-1.435887249146209077e-01
-1.245695795962480146e+00
-2.178267014345790287e+00
-2.579467198443055054e+00
-2.265163457672613845e+00
-1.518033623040394353e+00
-6.811244354005833168e-01
2.823439736000294964e-01
1.001691633201568843e+00
8.828822688946698083e-01
2.680436589118674329e-01
-1.254902980290937414e-02
1.144360642562231578e-01
3.278785850373783783e-01
6.581954714284250496e-01
8.996773342347827995e-01
3.228061766486797213e-01
-9.701150578773816147e-01
-1.485476635652387856e+00
-6.926882407982166701e-01
4.208059023014295019e-01
1.221823739431028066e+00
1.431374342267846433e+00
9.358602667378340678e-01
3.754875572054275912e-01
2.236876833870974357e-01
3.757163850609086808e-02
-3.071240571248192719e-01
-2.345937329097326496e-01
1.590214931626546535e-01
2.008465617927061575e-01
-1.807701695857476809e-01
-4.491489599391735310e-01
-5.309638388850446145e-02
9.986528690504631323e-01
2.050181511383821320e+00
2.518019454212597985e+00
2.268010880479202296e+00
1.363055349260761551e+00
5.079026878596329952e-01
9.292943830156786822e-01
2.369020290058650335e+00
2.733897860769939125e+00
1.417014378177914979e+00
4.712982284919441101e-02
-5.335427168177084845e-01
-8.342415403432085208e-01
-1.205711303370026188e+00
-1.332830619189221411e+00
-8.253343441475993192e-01
-3.548948520346977276e-01
-6.443783140697889600e-01
-9.742901268236900947e-01
-7.853149549254671014e-01
-6.229159084633683063e-01
-7.702016990472692060e-01
-9.326789896196955310e-01
-9.204347423214646051e-01
-6.078239645994838458e-01
-1.040842344234965133e-01
1.308166422915251759e-01
-5.951495971607609903e-01
-9.941503322651746855e-01
-9.781058297891531694e-01
-5.918194018844363802e-01
-5.017081312698866702e-01
-7.899641356457103303e-01
-1.044504060711603399e+00
-1.132787504659113598e+00
-1.108974118550674737e+00
-9.467760331982232325e-01
-3.938118822904722593e-01
6.489064558805500704e-01
1.682741991989330277e+00
1.976512765529710336e+00
1.565398971800057826e+00
1.104992838625243445e+00
7.691073227341921337e-01
5.829777358357505213e-01
7.417729951141386335e-01
1.165642634032455494e+00
1.344213957830480588e+00
7.087194850215242647e-01
-2.480110163526262346e-01
-5.241972655508959633e-01
-9.364595300504775788e-02
2.967675720681877682e-01
3.204372586547182822e-01
4.849586678928680672e-01
8.303494642291543437e-01
6.770084478367662806e-01
-9.273496070365834509e-02
-8.621027954365796386e-01
-7.959936064807822120e-01
1.141498772174175252e-01
6.733780115226996044e-01
2.750199643538756566e-01
-3.390466591980183519e-01
-7.053545011319088953e-01
-1.212651614978324410e+00
-1.946518281425245744e+00
-2.323330727059785605e+00
-2.061567791254967918e+00
-1.628985788985864547e+00
-1.264485471031158159e+00
-5.632892792892475464e-01
1.516839086089210586e-01
2.369231747379612896e-01
1.516130025081977584e-01
2.736859422669273845e-01
3.261272941446068940e-01
2.705171366295196500e-01
1.885262326433570224e-01
4.678834303706251585e-02
-7.770114288019827620e-02
-8.793694704017077091e-02
-7.509778721001587887e-02
-3.065363713334216533e-01
-5.844204653017788242e-01
-4.552098226451767871e-01
-2.212745846685682249e-01
-5.483697472561263053e-01
-1.217265999781484975e+00
-1.518487309346591152e+00
-1.298069490642292489e+00
-6.515273457666630463e-01
2.143474410917970141e-01
5.136448628171044195e-01
-1.745816435045063897e-01
-1.029036249601451347e+00
-1.249141253733931034e+00
-8.730987924242031850e-01
-4.775060242330027988e-02
7.310611426339531649e-01
5.676279423588392881e-01
-4.232622270029139377e-01
-9.369195574245816616e-01
-3.820351283825537680e-01
6.160735838255990693e-01
1.378057371628244931e+00
1.681431998283775542e+00
1.733344856592260896e+00
1.774284722468935760e+00
1.594482365981012117e+00
9.091959293757336802e-01
4.538425436805644531e-02
-5.201971349528171640e-01
-6.726492786704871829e-01
-4.172779443077976325e-01
4.872546846845129398e-01
1.951271265808893540e+00
2.651224853999221587e+00
1.449539436223256983e+00
-7.955800655880524985e-01
-2.326584142096612684e+00
-2.563353746358900231e+00
-2.186265771508290712e+00
-1.747467531450026312e+00
-1.082480800257187514e+00
-2.002377627230130519e-01
3.299023326271569578e-01
1.830966725742780576e-01
-4.547329498923755042e-01
-1.090486990087842889e+00
-1.209262797098160425e+00
-7.947093964183835624e-01
-4.366550176155234997e-01
-6.544020387580503639e-01
-1.226058864175668672e+00
-1.496332007624166627e+00
-1.291370038726192826e+00
-9.897909731811197487e-01
-7.355252628003279280e-01
-5.568100608281025821e-01
-6.508492880148579740e-01
-6.152014119216933086e-01
1.351419582462354101e-02
4.936465398281235650e-01
1.508431503730046919e-01
-6.064280398524460880e-01
-1.330270394375496323e+00
-1.642944101113145816e+00
-1.346864414345748440e+00
-8.005730432656036344e-01
-1.615134375261150501e-01
6.664113904183015524e-01
1.258077392952027918e+00
1.175781906850607461e+00
5.580493953529023221e-01
5.641257140046103402e-02
1.141745990916256809e-01
1.441590457638971257e-01
-3.514604226647656260e-01
-1.110610466953825037e+00
-1.789422027130542325e+00
-2.077022460867076425e+00
-2.023060898632200733e+00
-1.762409586560907515e+00
-1.034270892496333083e+00
6.645532204610800353e-02
1.161638268374035166e+00
1.953858349913280668e+00
2.062116658434147709e+00
1.459094866420574510e+00
8.759831631939107854e-01
1.039505530694670554e+00
1.560620104530641150e+00
1.449333069207784375e+00
5.708823503695009682e-01
-1.623048196364640372e-01
-1.355931233477485898e-01
2.222194408192395554e-01
3.599369660902561052e-01
4.980981804483176067e-01
9.006661107257118992e-01
1.111817493443886473e+00
7.756752638753442453e-01
1.696317287182702305e-01
-2.547743977264718129e-01
-1.392263302542359471e-01
5.560444694541850641e-01
1.385301106990830755e+00
1.446567585676510781e+00
4.737756416891820144e-01
-4.461467429222366055e-01
-4.910792916194235413e-01
9.916959258458030516e-03
6.257466701971629019e-01
9.487382172787619528e-01
5.678657394375232759e-01
1.344874760922183665e-01
3.598984151483343163e-01
9.021055084051793349e-01
1.259352226764369975e+00
1.224776584369867471e+00
8.063769394729026763e-01
1.698091714644624495e-01
-3.257236787486619267e-01
-6.076123899841159304e-01
-8.116041804799507542e-01
-5.884297029047620420e-01
5.318856179434568870e-02
3.950126396406088980e-01
1.597830562676222366e-01
-1.802989288484421471e-01
-3.494909891705696992e-02
6.452532774601416055e-01
1.275471154780837280e+00
1.352476388879338742e+00
9.681496736554957572e-01
4.690522862999035869e-01
9.708886393188090325e-02
5.286424811432990922e-02
7.210110147809010162e-01
1.685295113571400050e+00
1.557258657748125552e+00
5.948913894409409986e-01
3.851385221519904034e-01
8.578167201303971146e-01
9.362948235027018784e-01
4.607040248081898937e-01
-1.892329696467436595e-01
2.024671421479887212e-01
6.931997155978018021e-01
5.380367894696821418e-01
1.019835195213640161e-01
2.055245844879056705e-01
6.280232189540001508e-01
5.675797245370917121e-01
-1.244579900656374583e-01
-9.279258044088363189e-01
-1.322686168159119324e+00
-1.159579930001259029e+00
-6.329661872742394779e-01
-1.889123741199870143e-01
-2.244222078675408849e-01
-4.149981428033884256e-01
4.938483647894890277e-02
8.533960709231608321e-01
1.041805213864746227e+00
9.037873194761748552e-01
1.124914623835750138e+00
1.494269212697597382e+00
1.409271430928915603e+00
5.125486121730077338e-01
-6.436787848601340789e-01
-8.268483762579708074e-01
1.837657951802546819e-01
1.232313365521825688e+00
1.441987701255347476e+00
1.052818213405714687e+00
3.647940651383316246e-01
-5.695323767742102028e-01
-1.215848681877045756e+00
-9.885953241808805858e-01
-3.161535165072825726e-01
-2.564600698634502893e-02
2.000083233932153579e-02
6.070483578300474026e-01
1.594556314157177690e+00
1.769986689538552982e+00
8.197006866074992848e-01
-1.705430061768306027e-01
-2.836051775882572068e-01
2.284576509814624512e-01
3.514684776492948415e-01
-3.101905428984354507e-01
-1.047415529343122209e+00
-9.290678721030791731e-01
-1.413084333544711579e-01
4.960205111220777896e-01
9.452619833805067096e-01
1.403650308989493611e+00
1.685711963897343013e+00
1.395647580005479504e+00
5.708408472772955600e-01
7.337451569455714917e-02
1.609139986691259516e-01
2.529021027592066040e-01
1.392444843509762498e-01
-2.491149107666755236e-01
-1.133163592048619384e+00
-2.114304418296245380e+00
-2.202852111376598199e+00
-1.106221813563222467e+00
2.295017559358305259e-01
4.586175235635938652e-01
-2.043413914990976354e-01
-1.807365928948818090e-01
7.197217840903452624e-01
1.348339583294920541e+00
1.144064280479354379e+00
5.800429496026942022e-01
3.723147346691140780e-01
6.349308067784813492e-01
8.439655456017899349e-01
7.405581550248054867e-01
4.983436050966982278e-01
3.131691125144682175e-01
1.722101505668596766e-01
-5.444527737018788754e-02
-2.258170205058429858e-01
-1.490532904889727561e-01
5.976897982084618602e-03
-1.602553728197715077e-01
-7.222731233635681924e-01
-1.118896001693424180e+00
-1.019890240741628817e+00
-9.367874434270131445e-01
-9.495982553709505503e-01
-5.774103405830858238e-01
2.604547270558835517e-02
4.020459300429868321e-01
3.647813963995998332e-01
-6.112481161241411359e-02
-4.170559621548582396e-01
-3.318137900098934168e-01
3.423472520248633556e-03
2.171955874130210018e-01
5.509939905433784528e-03
-4.585176526259186480e-01
-6.323693825086661446e-01
-3.920774855901142941e-01
-2.514377907298542270e-01
-7.296192646461373554e-01
-1.648772397502157316e+00
-2.361833724104256405e+00
-2.504631116072957742e+00
-2.039477492741269327e+00
-9.062621601899601975e-01
3.277042681533593460e-01
4.731721835969109891e-01
-2.879165594641113213e-01
-7.682711421372150351e-01
-8.143478302081719189e-01
-5.181708279287290386e-01
5.989919103204659478e-01
2.195191165241801023e+00
2.755537745546519979e+00
1.938284230923786655e+00
1.100399841218437258e+00
1.089878294456378294e+00
1.454145382560658284e+00
1.637749192549080801e+00
1.792699007725714999e+00
1.846520036683706678e+00
1.040849827307623654e+00
-2.392517004990297458e-01
-6.686144721869963226e-01
-2.308861466637295301e-01
2.060029303302213233e-01
3.363000246980940577e-01
4.407616945192738833e-01
7.084109223340518957e-01
7.874692579867310638e-01
4.560566343969338354e-01
-8.469693503069068707e-02
-4.806270092455149356e-01
-4.406450276174875280e-01
-1.469833466631708177e-02
5.262585395978955916e-01
9.659379014116016293e-01
1.129906934307621569e+00
8.017080492140595815e-01
9.126279079968716013e-02
-4.384665394318474907e-01
-5.512575543032294245e-01
-4.595353826972122802e-01
-1.730484868489626238e-01
-1.177688757903251754e-01
-9.006109374044889426e-01
-1.675134180089858482e+00
-1.275694352753084404e+00
-3.004094632616289284e-01
-1.790796616919900219e-01
-9.389990736104910640e-01
-1.326136303049668008e+00
-1.026899309345082223e+00
-6.512170569146056298e-01
-4.304809878955751512e-01
-5.017116268458758910e-01
-8.673300122271709878e-01
-9.432983510743760958e-01
-4.997282245854796634e-01
6.915384084359409329e-03
2.938332879109081253e-01
7.151504492664176316e-02
-8.692387353309485309e-01
-1.800462614388737226e+00
-1.941164632415523172e+00
-1.317244796723066269e+00
-1.785848930836494153e-01
9.602665277101660735e-01
1.657931059577063770e+00
2.261929375461922742e+00
2.755537745546519979e+00
2.755537745546519979e+00
2.739430377827245522e+00
1.405591863096321337e+00
-5.115323198554699857e-02
-7.774030774511603292e-01
-5.386864864174419898e-01
-1.733504927464676881e-02
3.204071197547765926e-01
5.926732681183234375e-01
5.405720775222513375e-01
4.455336933084185630e-02
-2.636723608036141697e-01
-3.165429978831729163e-01
-5.999361865445161923e-01
-8.272107216017915432e-01
-6.017686777465587333e-01
-2.817837942492971703e-01
-2.909629466081185556e-01
-8.040078315342247262e-01
-1.521827772708101323e+00
-1.757695375817392547e+00
-1.586838118673498332e+00
-1.623228451110898307e+00
-1.763564409144742440e+00
-1.276294999808770703e+00
3.184402953394556146e-01
6.041624518282275869e-01
8.077797407764386595e-01
9.523755818373180748e-01
9.797845079132977419e-01
7.855047529775995852e-01
4.463956720843992310e-01
3.733889505646813545e-01
6.481475784046066835e-01
7.266131715137378322e-01
2.875506209240113464e-01
-3.236421472953527334e-01
-5.926057263829188626e-01
-3.958762503941155031e-01
1.033019291204527110e-02
4.347901502216047764e-01
8.763733601702958786e-01
1.311256422068170835e+00
1.514231429730339418e+00
1.142431255737530904e+00
4.600301595530320586e-01
1.650428284596623663e-01
1.665556806793110634e-01
-1.118725934624821422e-01
-8.583618263864122300e-01
-1.711103443252104395e+00
-1.851229024141133328e+00
-9.332859040036872722e-01
3.974734709482750650e-01
1.390007500305600052e+00
1.662323408802762970e+00
1.029985554364844624e+00
-2.687050618911652200e-01
-1.253512270347811652e+00
-1.274916228724051415e+00
-7.012465389340916122e-01
4.704857351895525702e-02
7.118015618804256484e-01
1.118512769046758226e+00
1.346752028408371604e+00
1.587573337577708799e+00
1.909484412248364515e+00
2.185395546529835809e+00
2.006717190892201241e+00
1.265829427604369339e+00
4.133607621605044913e-01
-2.807603081324638317e-01
-7.927287659973519807e-01
-8.676547444373213791e-01
-7.386260455350658338e-01
-9.766095771255574043e-01
-1.027908661248433386e+00
-4.679693642558944711e-01
-3.980891504312662060e-02
-9.258103935785109984e-02
-2.295193809886569014e-01
-2.362327983031753398e-02
6.724257765717536195e-01
1.401333417543352944e+00
1.435158366309225553e+00
8.524729449119992086e-01
4.763890274300123240e-01
3.872039778430084178e-01
1.573282310812948726e-01
5.720269478672562746e-02
2.132168269445457454e-01
1.947954363247898502e-01
-1.363577727164018982e-01
-5.322296065516864960e-01
-8.676249199326803163e-01
-1.195241020943136334e+00
-1.463775164732132872e+00
-1.508138166805234714e+00
-1.449633676291246953e+00
-1.548471703195175797e+00
-1.659057341061300983e+00
-1.470256270520905018e+00
-1.109411353132106370e+00
-1.157664881198829265e+00
-1.848300622134450899e+00
-2.647862017034774418e+00
-2.741449403020868036e+00
-2.741449403020868036e+00
-2.201428437977095420e+00
-1.255088426265640988e+00
-4.583991167577179948e-01
3.306422639791961604e-01
8.434930083023406411e-01
7.498231491603438714e-01
5.896393795864411924e-01
9.282529178155799476e-01
1.368044091865193490e+00
1.301690388635077245e+00
8.216520608896437095e-01
4.828647198202421498e-01
4.128266591559292542e-01
1.577754785598214915e-01
-3.615735794588530450e-01
-7.549302390492687032e-01
-8.883594900096161151e-01
-9.346852531265779085e-01
-1.269119937981074919e+00
-1.804072788914300229e+00
-1.402748653950319335e+00
4.081985733129592786e-01
2.081162367471817820e+00
2.063935323952079237e+00
9.059827890164884323e-01
3.664055843811622748e-01
9.835539952530663044e-01
1.371660228198858356e+00
5.650535607419769901e-01
-7.402088950257688094e-01
-1.769318521268734123e+00
-2.012838495554827745e+00
-9.610637964332875427e-01
6.752280566519103244e-01
1.488944657782186098e+00
1.257493898290187540e+00
8.900632893988433825e-01
9.264834731252203914e-01
9.615289689321138145e-01
5.711689023820313293e-01
-1.853948706714987280e-02
-3.587053413453960560e-01
-3.112303183469750656e-01
-9.713899365803398134e-02
-1.028622733644948967e-01
-3.829708520534627625e-01
-6.149994933706118827e-01
-4.658373187783496627e-01
-3.283397179304716005e-03
2.759832710588707161e-01
4.328288369008582714e-01
6.327868618351674135e-01
3.408687659222467414e-01
-3.905836199403086573e-01
-7.929618514737184487e-01
-6.662301753827524209e-01
-2.432944889024850343e-01
2.155668569474561147e-01
4.612355032027308233e-01
3.041579983019950251e-01
-3.661610035942132191e-01
-1.142514714430828304e+00
-1.417250733212816582e+00
-1.108736781877511346e+00
-5.148459106049049216e-01
3.346640241144177574e-02
5.444123094171553490e-01
1.019005090953012393e+00
1.112440087798401978e+00
7.075257252590423374e-01
8.724695392823066109e-02
-2.268859708028805044e-01
-1.047475863964407450e-01
-7.901863087646793238e-02
-2.423520433892111248e-01
-1.627657183107758254e-01
3.301518058942461975e-01
8.075370144162045127e-01
6.419108023021411480e-01
-3.537479488735782024e-02
-5.830952070462283032e-01
-7.488139119217510631e-01
-6.210354995455308336e-01
-2.171354363586821545e-01
4.802079506319545943e-01
1.061013843958721337e+00
1.156331174670734319e+00
9.567003607786542796e-01
4.528834014897430982e-01
-5.238362647879363232e-01
-1.352465135231216253e+00
-1.042148196435011664e+00
5.921885672980234383e-02
6.485517600469282717e-01
3.204659799680024679e-01
-3.450449949897352875e-01
-7.137859127097144762e-01
-6.546055959489118781e-01
-6.566576355855932023e-01
-1.076724353291240277e+00
-1.335131386900520356e+00
-1.029027927234656303e+00
-6.713576968763345088e-01
-3.072774245703476792e-01
4.149306077589940966e-01
1.114706391194771218e+00
1.332916392744127210e+00
1.200948009440928388e+00
8.539918047195603767e-01
6.341804079334291133e-01
1.168313624544881302e+00
1.723308834945387336e+00
1.144561814779576192e+00
1.463351970123110551e-02
-8.780697877646347349e-01
-1.488146029135318571e+00
-1.320977910166733826e+00
