-3.273789171616539040e-01
-8.408300413680469543e-01
-9.221169715045463011e-01
-5.769599659439972328e-01
-1.743724063945283342e-01
5.458517549799972723e-01
1.502547297747296007e+00
1.712733169655975107e+00
1.130229022720422360e+00
6.046142846053238484e-01
3.121391233238290375e-01
1.274041407610740084e-01
-7.655310568131125717e-03
-3.313569671309403164e-01
-7.532093388273287671e-01
-6.678713466690813227e-01
1.124144533047646277e-01
7.527482706150838698e-01
2.983927749231068405e-01
-9.556001063334275125e-01
-1.910798044545554575e+00
-2.077446327193795295e+00
-1.561557900245325037e+00
-6.848894425251280671e-01
-1.113868654825714705e-01
-2.492939395922199111e-02
4.132534981096375876e-02
-8.233320075978237118e-02
-6.852515969220585035e-01
-1.011102173442487873e+00
-3.432875019230421931e-01
7.719170212858668112e-01
1.192308730480785339e+00
8.832445706079197212e-01
8.877456536523252728e-01
1.241250539647000828e+00
9.874081852001959092e-01
-4.591920852718222451e-02
-1.033430732174530409e+00
-1.117372133730644590e+00
-2.419156681818130095e-01
7.259109471477459552e-01
1.173700439951473440e+00
1.390193202958225127e+00
1.499491935935046039e+00
1.181159835214007359e+00
3.290753334587280809e-01
-5.531862305376911149e-01
-9.969871811136797879e-01
-1.361935227880977539e+00
-1.808228410627674698e+00
-1.605656861124236112e+00
-6.059050681292795781e-01
2.836552301883772387e-01
5.056885787656261178e-01
4.047119685185058824e-01
4.058226170297803970e-01
5.192129773337815779e-01
4.652481255936431470e-01
2.168248957883969763e-01
2.912912355820261312e-01
7.721643371424504743e-01
9.901296620698993856e-01
7.220372206485712319e-01
1.996914602661929994e-01
-4.052105835353795316e-01
-6.175031711128087242e-01
-1.962192785181437471e-01
1.297631576170155399e-01
-2.935336683244353928e-01
-1.066535865364032221e+00
-1.395899963459532822e+00
-1.073647052310854333e+00
-6.334731814974035036e-01
-6.934570841444220868e-01
-9.531674728962861165e-01
-7.829891470039075374e-01
-4.151657556455140563e-01
-1.770184919059033524e-01
-1.625658566961709730e-05
7.981720448087087361e-02
-6.733470995397214387e-02
-3.422477156783746421e-01
-5.208570139841542934e-01
-4.455645228479704900e-01
-3.453444382929074519e-01
-5.119578300226865775e-01
-6.328080290445385891e-01
-3.759947285734067668e-01
1.289662114597310005e-01
5.912555341225719241e-01
8.844534129669583411e-01
9.517498952692333702e-01
7.848190074447806142e-01
8.278482125118683532e-01
1.308032241497582682e+00
1.770244421262759937e+00
1.803355952978655141e+00
1.194103419113443643e+00
4.663599321770205142e-02
-1.026435454262745628e+00
-1.317347559231458742e+00
-6.550430549876798958e-01
6.875648264764014361e-02
6.648183086381992402e-02
-1.687735981037947475e-01
-4.522678116500050000e-02
3.629685743494609484e-02
-4.593635001182526101e-01
-1.301600003414385309e+00
-1.779396850862774881e+00
-1.313312701141652550e+00
-3.549177337031506757e-02
1.037939336494264397e+00
1.234346631104457748e+00
1.196043939461508110e+00
1.425345013364403446e+00
1.438474181878212521e+00
9.066432280741637539e-01
2.311758096718084798e-01
4.609475997812769593e-02
5.012250962739100979e-01
1.056842909221224591e+00
1.230368334530139274e+00
8.208823048647786447e-01
-1.851626587490273201e-01
-9.640119736459528132e-01
-7.785126449928353454e-01
-1.749284229160065762e-01
5.657717508089220582e-01
1.678627887019302545e+00
2.549607819810257858e+00
2.619675325039837688e+00
2.173372272860642607e+00
1.758779284790758402e+00
1.548713220079432462e+00
1.447645691434896298e+00
1.425332412076210309e+00
1.247912019274026063e+00
7.791260756454723158e-01
2.076910528205968831e-01
-1.082867692698047390e-01
4.346500879617398033e-02
3.290812111292004682e-01
4.919440595374917624e-01
7.547317361151021364e-01
1.130256062830032215e+00
1.178809819725356700e+00
6.236758514597734449e-01
-2.017117226336815061e-01
-8.900247236311871202e-01
-1.538542408171655884e+00
-2.076571680095218753e+00
-2.161328343379824712e+00
-1.640969353834078159e+00
-8.901535954704757891e-01
-6.602393120034358853e-01
-8.769272669886236660e-01
-8.738132518458634479e-01
-6.942951369991104960e-01
-8.696580120095218636e-01
-1.335609760349184105e+00
-1.245736954748481784e+00
-3.830378147811122624e-01
4.421437358280350116e-01
7.333118813496510846e-01
6.839439403743269308e-01
5.641421199889711247e-01
4.258359388494439290e-01
2.540947174887333571e-01
-3.706601510916386621e-02
-6.024135507304343440e-01
-1.137383214188802505e+00
-1.364495931938639606e+00
-1.760820894893134980e+00
-2.123344022051353530e+00
-1.536512471951181347e+00
-2.354770637642664977e-01
6.794436834711515827e-01
8.619062477872895256e-01
9.084809690020366757e-01
1.099548351502135590e+00
1.175937352359837096e+00
1.206943971906039081e+00
1.383040248339829414e+00
1.368713693945372567e+00
7.984302751449336988e-01
-2.007011571318924048e-01
-9.276969567416366580e-01
-9.639718614700343302e-01
-9.806157985669287092e-01
-1.466840704534284834e+00
-1.913249977775458133e+00
-1.890611397818154238e+00
-1.471914446592600623e+00
-8.908422855431193943e-01
-3.629787631583015206e-01
-5.371451097707586469e-02
-6.683576631492149644e-02
-1.125650392570809039e-01
4.661121758938232551e-01
6.965098168232126685e-01
7.832563020811315058e-01
9.028950560727436736e-01
7.424323141201819576e-01
2.082695388274947157e-01
-3.927953243844146264e-02
3.470347538761286380e-03
-2.344518675373385638e-02
1.220536176243239845e-01
3.298751275315858211e-01
1.173316277679251340e-01
-3.347963814227444823e-01
-5.619675051652950337e-01
-6.261007303161331139e-01
-7.672504639301600537e-01
-9.442509138848861339e-01
-1.131185886444044941e+00
-1.127155106827427478e+00
-4.246462156255464415e-01
4.396663898465723030e-01
5.523854157241062657e-01
3.671038638259857545e-01
5.775187579365398394e-01
1.042035886526660571e+00
1.291505911301488840e+00
1.015446419319617544e+00
3.682254740288058992e-01
-1.954498666534549844e-01
-7.325615946816774748e-01
-1.163278001335790179e+00
-9.602601002174918632e-01
-3.605742586232251745e-01
9.663886008279566620e-02
3.317115153911979752e-01
4.534756301145140833e-01
5.384774832753813634e-01
5.335368617321341045e-01
4.562317213305466246e-01
4.641239374102376081e-01
5.153510626639375980e-01
4.145001987912388386e-01
-3.019904470341005717e-02
-6.218375294088934746e-01
-7.937300946054473005e-01
-7.477541153766357196e-01
-7.888951324117496888e-01
-5.221622949272803904e-01
-1.054533551786186046e-01
7.558843357597989920e-02
3.286666079971872767e-01
7.595655471383225832e-01
8.931641816752028395e-01
3.908862767981157171e-01
-4.138507895084789778e-01
-7.628208711920737572e-01
-2.656266769460463584e-01
7.081455326133406780e-01
1.423292114713315959e+00
1.495864135682724694e+00
1.076768566529976878e+00
5.367374663791130152e-01
-4.831725243495837985e-02
-7.395095031637596295e-01
-7.882856721787265819e-01
4.838878046616558737e-01
1.851507580045586243e+00
1.700599266115812247e+00
5.153531759477548713e-01
-1.977259738217983509e-01
-3.457641854186198627e-01
-8.082065899648487317e-01
-1.397846992371521768e+00
-1.257335637605834222e+00
-5.259324749441117719e-01
9.963013203638083903e-02
4.656784186494984934e-01
5.510743860232018010e-01
1.656452354170963315e-01
-3.533955192497599263e-01
-2.947192646765323665e-01
2.688577619582663281e-01
5.514092982933911369e-01
3.315549603460777317e-01
8.211563400259577761e-02
-1.694993077661636482e-01
-7.151838408700338379e-01
-1.268438476316738894e+00
-9.980166530722782703e-01
3.381877680275423570e-01
1.656670140149949288e+00
2.101842270885167174e+00
2.017477750958498905e+00
1.850515727249992359e+00
1.528703188814171110e+00
7.200281767287510792e-01
-5.979911594575181288e-01
-1.713518765648402775e+00
-1.894545693979615031e+00
-1.500068672706792894e+00
-1.304380684103043198e+00
-1.168851883096557298e+00
-8.979644736487339962e-01
-6.402704472285850601e-01
-2.783584899033030857e-01
1.256704621056109750e-01
1.376133137072456936e-01
-4.484249541905085401e-01
-1.207098559865085186e+00
-1.390909452759026443e+00
-7.743350625244980190e-01
3.051761864093455734e-01
1.514048902960331677e+00
2.247457469680619990e+00
1.950126697637947215e+00
1.151176575208858521e+00
7.949944512885179781e-01
9.443941125673859238e-01
9.438451842713961870e-01
5.717705353427255943e-01
1.858329878649090661e-01
-5.102398295392236022e-02
9.893457702819752342e-02
8.680537235977606736e-01
1.808166472929386037e+00
2.007513375766763808e+00
1.346600690882149953e+00
6.595720589595339689e-01
4.153069887130675375e-01
7.769337083927441157e-01
1.530191025156067974e+00
1.570776445621325124e+00
3.193833844660916021e-01
-1.305277603234696215e+00
-2.084656662134322769e+00
-1.622401644024457523e+00
-3.142647598334861736e-01
1.069477505105692838e+00
1.842757975393384484e+00
1.737266539945984123e+00
1.024933815801106318e+00
3.848379895772446879e-01
1.792002512924531221e-01
1.918742951706789990e-01
2.872763076945383798e-01
5.013989899627054880e-01
5.865392112886576026e-01
3.100896006271661731e-01
-3.104940993778612102e-01
-1.250240511585152925e+00
-2.061251461411068853e+00
-1.819846600276823434e+00
-5.094688250547254604e-01
4.965406725452329861e-01
2.556563260069338317e-01
-4.873727834503737144e-01
-7.654633684733875842e-01
-7.836334616780775697e-01
-1.046950508075429331e+00
-1.624029211954903795e+00
-2.028441047339109904e+00
-1.960252949689646806e+00
-2.043029195495531969e+00
-2.526100891091731526e+00
-2.594674264463094904e+00
-1.947173600229261670e+00
-1.336964811315205504e+00
-9.700976494384633275e-01
-3.880695594613309818e-01
1.904607340215572209e-01
3.072936359534360617e-01
2.460418445251697506e-01
3.894029164036640345e-01
6.492587091361176066e-01
7.836073612546091693e-01
7.317769408591504599e-01
7.089224530178739325e-01
6.339346686008167087e-01
1.124242976697832908e-01
-8.432511223661263156e-01
-1.668733361166928830e+00
-1.765199849886869954e+00
-1.202531961729644827e+00
-7.346330656670370107e-01
-9.103956215650775841e-01
-1.353623892702889409e+00
-1.201734736265833936e+00
-3.949006527636793606e-01
3.142023860722383821e-01
4.786426463743836957e-01
4.816542406411530863e-01
6.902903716927314415e-01
6.600235047121456589e-01
3.734254723476460730e-02
-6.086278125932760297e-01
-5.457918722052201854e-01
2.873859834363053922e-01
1.216086480972490502e+00
1.453830233547477979e+00
9.165010724074406090e-01
-1.085891561955054208e+00
-1.654768827232868889e+00
-1.438384520558873003e+00
-9.288601125874446085e-01
-4.606134906769739357e-01
1.812786686908469599e-03
3.117536725615299154e-01
4.145498006286394560e-02
-6.465476533472791498e-01
-8.696538551841899167e-01
-3.616741633444008897e-01
3.447302803377849667e-01
6.979392076149834034e-01
6.915927384160319713e-01
7.700285912221541684e-01
9.674214897787060119e-01
7.842887480757687602e-01
1.884427683579648072e-01
-2.549054019937004312e-01
-3.968997999652806863e-01
-5.954310947145495803e-01
-1.087823696646603722e+00
-1.526840249620481149e+00
-1.206114519489872139e+00
-3.527928520064339546e-01
-6.849599410250443998e-02
-5.916033461287801831e-01
-1.024042164985188519e+00
-5.114606570693616128e-01
7.091737492254337472e-01
1.681128515834132919e+00
2.184932163275135952e+00
2.641046377387754163e+00
2.729430310774567658e+00
2.132049061184061234e+00
7.920359768222220431e-01
-1.237094687582460661e-01
-3.267359048264335541e-01
-2.350765306158252022e-01
-1.268982651869012546e-01
-4.960127287986422218e-01
-1.614266852780786854e+00
-2.496725824457400655e+00
-2.045535622657462138e+00
-6.778880518792764764e-01
1.164965444593305394e-01
-3.338051590551137093e-01
-1.176104951262190390e+00
-1.436631556808964927e+00
-9.548995670875005670e-01
-1.316253225037870289e-01
2.891238172397143091e-01
-2.993557576577971988e-02
-8.519050084100786291e-02
1.097654712349944717e+00
2.346430425093604999e+00
2.061126548839364414e+00
6.718804492389691685e-01
-4.784661788135960991e-01
-1.092573402310613728e+00
-1.416122424750088094e+00
-1.306727900146939847e+00
-6.774017866849623148e-01
3.615068474497958734e-02
2.328379401384002290e-01
-2.154534263388684923e-01
-8.519291292954856987e-01
-9.964411003391585586e-01
-4.553965883191083419e-01
1.466494563399946272e-01
2.204146193797054953e-01
4.104755139469878217e-02
-1.994640277630020664e-02
-2.902169747310681669e-01
-8.141335798451453387e-01
-1.269189054243971215e+00
-1.550503631420958373e+00
-1.361747681565672607e+00
-9.389913096170207085e-01
-1.008933103971435097e+00
-1.389489921305858466e+00
-1.655036512448968100e+00
-1.668645604009320715e+00
-1.104871051794806602e+00
-1.241155353244632747e-01
4.661421963568732618e-01
2.352441289291034021e-01
-3.352444220964533872e-01
-6.510828935746707513e-01
-7.582753297948687798e-01
-7.201949592802395772e-01
-4.963198726010019657e-01
-3.272272412534444341e-01
-1.645500829280949207e-01
3.120698531291025146e-01
1.010757964059377567e+00
1.576129002910195975e+00
1.802939471096198565e+00
1.381265863626584212e+00
3.754687317354715725e-01
-2.151744472111106754e-01
1.019163669584830650e-01
4.873480480511609425e-01
2.960657678224457023e-01
-2.024110011518008290e-01
-5.916599481614680522e-01
-6.962480098287975316e-01
-6.220785295486601640e-01
-8.012438476775459728e-01
-1.333441049708780080e+00
-1.568962371532065969e+00
-1.248911381761643957e+00
-9.510523898365259576e-01
-6.072988946515822661e-01
8.408657024609339503e-02
5.360590566974894333e-01
3.097596383567412515e-01
-1.328732049013359728e-01
-3.084465567016564935e-01
-1.826149678499618401e-01
1.947009187105768202e-01
6.920653890491145210e-01
1.272005693016895700e+00
1.720726693423403342e+00
1.623261246543654890e+00
1.276558456161517086e+00
1.269007062117055940e+00
1.397630055893684053e+00
1.050489322847801610e+00
3.696320427104755058e-01
3.088672245230058566e-01
1.367748656154723408e+00
2.325628873811306452e+00
1.829605891980792487e+00
8.499724284300891330e-01
6.980251288032085499e-01
8.368694855061974414e-01
5.840524619954819974e-01
3.245366259020518451e-01
4.586908568705391209e-01
7.100184600815480085e-01
7.665572250341625704e-01
7.389383314673415581e-01
7.177591175411470736e-01
5.749206226987394475e-01
3.522791266132934695e-01
1.083713901000276647e-01
-3.264831334961829090e-01
-8.268302026452519771e-01
-8.052910526854736295e-01
-1.595679872180864323e-01
4.960191598567385562e-01
6.087252484409378939e-01
2.742189528188770931e-01
-1.371534826634667747e-01
-5.783273227832126384e-01
-8.852784276436150845e-01
-8.873781786005423555e-01
-8.417402390240555921e-01
-7.871299757274725639e-01
-6.126899387340569714e-01
-4.639690394700184406e-01
-1.021177682621288441e-01
8.297240213356795735e-01
1.734076381211685725e+00
1.714276799298125376e+00
1.040339909085522541e+00
7.458690347831379297e-01
5.398282669845162474e-01
-5.168808934072882666e-01
-2.033197602551628957e+00
-2.730178402540036853e+00
-2.344460370371889812e+00
-6.359639758195704262e-01
9.256204834773379408e-01
1.650600583346847117e+00
1.573648159038067762e+00
1.162875540936704422e+00
1.022145256126802071e+00
9.356600370829312174e-01
4.858820928128914640e-01
-3.977325275860017773e-02
-2.648921367698831575e-01
-3.026984153935490252e-01
-4.263173023422207608e-01
-6.058202376792356514e-01
-5.120179534661427612e-01
8.200474017196125731e-02
8.323454350857582007e-01
1.058748432596647193e+00
7.019307755620399769e-01
2.823381838632572083e-01
-2.081156014361564346e-02
-2.757558046851044109e-01
-1.430727907857781145e-01
5.363739599462572505e-01
1.023405173738525464e+00
7.241157573644753098e-01
8.139579753248511740e-02
-1.641268026292835025e-01
-6.769954016294776888e-01
-6.471832464714758482e-01
-2.550691389209522320e-01
-8.012929205313681913e-02
-2.645100575722182656e-02
2.223933296278134686e-01
6.079351708425991818e-01
8.413801581013288233e-01
8.051810467936105775e-01
8.227207373304931126e-01
9.360850170303487428e-01
5.273360108357002529e-01
-8.324320628321990601e-01
-2.467626081868019128e+00
-2.730315587165595304e+00
-1.908752055375928069e+00
-8.989977436631062524e-01
-7.556639485528718891e-01
-7.689048182303329648e-01
-4.283223634416070957e-02
1.097684595661063911e+00
1.453912980154826506e+00
4.585499443879121895e-01
-8.789870518494712348e-01
-1.310528051312061404e+00
-6.682295401216000741e-01
5.625391617147030843e-01
1.544489595481917332e+00
1.583415034345575734e+00
1.027647710706514728e+00
6.097670648202196952e-01
3.174903428567254493e-01
-1.533501846953034264e-01
-6.296345783271802832e-01
-7.512703703095160446e-01
-7.547922870792169725e-01
-1.125763068711269188e+00
-1.573098318311348054e+00
-1.609719957342456986e+00
-1.388546257588766375e+00
-1.344923742214016782e+00
-1.471708021518404186e+00
-1.308552568905895663e+00
-8.117620618569215685e-01
-5.192680547732444474e-01
-6.963484018006469434e-01
-1.035853830319742208e+00
-1.059133451555959837e+00
-6.278064466029135149e-01
-2.395834933310598269e-01
-3.505531459688671636e-01
-6.955681211123404539e-01
-9.246278854062179864e-01
-8.759759175463571745e-01
-4.474235928461660072e-01
3.394977640761549093e-02
1.259905011532644059e-01
-9.954032290547781825e-02
-5.501890898012424813e-01
-1.077480610596333710e+00
-1.217871419157273705e+00
-1.161123734523167084e+00
-1.163746720472145668e+00
-9.024062958790664002e-01
-6.073207528349194861e-01
-9.145522168776097915e-01
-1.496011329914414434e+00
-1.426208519526939611e+00
-8.675072987124294865e-01
-4.824369699726415162e-01
-1.262887095107026458e-01
5.165936490046360019e-01
1.171493463444109873e+00
1.309074044153771821e+00
1.066520352573894437e+00
9.811108932492959012e-01
1.065203403919640524e+00
1.409730100743250780e+00
1.976849736812258840e+00
1.969355706040803122e+00
1.162704546812056483e+00
4.122917553161975501e-01
3.715867111831295810e-01
9.065439115308286944e-01
1.621899393240623821e+00
1.884576811856587097e+00
1.199405719503897405e+00
4.264419567336841244e-01
6.810821277173135790e-01
1.369313556402667054e+00
1.584959916650923173e+00
1.511128977331419154e+00
1.118190224967125390e+00
2.635315390055496532e-01
-5.052668911798663398e-01
-9.308579086867915242e-01
-1.189513336095622709e+00
-1.148262897750629286e+00
-8.287474253143517489e-01
-6.016562581925684050e-01
-7.548936301550336347e-01
-9.609517615593168305e-01
-5.978046187974545012e-01
1.473316959691312600e-01
7.130724338783868133e-01
8.060515422929963592e-01
3.893081493917421310e-01
-1.261347545637926393e-01
-2.637028777409074487e-01
-3.209486321451644475e-01
-3.836606195672664366e-01
-1.949570582521615303e-01
1.707926565680840392e-01
5.825885075653768341e-01
4.904859781761098381e-01
-4.187199753404449720e-01
-1.181061756339689239e+00
-8.712678636502799723e-01
-7.677098368169819886e-02
3.193421878946032244e-01
5.683860567275550446e-01
1.025607095173194372e+00
1.250570186946962759e+00
8.822297005978463336e-01
2.685922797974579779e-01
-1.431438760727201387e-01
-4.634633013628546849e-01
-7.005946642789303569e-01
-5.617890178958159231e-01
-3.692162211956065421e-01
-4.907353324388650795e-01
-6.500701615789939991e-01
-7.002636480996614621e-01
-8.332813856572337530e-01
-1.022462680357747677e+00
-8.655680851856872859e-01
-2.314626724059982710e-01
4.963290365049219388e-01
1.030820977225614943e+00
1.140447393304495849e+00
6.472061526423812383e-01
-2.059857461914071583e-02
-4.556681932360766574e-01
-7.196583020301792200e-01
-7.923570240544902665e-01
-7.048605943368451143e-01
-6.268633117188584514e-01
-6.490044916422125221e-01
-6.251374129107337696e-01
-3.856469926555901040e-01
-2.717175051184594903e-01
-6.387661839271048247e-01
-1.160218083542069678e+00
-1.124687017699997682e+00
-4.788696573835860004e-01
1.374119581445643890e-01
5.169534246980549419e-01
6.676497846828891580e-01
2.353707219322829780e-01
-3.495915968143916142e-01
-2.714877404552631379e-01
4.487301148420585334e-02
5.776826396442179962e-02
-1.151966367082989107e-02
4.720182816879163468e-02
2.904886186844742313e-01
6.270083189710826677e-01
7.586275240543010057e-01
5.360709285366521692e-01
3.253180836252101416e-01
4.251007186836143203e-01
3.667001180588039255e-01
-2.091258659929981223e-01
-9.840660902645977925e-01
-1.708957645018601257e+00
-2.261355646651737494e+00
-2.027858960057236537e+00
-7.913280435029275139e-01
3.983202190720099289e-01
8.712512720766609764e-01
1.044566806816708882e+00
9.163901568991962288e-01
3.289813514139514061e-01
1.028415885900116171e-02
7.036272782261673298e-01
2.065667702030993258e+00
2.729852547631376414e+00
2.511829031660848255e+00
1.851180559873965681e+00
1.550546300153677448e+00
1.289648693412897007e+00
9.426505210562695636e-01
8.668616435507107143e-01
9.337563723387969361e-01
8.103367657509996658e-01
6.795952394621754822e-01
1.051266277519427694e+00
1.939098678364622019e+00
2.421822867807810642e+00
1.652323449032490510e+00
-8.203254747660982948e-01
-1.587695947961511589e+00
-2.077126601988251942e+00
-1.762137682793285531e+00
-7.426197724690581925e-01
3.947434913781056598e-01
1.404052270931586133e+00
1.978665917459312640e+00
1.912274801326375062e+00
1.624709364252977961e+00
1.338063379719250934e+00
6.833079825714603039e-01
-2.046257057867439944e-01
-4.629877113072276562e-01
2.376791204772253918e-01
1.109045014849170174e+00
1.287167734565442645e+00
8.542090617436672861e-01
2.428629005871623947e-01
-2.791632450231502638e-01
-4.259222231379222734e-01
-2.685720097692991248e-01
-2.488268745830706299e-02
3.653209151711729330e-01
7.491747084638670229e-01
5.618387450923642001e-01
-3.437653473394398085e-01
-1.086689933681705078e+00
-9.178600772343831204e-01
-5.369095497345995893e-01
-9.614311694613809633e-01
-1.834530193393919761e+00
-2.249682873595554966e+00
-2.353616303404176158e+00
-2.448350835520366697e+00
-2.009017664920832669e+00
-7.066726716944171649e-01
6.002695717015956722e-01
9.665473342615685803e-01
4.978243132447864316e-01
-1.844825273588450165e-01
-5.847118719878428017e-01
-6.789024712178686194e-01
-6.694748752829539074e-01
-5.784177092991342750e-01
-2.561201868342383170e-01
4.382100082039011579e-01
1.102835991900078083e+00
1.228675702279660387e+00
8.850567703729995683e-01
3.886553220452044766e-01
1.046902662113893684e-01
4.390065381167684855e-01
1.304150030909578817e+00
1.952287790368737008e+00
1.935861640657077665e+00
1.436538666979401579e+00
6.867637734158745788e-01
-2.278996716925332233e-01
-1.033339948726162527e+00
-1.367591238650827101e+00
-1.187749529884592592e+00
-6.653803757965673915e-01
-9.187315004013897612e-02
1.830479626088803713e-01
-1.737848234746975935e-03
-6.751153636619854348e-01
-1.575773072722767010e+00
-2.028162219955576884e+00
-1.712091903659242575e+00
-8.717927340374831413e-01
-3.556284145843646716e-02
3.779921955682695178e-01
3.777864123037334987e-01
-3.675599674007799800e-02
-5.372137585892781120e-01
-3.701785085031620848e-01
2.656888390079537587e-01
4.924627471751866215e-01
1.384254820813141940e-01
-5.773861087654810209e-01
-1.355499899654236895e+00
-1.340419552803562731e+00
-2.504892764397720906e-01
7.579987824121128259e-01
9.295785667992197965e-01
7.569956347420839782e-01
6.265890587079301355e-01
6.273287928690733928e-01
7.396669577101323556e-01
5.594522301439891487e-01
-2.231393913056153588e-01
-1.079156343476444624e+00
-1.334714866477257678e+00
-1.244494404727821912e+00
-1.219731981768399587e+00
-8.577846140875040604e-01
1.295463812440145746e-01
1.170652998615169471e+00
1.611633494554653767e+00
1.401219283812812577e+00
8.512789110401253190e-01
5.913083817517488239e-01
1.169479637242045289e+00
2.087030789331095537e+00
2.421914393982302460e+00
1.937065038458520849e+00
1.151142799500541658e+00
8.738554690880533382e-01
1.304287689064181910e+00
1.688516268756402150e+00
1.565645699959831161e+00
1.263529190453909212e+00
8.650103113820996059e-01
1.540835579207119055e-01
-5.469121861320483946e-01
-6.904783954706430471e-01
-6.162250365689964093e-01
-6.998392674169375827e-01
-3.620399545243759287e-01
4.872499680556481305e-01
1.303191512612390301e+00
1.886074711608305643e+00
2.134335021030769663e+00
1.851863908833159877e+00
8.836851150219008355e-01
-3.249989198030982518e-01
-9.402285508344876419e-01
-8.936999388137534250e-01
-1.015702930550278715e+00
-1.603224037171374183e+00
-1.860724717142260065e+00
-1.488786913427434744e+00
-9.183287851113609568e-01
-4.873040078705994649e-01
-5.035861347182181147e-01
-6.960630078995325709e-01
-3.305241282102300837e-01
3.575442750222749266e-01
5.566837794568254560e-01
1.931144082616683411e-01
-8.813505403557653217e-02
2.130494617839472915e-01
5.463430692166995062e-01
8.073792627853809689e-02
-9.014497432443807634e-01
-1.416026414997758165e+00
-9.940719432465330296e-01
-9.873631318890005448e-02
3.695565158872972655e-01
2.045998495581990984e-01
-1.228889088250684491e-01
-5.855285827222143080e-01
-1.213337973470822062e+00
-1.676652156943331473e+00
-1.727072432635001320e+00
-1.371816822099068078e+00
-9.059288088269324968e-01
-6.129775482232526773e-01
-5.981416093144382717e-01
-7.630028352254151214e-01
-7.375780180524256213e-01
-5.216286284048212707e-01
-5.786980537684138781e-01
-6.951748361084196803e-01
-1.667714323330993509e-01
7.096329507039845774e-01
1.017609000765179461e+00
8.977081693603293777e-01
7.991494767897954210e-01
5.823685906991409311e-01
4.534627033892191239e-01
5.488916885435443094e-01
5.506701267791114240e-01
6.182534193550464074e-01
8.643993171978784362e-01
7.970974867966623689e-01
3.559285627292643195e-01
-2.464884731852602998e-02
-6.360733362125292611e-02
1.520050073883555675e-01
2.703690167319366400e-01
2.597896756947326580e-01
3.387291562568194858e-01
4.271810213333722683e-01
2.981909650893888597e-01
-3.708535990070794403e-02
-4.788516770610363182e-01
-8.622326281603807097e-01
-7.018545168492789088e-01
3.291689022586914010e-02
3.546517622848207596e-01
3.542334089772115197e-02
1.123291490661450370e-01
7.549470795917991861e-01
9.393709160101665345e-01
2.741099020679948484e-01
-3.206610094966918512e-01
-1.856256264951436363e-01
9.266396659494234578e-02
-1.174756069345122667e+00
-1.797450852704508995e+00
-1.724773656240276676e+00
-1.060463538861289523e+00
8.651289504163532651e-02
1.616405702848727532e+00
2.788905954059217596e+00
2.788905954059217596e+00
2.788905954059217596e+00
2.422519018339066132e+00
1.289402897796467995e+00
1.394676589971501415e-02
-1.285372784437854188e+00
-1.807004615426792249e+00
-1.144847097486785259e+00
-3.858722251153255400e-01
-5.916743933673650480e-01
-1.418192259013487222e+00
-1.941621969958134297e+00
-1.881324463080420006e+00
-1.483564352741301828e+00
-7.045923764745152251e-01
5.267696299164633666e-01
1.371367846255461931e+00
1.125189787685970666e+00
6.197770628747808486e-01
4.103137206472093901e-01
-1.913354429893086850e-01
-8.866753912044422758e-01
-6.509547532182580198e-01
2.311773796121684432e-01
8.183156895174338308e-01
5.731317913383808804e-01
-2.262095373905803064e-01
-6.567052085753427582e-01
-2.902438459105045609e-01
4.290542296017781781e-02
-2.985709821288698440e-01
-6.514880587952643909e-01
-1.793518392698454644e-01
8.802118435091951243e-01
1.472106762538861746e+00
1.220714234792341646e+00
8.900468666909366888e-01
1.029174478751742949e+00
1.136318543858738428e+00
6.366435840623954068e-01
-2.277495387647942293e-01
-6.935865017754589967e-01
-6.906083733746130049e-01
-7.162888711035294564e-01
-7.743931658902715176e-01
-6.662450793267962190e-01
-2.060445616865423657e-01
4.747791498401967569e-01
8.746933989193109715e-01
8.605852372413902440e-01
6.833066828882103927e-01
3.791614113676798903e-01
-1.269151637205156169e-01
-6.030152080688049310e-01
-7.663369505509721735e-01
-6.154653272145580445e-01
-5.168479803517820326e-01
-7.580674996288933043e-01
-1.122891812903929587e+00
-1.336584837151911342e+00
-1.333579349762153310e+00
-9.837822075708066993e-01
-2.271353309233224427e-01
5.491913468969968903e-01
9.318362594178417613e-01
6.479454512449663861e-01
-3.342764377860250047e-01
-1.106019367781361895e+00
-1.021622487467587437e+00
-7.664912724905651453e-01
-7.700081786879895418e-01
-8.324204008561975066e-01
-1.027421702226773759e+00
-1.301523678637737325e+00
-1.536645890450980101e+00
-1.835164331699021378e+00
-1.985356772121779967e+00
-1.727363259887743085e+00
-1.205884086357196905e+00
-6.386921794664790486e-01
-3.529970116881785414e-01
-7.585404995937582440e-01
-1.351702805532779994e+00
-9.675245027899372907e-01
1.371107345207878969e-01
7.386989032572891523e-01
7.351193412571932484e-01
6.386500655153166672e-01
4.735151323930144041e-01
1.920213082699251395e-01
-6.154844158368933012e-03
-1.052930182003111864e-01
-9.140526528758778635e-02
1.596770397104958217e-01
4.053494363768856967e-01
2.194358822424596622e-01
-1.505649757886672914e-02
2.646544217267723376e-01
6.506937521169066097e-01
7.253675304608722119e-01
5.042834054917323394e-01
2.694819627843590970e-01
3.908496440488921642e-01
8.203222065843418509e-01
1.409763549042716280e+00
1.885273599781029485e+00
1.861640373522924552e+00
1.558999327386157763e+00
1.414273463484915450e+00
1.472628624072234160e+00
1.472628120055284873e+00
9.759352328969286283e-01
1.621408134511548860e-01
-2.195138268584250762e-01
-1.047462559029566226e-01
3.322176180182767058e-01
8.624548713372187647e-01
6.995396869022459940e-01
-2.461685962929232585e-01
-1.092229170747016198e+00
-1.181531221790772967e+00
-5.406731591723413777e-01
-2.674970612952053822e-02
-2.689231723672485530e-01
-8.434816260402340227e-01
-9.428089820295616486e-01
-1.965570693848442962e-01
7.774066526404408428e-01
1.110147648951661292e+00
4.460545915279623963e-01
-7.396911021029165534e-01
-1.253429371154761940e+00
-6.932646304366513190e-01
1.081454996217451753e-01
6.112030504645995510e-01
8.450173928540949397e-01
9.586825655050632555e-01
1.342972826953424681e+00
1.929378325524237381e+00
1.999401670284398191e+00
1.240037289274076304e+00
3.739965292290807763e-01
2.725712422996001694e-01
7.761720803815975733e-01
1.136018410482550589e+00
1.049151904453948125e+00
6.951856718391261625e-01
1.886046194712731605e-01
-9.768331906326968572e-02
4.200100484286060087e-01
1.127670340205971344e+00
9.838490756058579922e-01
2.654340998826273390e-01
-4.144897531673328861e-01
-1.032589806914633535e+00
-1.537273434270753691e+00
-1.401682425848903124e+00
-6.777688436611306599e-01
-7.537855474260998778e-02
2.767882118497771438e-01
-9.240852947628001163e-03
-1.323732644722687812e+00
-2.452939551090989045e+00
-2.147053310518479474e+00
-1.187189718875831801e+00
-6.967335938591288080e-01
-4.344052762527939038e-01
-2.396353962008678784e-01
-4.022921264522241191e-01
-3.985249699714095151e-01
1.097151996706699911e-01
6.636070761987408195e-01
1.022737896868874952e+00
1.000198218073307332e+00
3.597050006897598573e-01
-2.744295619185395663e-01
-3.339532038469964492e-01
-2.572078645898602245e-01
-1.782663826441457100e-01
5.442196106024498048e-02
1.044428955376679735e-01
-1.919838204317355634e-01
-4.348866620998465549e-01
-3.843771622081681993e-01
-4.425598441998585542e-01
-6.809747789611966251e-01
-5.375919143461581617e-01
6.784267695071503901e-02
7.140324602715171221e-01
1.205445481570452726e+00
1.470978813327187940e+00
1.234455260997725290e+00
5.753831678808156713e-01
-7.133320012648456387e-01
-1.262069985103348113e+00
-1.072639566175827674e+00
-7.954722264752918381e-02
6.478137371712839876e-01
2.441208733970582911e-01
-9.536118722798253566e-02
6.838085858645954751e-01
1.664349456936393246e+00
2.045036686110349944e+00
1.712565501758131381e+00
5.275034209550455433e-01
-1.195970209429304321e+00
-2.597760869832126396e+00
-2.730182030057557885e+00
-2.355189311422743792e+00
-1.185017891138615997e+00
-4.264747606649879619e-01
-6.295713900720621981e-01
-1.344286862238147418e+00
-1.739900448771231734e+00
-1.489671971455220900e+00
-9.785094897506437794e-01
-7.054287171592505956e-01
-4.498443248079622703e-01
1.518335449674661775e-01
7.461302339509796600e-01
7.855921746356421265e-01
4.956606350596306498e-01
5.948381042112078632e-01
7.474940651201246178e-01
1.767299276253683216e-01
-5.427688053291309656e-01
-5.439260654892001945e-01
-1.976882274907673098e-01
-2.818535022086952058e-01
-7.659262434213160997e-01
-1.231676169526510822e+00
-1.420583887468158668e+00
-1.241485022883489053e+00
-7.526901677117063816e-01
-8.493988440640797000e-02
5.667479039977439959e-01
8.697452149909363772e-01
6.940520728704628883e-01
2.873672706984002345e-01
-1.112066722331595536e-01
-2.706280851407653620e-01
-1.201213404334195989e-01
-1.536295437105098804e-01
-5.838678658867221261e-01
-6.673989652453578003e-01
3.148958591338858054e-02
7.272913188816986230e-01
1.031917430885642029e+00
1.228099320400054539e+00
6.868864736434356910e-01
-7.094542809445626430e-01
-1.616353330134319144e+00
-1.461965073371481516e+00
-9.355580298558916486e-01
-6.264112157772937506e-01
-4.584228586927068805e-01
9.672597548125622113e-02
1.182312682505915813e+00
1.973473422604950622e+00
1.859420049684476606e+00
1.166256120896452586e+00
2.284955878647813854e-01
-7.009491915243903915e-01
-1.453348618270143389e+00
-2.001578008797796571e+00
-2.142380113702197608e+00
-1.827459989257734563e+00
-1.360768264263001903e+00
-1.160017019270194405e+00
-1.566728984027465410e+00
-2.082001689832620350e+00
-1.698223642059056182e+00
-5.445133793744052486e-01
4.239910852977559208e-01
8.365164101355321291e-01
8.105704621901174134e-01
3.971924687993024228e-01
-1.105814469013437634e-01
-3.810474912197209241e-01
-4.901049734162171156e-01
-3.176062390590013718e-01
3.521407353943343255e-01
1.134219290956504311e+00
1.474040606298182121e+00
1.426364483361513669e+00
1.397663636721247160e+00
1.450493294853496984e+00
1.344930495519230051e+00
1.083781835871070909e+00
8.034436673594445022e-01
4.012388790319261767e-01
-1.813398859497439841e-01
-8.943106738097252872e-01
-1.479086658630193174e+00
-1.461353795089630925e+00
-1.093487229802309502e+00
-1.032124615631279108e+00
-1.345663315471711918e+00
-1.441424719643830787e+00
-6.130205346964291424e-01
6.960124862602542484e-01
1.165707307575726936e+00
7.398759596448656328e-01
2.198767369755228740e-01
-1.845324735492723522e-01
-3.138205354845559070e-01
8.844308143319792176e-03
2.952061443463845913e-01
-3.238176701715846095e-02
-6.054892772202514761e-01
-6.139605839826001166e-01
-1.161688751607430209e-01
8.638459277782294110e-02
1.888155583992529724e-02
3.856507580490462495e-01
1.016717001836845435e+00
1.308556608125427179e+00
1.238349719455539732e+00
1.012551688498143143e+00
6.048520424701480103e-01
1.723139849369916821e-01
1.561342492989783171e-01
6.071399385410718441e-01
1.019170211238404455e+00
9.274343323246502235e-01
3.170065399609269252e-01
-5.511169306493822750e-01
-1.010335617182359647e+00
-5.176432351178583691e-01
3.695810141455915243e-01
9.637098247297364306e-01
1.253333712841907088e+00
1.241605908532357638e+00
8.437940978457346697e-01
4.682219800412293909e-01
8.250179580760236275e-01
1.509981148323318534e+00
1.426443945043217809e+00
9.023935103179954176e-01
7.461102311492676664e-01
8.256228483026868403e-01
7.260782789548515526e-01
1.837096983777015621e-02
-1.295651404008944185e+00
-2.233220059059909168e+00
-1.933802125826243223e+00
-8.406219858840029424e-01
-2.454560172212119640e-01
-4.633613401701054957e-01
-6.076694053763438408e-01
-3.600157648601947646e-01
-1.522737914773381884e-01
-2.584050939256081758e-01
-7.407186581142198856e-01
-1.269190445367445852e+00
-9.638334237947784322e-01
1.114501470666871552e-01
7.776006346647097445e-01
5.379103929167344811e-01
3.106623339473073980e-02
-2.460301350879003923e-01
-4.578086895121931121e-01
-5.301220752008080073e-01
-2.106545941371790187e-01
2.859754016928808817e-01
7.622012227751736591e-01
1.216225573300106610e+00
1.388467314875494685e+00
1.150486877789450579e+00
9.966440647490165672e-01
1.280423165421324283e+00
1.619918285430861804e+00
1.588335639676863531e+00
1.040406559602009118e+00
2.101241187231445984e-01
-2.950573671273594711e-01
-2.579554755491867413e-01
-1.015376813352917990e-01
2.772785008463979906e-01
1.023135409888647818e+00
1.340851973615935666e+00
9.245065643531997779e-01
4.201550435345770551e-01
1.344285639567886215e-01
-2.638287173427316668e-01
-7.915830796890225285e-01
-8.340173601979725682e-01
-2.350692412016437416e-01
5.160287089709677533e-01
9.798566161468760249e-01
1.080867711566258604e+00
1.013325184810748070e+00
7.268209480291280000e-01
-7.477205128285324687e-01
-6.629218647824419719e-01
3.829904475453499990e-01
1.630287912857115051e+00
2.080961968994234468e+00
1.346889446909367516e+00
-6.514461966548440279e-03
-1.107697351831438581e+00
-1.446263130604004798e+00
-9.756372146422009894e-01
-2.073987726391820774e-01
2.236211258454489093e-01
3.358115376853770817e-01
6.894278997653816576e-01
1.356066730539070120e+00
1.755090174138657089e+00
1.348659937184744306e+00
3.596399846454562677e-01
-3.656284230279378544e-01
-5.203903141658565712e-01
-2.768217062053719424e-01
2.551174835230886062e-01
6.096631123329860902e-01
6.043578079968057182e-01
6.880837477087726750e-01
9.624590958480992997e-01
1.392724049114169915e+00
1.863494968046631728e+00
1.955569922791384974e+00
1.546844850568771745e+00
1.044710382566549578e+00
9.097670572430031077e-01
1.144325608327812605e+00
1.137073092834447241e+00
4.682159831409005712e-01
-4.158448639382643086e-01
-8.795289579095630916e-01
-1.048574585869993303e+00
-1.369238256243223040e+00
-1.547381052669330792e+00
-1.395239550712002119e+00
-1.117465077071876589e+00
-4.537544571791323200e-01
4.456354521222866127e-01
1.054459019129247999e+00
1.066837969011065645e+00
4.372469324222381659e-01
-1.461224781944582829e-01
-1.178280161186584241e-01
1.942582681367877595e-01
3.282823646246386118e-01
1.538727706911864890e-01
5.171222579377586330e-03
4.713961595183120412e-01
1.395844286212648111e+00
1.830456636834646433e+00
1.100332966382066680e+00
-2.621743787171489370e-01
-9.162724315491270755e-01
-2.173538930792200119e-01
9.870801364619674612e-01
1.650159862180630821e+00
1.974096706578408744e+00
2.278139985672250400e+00
2.010838533194287514e+00
1.129176002072657781e+00
6.518678581482739709e-01
9.003551361749259074e-01
9.047512035325849800e-01
3.571937163414696248e-01
-1.036896262668607072e-01
-4.431706955919360036e-01
-9.300049092857740618e-01
-1.426566901797317710e+00
-1.723480229256792784e+00
-1.735626426005954182e+00
-1.594153893760812180e+00
-1.521692090100608130e+00
-1.327034171205991209e+00
-9.117924791016334130e-01
-6.612542064034893086e-01
-5.067242742171739200e-01
-2.053210155058683983e-01
2.108619091803617257e-02
-1.102531433736434197e-01
-5.245568514861190801e-01
-8.465506884900053652e-01
-9.790172651404122073e-01
-1.210167942135430108e+00
-1.502283924348350119e+00
-1.614573599337266074e+00
-1.421591531017022181e+00
-8.328312244190213542e-01
-1.839735238755439151e-01
1.633035169491674765e-01
3.762189338508639680e-01
4.455673172505534851e-01
3.085326913915714675e-01
2.986328986883898459e-02
-3.837056578775908111e-01
-4.332660790015894214e-01
2.747356602066425291e-01
1.111997538713505707e+00
1.353556480564761966e+00
1.213994140836763602e+00
1.046453204063512166e+00
4.225224099962069380e-01
-7.769716519463957249e-01
-1.532635393192361528e+00
-1.233123026934980215e+00
-5.456709663076683148e-01
-4.021199038704008077e-01
-1.035000678918870376e+00
-1.686339225054529711e+00
-1.361492031418156223e+00
-2.319679601288403281e-01
5.753640304720202270e-01
5.014555147025940851e-01
3.918084133442154698e-02
-4.233104590195375105e-01
-1.238975176722859395e+00
-2.223626225135128642e+00
-2.349954735106399184e+00
-1.368186465862487156e+00
-4.259582254872807394e-01
-4.260114294482620356e-01
-1.014796361710436523e+00
-1.275447659564582503e+00
-8.038089944059374492e-01
-2.184565883951033322e-02
5.259608898539398503e-01
7.379126262380895085e-01
9.284526935402775960e-01
1.247342552754217015e+00
1.311775487283865393e+00
1.046423039128895338e+00
8.170464554470429075e-01
6.812853383231360915e-01
6.471977703312590258e-01
5.894111490683667798e-01
2.117172126206570970e-01
-3.823271082242760133e-01
-8.004246584205820803e-01
-8.584362592111172141e-01
-6.315669462346715779e-01
-2.472746511906298850e-01
-3.194945819344276183e-02
-1.542099869973004474e-02
2.244419195274054424e-01
6.015267227473169998e-01
7.421988047341182559e-01
6.142179122830587756e-01
3.775768107183483657e-01
3.765211422375414618e-01
6.860990793382480968e-01
9.220625598568684689e-01
9.442256776112490924e-01
8.852102700063848584e-01
8.859972396559441243e-01
9.503380830503437293e-01
1.074915718011395516e+00
1.319408843783749896e+00
1.367992187225381517e+00
7.225438108481855304e-01
-2.406563308425664904e-01
-8.934673922539543289e-01
-1.324490025184190234e+00
-1.299985829490264644e+00
-4.863071550724076819e-01
3.076174914476204614e-01
3.023875510538902578e-01
-2.423477201574923967e-01
-9.979058315227348208e-01
-1.690360355933660408e+00
-1.896194562615711288e+00
-1.695884651217648864e+00
-1.168653449411499956e+00
-5.446457528561968187e-02
1.055301885372683879e+00
1.088583900573211638e+00
3.917258745980134460e-01
5.603825270400203395e-02
-2.753405433121589030e-02
-4.939796206944401247e-01
-1.263298038528875455e+00
-1.714393448425054256e+00
-1.597212190290256295e+00
-1.106084406122983754e+00
-5.930201082123712775e-01
-5.601409930773666446e-01
-9.513528969000656366e-01
-9.754704576359131130e-01
-2.261098011368893324e-01
6.361878964294438443e-01
9.101723295226026300e-01
7.747423666605109949e-01
6.722426168421973269e-01
6.575902609407281441e-01
4.612581198887633627e-01
1.242204849859688265e-01
