12.483750000000000124e-01
5.044760000000000355e-01
3.171539999999999915e-01
-6.962609999999999633e-02
-4.737870000000000137e-01
-8.942529999999999646e-01
-1.308340000000000058e+00
-1.501609999999999889e+00
-1.147590000000000110e+00
-4.978199999999999847e-01
-2.169399999999999940e-01
-2.183799999999999908e-01
4.673259999999999914e-02
7.575229999999999464e-01
1.569479999999999986e+00
1.702909999999999924e+00
8.288640000000000452e-01
-4.382550000000000057e-01
-1.383320000000000105e+00
-1.642619999999999969e+00
-1.040519999999999889e+00
1.960649999999999893e-01
1.133780000000000010e+00
1.154160000000000075e+00
6.079210000000000447e-01
-1.045890000000000014e-01
-7.375509999999999566e-01
-1.124810000000000088e+00
-1.342140000000000111e+00
-1.571439999999999948e+00
-1.877960000000000074e+00
-2.140670000000000073e+00
-1.970539999999999958e+00
-1.265079999999999982e+00
-4.533829999999999805e-01
2.075440000000000063e-01
6.950279999999999792e-01
7.663710000000000244e-01
6.435130000000000017e-01
8.701160000000000005e-01
9.189610000000000278e-01
3.857999999999999763e-01
-2.188479999999999939e-02
2.836359999999999923e-02
1.587530000000000052e-01
-3.729640000000000039e-02
-7.000589999999999868e-01
-1.394109999999999960e+00
-1.426320000000000032e+00
-8.714950000000000196e-01
-5.133969999999999922e-01
-4.284769999999999968e-01
-2.095940000000000025e-01
-1.142569999999999975e-01
-2.628099999999999881e-01
-2.452699999999999880e-01
7.004689999999999528e-02
4.469870000000000232e-01
7.663429999999999964e-01
1.078289999999999971e+00
1.333979999999999944e+00
1.376230000000000064e+00
1.320519999999999916e+00
1.414630000000000054e+00
1.519930000000000003e+00
1.340149999999999952e+00
9.965659999999999519e-01
1.042510000000000048e+00
1.700120000000000076e+00
2.461440000000000072e+00
2.550559999999999938e+00
2.550559999999999938e+00
2.036360000000000170e+00
1.135280000000000067e+00
3.766869999999999941e-01
-3.746200000000000085e-01
-8.629449999999999621e-01
-7.737549999999999706e-01
-6.212309999999999777e-01
-9.436510000000000176e-01
-1.362409999999999899e+00
-1.299230000000000107e+00
-8.421480000000000077e-01
-5.195629999999999971e-01
-4.528739999999999988e-01
-2.100200000000000122e-01
2.844920000000000226e-01
6.590380000000000127e-01
7.860859999999999514e-01
8.301960000000000450e-01
1.148640000000000105e+00
1.658009999999999984e+00
1.275879999999999903e+00
-4.484670000000000045e-01
-2.041430000000000078e+00
-2.025020000000000042e+00
-9.224459999999999882e-01
-4.086730000000000085e-01
-9.963079999999999714e-01
-1.365850000000000009e+00
-5.978210000000000468e-01
6.450200000000000378e-01
1.624919999999999920e+00
1.856789999999999941e+00
8.553129999999999900e-01
-7.027269999999999905e-01
-1.477530000000000010e+00
-1.257149999999999990e+00
-9.072879999999999834e-01
-9.419669999999999987e-01
-9.753359999999999808e-01
-6.036439999999999584e-01
-4.213700000000000084e-02
2.817609999999999837e-01
2.365569999999999895e-01
3.270359999999999934e-02
3.815319999999999823e-02
3.048660000000000259e-01
5.257990000000000164e-01
3.837700000000000000e-01
-5.666349999999999859e-02
-3.225750000000000006e-01
-4.719200000000000061e-01
-6.623149999999999871e-01
-3.843570000000000042e-01
3.121149999999999758e-01
6.952500000000000346e-01
5.745789999999999509e-01
1.718699999999999950e-01
-2.650480000000000058e-01
-4.989680000000000226e-01
-3.494019999999999904e-01
2.888600000000000056e-01
1.028089999999999948e+00
1.289679999999999938e+00
9.959240000000000315e-01
4.304350000000000120e-01
-9.165589999999999848e-02
-5.781669999999999865e-01
-1.030059999999999976e+00
-1.119029999999999969e+00
-7.334800000000000209e-01
-1.428639999999999910e-01
1.562459999999999960e-01
3.994840000000000196e-02
1.544979999999999964e-02
1.709720000000000129e-01
9.519189999999999596e-02
-3.741530000000000133e-01
-8.287080000000000002e-01
-6.710030000000000161e-01
-2.610679999999999945e-02
4.954200000000000270e-01
6.532139999999999613e-01
5.315459999999999630e-01
1.469620000000000093e-01
-5.170329999999999648e-01
-1.070060000000000011e+00
-1.160819999999999963e+00
-9.707379999999999898e-01
-4.910149999999999793e-01
4.389950000000000241e-01
1.227999999999999980e+00
9.325200000000000156e-01
-1.161770000000000025e-01
-6.773259999999999836e-01
-3.649299999999999766e-01
2.687539999999999929e-01
6.198609999999999953e-01
5.635109999999999841e-01
5.654649999999999954e-01
9.654430000000000511e-01
1.211489999999999956e+00
9.200270000000000392e-01
5.794620000000000326e-01
2.327929999999999999e-01
-4.548769999999999758e-01
-1.121189999999999909e+00
-1.328959999999999919e+00
-1.203310000000000102e+00
-8.729419999999999957e-01
-6.636419999999999542e-01
-1.172230000000000105e+00
-1.700690000000000035e+00
-1.149620000000000086e+00
-7.372360000000000024e-02
7.762879999999999781e-01
1.357189999999999896e+00
1.198020000000000085e+00
3.745189999999999908e-01
3.430960000000000121e-01
-7.031650000000000400e-02
-3.777090000000000169e-01
-3.139979999999999993e-01
-1.321199999999999875e-01
1.599619999999999931e-01
6.714120000000000088e-01
9.162529999999999841e-01
2.797890000000000099e-01
-1.019309999999999938e+00
-1.952930000000000055e+00
-1.788100000000000023e+00
-9.163550000000000306e-01
-3.977849999999999997e-01
-4.906739999999999990e-01
-2.577820000000000111e-01
5.302940000000000431e-01
1.180160000000000098e+00
1.605280000000000040e+00
2.044950000000000045e+00
2.326560000000000183e+00
2.332860000000000156e+00
1.987840000000000051e+00
1.175380000000000091e+00
3.327320000000000277e-01
-7.519579999999999320e-02
-1.459419999999999884e-01
-2.834380000000000233e-01
-4.964319999999999844e-01
-3.603439999999999976e-01
1.393050000000000122e-01
5.530869999999999953e-01
4.991979999999999751e-01
3.664720000000000200e-01
7.611649999999999805e-01
9.111200000000000410e-01
-7.545309999999999517e-02
-1.283530000000000060e+00
-1.641070000000000029e+00
-1.068689999999999918e+00
3.705289999999999973e-01
1.929470000000000018e+00
2.319370000000000154e+00
1.742070000000000007e+00
1.296140000000000070e+00
1.102530000000000010e+00
9.020679999999999810e-01
6.112319999999999975e-01
1.077749999999999958e-01
-6.186829999999999830e-01
-1.428569999999999895e+00
-2.071590000000000042e+00
-2.368020000000000014e+00
-2.483579999999999899e+00
-2.406960000000000210e+00
-1.830570000000000030e+00
-9.240500000000000380e-01
-3.658790000000000098e-01
-6.579589999999999606e-01
-1.457473000000000019e+00
-1.848929999999999962e+00
-1.668719999999999981e+00
-1.167059999999999986e+00
-3.008100000000000218e-01
5.193290000000000406e-01
7.020220000000000349e-01
5.094189999999999552e-01
6.106139999999999901e-01
8.618529999999999802e-01
8.406510000000000371e-01
8.214860000000000495e-01
8.481539999999999635e-01
4.294939999999999869e-01
-3.381170000000000009e-01
-8.316599999999999548e-01
-7.436369999999999925e-01
-3.259799999999999920e-01
-1.738830000000000098e-01
-6.126930000000000431e-01
-1.042650000000000077e+00
-7.111979999999999968e-01
1.913209999999999911e-01
6.350270000000000081e-01
2.028639999999999888e-01
-3.143119999999999803e-01
-3.783699999999999841e-01
-3.674769999999999981e-01
-4.955620000000000025e-01
-3.914489999999999914e-01
1.499830000000000052e-01
6.466260000000000341e-01
4.981459999999999777e-01
8.844649999999999734e-02
1.138620000000000049e-01
2.479570000000000107e-01
1.799229999999999996e-01
3.796809999999999907e-01
1.121129999999999960e+00
1.728339999999999987e+00
1.665110000000000090e+00
1.407319999999999904e+00
1.246930000000000094e+00
9.610020000000000229e-01
4.532919999999999727e-01
-2.943330000000000113e-01
-9.524839999999999973e-01
-9.261869999999999825e-01
-3.070740000000000136e-01
2.701160000000000228e-01
4.519259999999999944e-01
